66.5683 -24.9089 0
29.4506 -79.9887 0
144.188 -80.5332 0
141.011 -112.738 0
133.274 -96.3012 0
54.5413 -77.9599 0
121.189 -45.6984 0
85.1248 -20.8389 0
202.929 32.119 0
71.4528 109.391 0
116.815 72.9326 0
93.0229 66.7226 0
86.3733 61.898 0
88.7508 -63.1893 0
130.534 -110.864 0
251.325 -153.108 0
284.516 -246.602 0
316.154 -312.157 0
365.788 -331.529 0
365.334 -290.295 0
350.275 -241.349 0
346.935 -200.828 0
331.169 -203.045 0
290.266 -135.889 0
298.693 -162.093 0
338.232 -89.7492 0
259.799 55.0681 0
309.137 21.8716 1
527.953 -209.742 1
477.873 -196.901 0
476.782 -262.523 0
499.104 -257.193 0
503.931 -273.257 0
500.458 -251.563 0
500.645 -368.53 0
553.249 -467.582 0
668.152 -636.009 1
674.955 -636.178 0
685.982 -558.112 0
678.363 -508.916 1
696.711 -512.525 1
776.684 -550.791 0
689.705 -492.297 0
702.018 -383.005 0
693.686 -350.531 0
698.817 -293.834 0
763.411 -292.542 0
870.355 -311.043 0
862.135 -235.885 0
770.925 -110.025 0
705.961 -27.8807 0
641.089 158.192 0
486.245 655.834 1
1100.83 -630.461 0
