-10.2357 1.1495 0
44.9904 80.6348 0
53.1921 63.2348 1
41.2378 81.7003 1
-34.7674 99.8574 0
-42.637 89.6116 0
-35.1138 148.62 0
-50.8211 169.223 0
-50.8909 166.532 0
-58.6029 230.204 0
-29.5057 196.375 1
-37.2626 150.008 1
131.683 201.724 0
122.782 242.475 0
130.535 254.818 0
136.853 296.726 0
145.291 337.903 1
366.609 113.456 1
370.067 63.6968 0
207.61 128.338 0
257.478 -14.0368 0
294.78 -70.6013 0
437.687 -262.759 0
304.897 -231.144 0
216.685 -198.937 0
185.213 -170.726 0
138.459 -92.911 0
165.408 -107.5 0
614.147 -232.889 0
632.714 -256.086 0
644.254 -256.135 0
701.168 88.8314 0
726.562 54.4794 0
710.979 49.062 0
751.146 60.6993 0
654.835 176.594 0
644.568 274.188 1
370.04 94.1649 0
321.046 184.363 1
332.454 303.035 0
348.953 317.123 0
288.749 329.875 0
258.589 340.922 0
184.921 324.269 0
206.426 303.184 1
376.775 42.3703 1
399.05 31.0657 0
288.664 -5.91482 0
303.778 -32.9553 0
360.163 -31.854 0
368.002 -61.0363 0
-220.075 -226.887 0
-12.3858 -187.421 0
49.9798 -253.045 1
-155.358 -320.014 1
-131.316 -309.833 1
-2090.97 -89.6298 1
-2096.34 -84.9289 0
-2096.19 -94.6755 0
-2090.6 -63.4392 0
-2091.5 -64.4824 0
-2086.94 -80.5624 1
-1169.85 -85.208 1
-1152.55 -61.0881 0
-769.939 -332.894 0
-806.989 -298.967 0
-776.2 -312.647 0
-742.64 -290.124 0
-721.453 -278.323 0
-681.68 -280.335 0
-56.6365 -1013.76 0
-47.7209 -1087.08 0
