-7.73844 11.3198 0
-11.8894 25.3257 0
75.3187 131.35 1
187.732 81.6176 0
202.005 74.5398 1
210.259 597.797 0
72.0147 503.196 0
156.961 495.925 0
173.812 482.207 1
434.2 71.2782 1
471.932 93.6647 0
464.97 195.431 0
451.276 312.018 0
451.663 370.155 0
364.354 134.328 0
564.367 -7.73238 0
592.39 -47.7422 0
611.871 -95.551 0
545.665 -63.5648 0
540.804 -1.97121 1
306.296 -77.9676 1
597.639 206.868 0
462.773 252.789 0
357.671 384.169 0
263.475 412.455 0
-123.378 443.738 0
-105.085 412.955 0
-100.49 422.062 0
-128.116 444.375 0
-121.771 431.761 0
-147.428 492.497 0
-167.977 555.957 0
-204.589 612.033 0
-467 908.976 0
-492.352 933.367 1
-492.096 901.97 1
-665.122 962.386 0
-643.284 1013.63 0
-97.3058 780.104 0
255.635 640.189 0
175.462 653.014 0
118.296 690.512 0
29.9728 740.711 0
17.4985 703.479 0
-42.2275 725.116 0
-50.9665 721.046 1
-144.324 711.191 1
-134.887 764.286 0
-131.828 782.747 0
-107.072 810.52 1
3310.12 1282.93 1
3325.76 1226.18 0
