-75.6385 61.7219 0
-89.6838 111.064 0
-57.9915 123.343 0
-45.5965 123.04 0
-57.8916 96.0334 0
-26.3943 67.5609 0
-22.4869 7.1745 0
5.18125 -26.9025 0
24.2509 11.7335 0
30.8744 3.99643 0
-6.61634 37.7649 0
-60.4955 58.0763 0
-60.9946 129.687 0
50.9647 -4.95148 0
83.9145 -6.41062 0
122.141 -14.0043 0
139.965 -41.8106 0
282.885 43.6968 0
224.584 179.313 0
198.996 235.147 0
279.097 252.996 0
780.384 -11.9055 0
763.59 93.6641 0
737.311 130.807 0
863.41 17.5499 0
1248.34 -1037.17 0
1254.57 -1022.24 0
768.043 -732.711 0
596.758 -701.489 0
584.323 -633.628 1
21656.1 -4041.19 1
21673.2 -4531.88 0
21704 -4560.97 0
21690.7 -4466.97 0
21641.6 -4508.33 0
22014.6 -4830.65 0
21763.8 -4731.18 0
21851.1 -4680.08 0
22166 -4522.96 0
22194.4 -4493.4 0
22246.9 -4476.04 0
22237 -4623.96 0
22032.3 -4406.33 1
21979.1 -4837.17 0
22104.5 -4810.03 0
22211.5 -4741.2 0
22115.9 -4732.78 0
22059.8 -4731.74 0
22010.5 -4747.77 0
21997.7 -4754.87 0
22128.1 -4728.06 0
22494.9 -4881.01 1
22488.9 -4881.84 0
22450.1 -4896.87 0
22437.5 -4953.94 0
22460.7 -4971.64 0
22495.3 -4983.65 0
22520.3 -4981.56 0
22562.3 -4972.76 0
22615.7 -4999.05 0
22576 -4914.84 0
22598.3 -4946.27 0
22679.1 -4957.19 0
22704.1 -4998.74 0
22695.6 -4961.95 0
