-0.136589 22.8345 0
-9.20523 7.78233 0
27.2566 27.0912 1
-75.2941 -435.474 1
-98.5134 -509.136 0
-142.576 -579.218 0
-108.053 -604.242 0
-109.703 -752.563 0
-125.5 -838.237 0
-97.4787 -888.903 0
-3.07435 -831.427 0
15.6538 -802.107 0
57.9017 -791.269 1
-606.917 -646.402 1
-608.032 -618.679 0
-1356.6 -782.751 0
-1363.83 -779.562 0
-1413.72 -787.474 0
-1411.21 -711.486 0
-1241.2 -561.43 0
-1240.45 -611.996 0
-1226.87 -653.775 0
-1236.73 -644.143 1
-576.852 -566.769 1
-583.948 -604.829 0
-578.482 -684.725 0
-565.627 -639.386 0
-564.029 -506.776 0
-537.731 -409.419 0
-505.604 -287.263 0
-549.87 -202.444 0
-592.856 -196.354 0
-599.124 -160.917 0
-616.958 -63.2222 0
-611.521 -129.27 0
-645.476 -108.88 0
-499.902 -85.588 0
-514.769 177.32 0
-475.1 199.267 1
-473.52 328.758 1
-471.29 334.494 0
-489.195 387.64 0
-460.16 384.617 0
-473.022 163.752 0
-428.037 111.871 1
-407.276 203.26 1
-389.947 231.38 0
-338.948 267.465 0
-313.658 256.453 0
-296.451 236.037 1
-400.97 348.607 1
-479.253 423.876 0
-451.975 485.356 0
-496.353 560.673 0
-625.052 707.245 0
-587.259 667.226 1
1023.03 206.139 1
1024.22 121.625 0
945.263 150.167 0
893.455 69.8392 0
696.821 108.884 0
651.448 172.663 0
666.542 290.751 0
682.907 309.839 0
679.594 326.461 0
638.638 197.297 0
666.572 187.093 0
694.288 174.694 0
844.511 212.041 0
565.8 287.066 0
540.683 331.369 0
544.595 360.442 0
383.37 506.846 0
391.608 459.413 0
437.64 523.532 1
421.54 524.333 1
452.977 576.999 0
417.608 546.709 0
708.529 418.267 0
1452.05 -1002.78 1
1459.22 -1062.93 0
1445.67 -1100.36 0
1435.73 -1097.04 0
1433.98 -1090.42 0
1390.45 -1136.09 0
1379.79 -1109.27 0
1358.22 -1049.39 0
1338.84 -1027.93 0
1296.82 -961.925 0
1213.19 -945.683 0
1209.23 -926.84 0
1211.18 -885.095 0
1246.54 -805.944 0
1210.93 -806.872 1
1950.73 -2612.76 1
1954.26 -2121.05 0
