-35.7069 18.2212 0
-38.3914 16.6578 0
-40.8718 50.1666 0
-60.56 82.9129 0
-81.7947 62.2992 0
-22.6405 106.693 0
101.948 103.099 0
130.332 118.638 0
94.5787 131.35 0
11.7152 146.155 0
48.7622 189.382 0
136.829 165.978 0
146.386 153.044 0
174.713 150.897 0
34.7227 193.904 0
150.159 115.389 0
173.968 76.8418 0
207.639 111.045 0
215.286 235.613 0
232.652 213.974 1
636.146 -279.416 1
635.809 -281.323 0
635.335 -307.833 0
741.104 -374.426 0
704.916 -359.849 0
760.539 -400.547 0
746.964 -479.044 0
810.49 -535.112 0
870.328 -532.884 0
783.147 -520.309 0
755.384 -524.453 1
1314.44 -73.9512 1
1267.21 80.4122 0
1270.08 92.5339 0
1073.9 111.759 0
814.065 332.755 0
873.542 339.438 0
1050.71 330.914 0
1210.13 254.129 0
640.014 970.167 0
751.787 976.884 1
826.305 916.802 1
850.717 891.2 1
980.958 904.797 1
-267.916 721.311 0
-286.619 705.774 0
-225.615 626.593 0
-200.612 626.14 0
-169.291 651.567 0
32.1665 707.692 0
12.9049 621.086 0
-479.741 467.939 0
-484.785 454.271 0
-482.908 449.854 0
-751.254 463.578 1
-729.03 456.312 1
1280.17 -274.03 1
1257.42 -291.46 0
1289.39 -291.492 0
1202.85 -176.19 0
1329.66 -155.757 0
1324.74 -115.976 0
1314.51 -42.3415 0
1963.64 -117.901 0
1957.22 -149.277 0
1947.97 -143.892 0
1755.33 191.441 0
1700.8 167.153 0
1720.19 179.781 0
2467.81 58.3868 1
2500.18 87.1088 0
2144.89 350.738 0
2153.18 356.038 0
2122.66 340.061 0
-999.45 1895.26 0
-1089.67 1965.27 1
-1063.67 1976.46 1
-1589.49 2319.82 0
-1587.06 2346.25 0
-1580.2 2362.61 0
-1552.12 2370.2 1
-1634.83 2379.16 1
-1662.21 2382.02 0
-1712.12 2384.2 0
-1724.73 2393.17 1
-1736.11 2420.05 1
-1690.97 2761.5 0
