-88.2394 35.2136 0
-72.4879 82.2242 0
-73.8165 147.875 0
263.977 -3.09402 0
278.399 -1.93031 0
343.41 37.3938 0
446.148 103.914 0
425.649 114.141 0
117.568 34.0256 1
1242.88 61.7488 1
1332.77 -37.6564 0
1342.43 -82.1115 0
1334.52 -158.167 0
1312.93 -230.55 0
1266.42 -328.796 0
1449.08 -63.9564 0
1408.96 -44.8275 1
1360.31 287.943 1
1377.43 356.926 0
1357.56 367.444 0
1330.06 380.224 0
1228.77 282.98 0
1258.42 186 0
1257.02 169.437 1
1260.2 183.1 1
1300.42 177.056 0
1400.45 90.5197 0
944.117 322.123 0
883.43 469.432 0
911.606 508.405 0
881.477 481.154 0
1230.35 340.333 0
1273.04 381.246 0
1225.48 193.049 0
1169.82 177.386 0
1176.22 177.31 0
1197.61 198.431 0
1217.62 197.827 0
1237.37 192.148 0
1266.44 178.994 0
1262.17 160.81 0
4773.32 -928.443 0
4771.83 -943.441 0
4776.07 -959.415 0
173.074 -5227.52 0
136.976 -5233.37 0
150.89 -5223.28 0
114.115 -5126.84 0
50.7088 -5143.99 0
-336.925 -5105.49 0
16.8595 -4590.95 0
4818.75 -3753.23 0
