24.13 3.25292 0
45.6394 -35.581 0
50.3831 -79.5407 0
79.5347 -169.588 0
60.6109 -250.916 0
-47.1934 -234.046 0
-100.223 -204.336 0
-112.385 -169.059 0
-93.7482 -81.7666 0
-72.2559 -71.5187 0
-8.74334 -80.2255 0
113.834 -39.2595 0
90.5808 -72.118 0
78.0625 -91.5511 1
-1300.7 -478.284 1
-1072.39 -571.006 0
-1054.1 -624.095 0
-1040.24 -634.994 0
-1037.02 -666.415 0
-1027.75 -665.371 1
-283.388 -114.685 1
-257.412 -47.5791 0
-139.312 -165.925 0
-156.015 -147.867 0
-215.163 -126.194 0
-208.018 -112.43 0
34.6511 -80.7865 0
24.9828 -105.068 1
599.44 -273.959 0
556.861 -188.299 1
520.042 210 0
584.723 350.327 0
612.937 121.865 0
649.744 -1547.64 0
664.994 -1578.95 0
676.264 -1571.51 0
677.033 -1584.49 0
701.839 -1688.16 0
738.363 -1716.3 0
441.813 -1717.37 0
435.534 -1703.54 0
-361.028 -1111.39 0
-166.407 -1029.83 0
461.224 -1521.18 1
448.233 -1518.21 0
377.827 -1495.47 0
385.556 -1494.09 0
425.736 -1452.42 0
428.483 -1393.72 0
414.938 -1331.07 0
416.181 -1309.69 0
422.653 -1313.09 0
454.826 -1255.82 1
5763.16 -1155.92 1
5767.06 -1105.25 0
5764.98 -1031.06 0
5796.81 -1062.33 0
5857.93 -1067.79 0
5888.33 -1029.3 0
5965.68 -1058.92 0
6175.46 -1602.29 0
6151.4 -1676.36 0
6125.26 -1736.83 0
6101.31 -1734.58 0
6088.03 -1723.67 0
