19.5629 186.642 0
-3.4238 256.423 0
-11.84 273.545 0
-5.64122 241.09 0
-14.2812 229.384 0
-7.97072 235.59 1
55.2934 178.635 1
65.2091 153.092 0
26.1287 129.337 0
42.4398 84.1584 0
18.9548 52.8231 0
-3.04213 114.998 1
-25.5678 -175.417 1
44.3728 -159.128 0
147.78 -149.882 0
188.797 -131.509 0
186.342 -146.604 0
243.545 -38.1054 0
276.46 13.4927 0
262.695 -23.2308 0
207.859 -12.4237 1
215.382 10.3002 1
249.685 52.9733 0
237.373 51.7005 0
181.319 76.24 0
31.4993 -17.7693 1
195.139 -90.0349 1
182.879 -94.2596 0
189.05 -60.1037 0
191.164 -50.8214 0
44.0296 130.771 1
733.311 40.496 1
764.554 52.0664 0
799.899 -18.9897 0
771.376 15.5315 0
801.89 -3.33424 0
858.209 -17.5463 0
909.797 -16.9677 0
880.441 -77.9679 0
911.44 -30.7929 1
978.576 98.1486 1
1006.27 97.3048 0
988.965 93.4412 0
1011.01 42.7532 0
1021.25 3.09722 0
1409.48 -65.5271 0
1424.44 -43.2741 0
1386.01 -6.88093 0
1423.05 41.3196 0
1452.15 43.1151 0
1527.72 -16.6591 0
1903.81 -417.989 0
