15.0893 -70.1854 0
-40.0443 10.7946 0
-123.097 103.999 0
-204.182 222.707 0
-179.454 334.004 0
-158.302 397.746 0
-20.1992 568.251 0
-69.364 734.12 0
-152.327 723.762 0
-169.052 732.862 1
157.93 65.1964 1
128.956 -75.854 0
86.4418 -211.672 0
344.476 -169.192 0
228.705 4.89888 0
246.6 107.111 0
268.297 169.505 0
308.338 151.145 0
472.646 3.42357 0
467.437 53.204 0
554.889 -499.718 0
246.327 -298.373 0
277.563 -298.353 0
313.217 -243.924 1
1988.65 -1687.78 1
1960.36 -1592.06 0
1949.61 -1514.31 0
1943.01 -1429 0
2018.18 -1372.82 0
2079.63 -1420.58 0
2029.62 -1324.24 0
2029.32 -1354.96 0
2041.56 -1411.31 0
2029.89 -1386.67 0
2053.2 -1396.1 0
2092.62 -1417.84 0
2331.8 -1436.98 0
2366.13 -1483.1 1
2336.48 -1518.24 1
2302.52 -1423.04 0
2257.06 -1372.05 0
2251.41 -1312.91 0
2239.39 -1214.57 0
2159.18 -1169.75 0
2123.49 -1001.89 0
2211.69 -820.874 0
2582.14 -1080.05 0
2620.42 -1254.27 0
2652.67 -1351.66 0
2740.04 -1486.47 0
2788.75 -1572.7 0
2788.92 -1629.67 0
2773.87 -1648.28 0
2651.18 -1400.74 0
2829.78 -1414.07 0
2706.34 -1445.17 0
2693.35 -1581.45 0
2777.54 -1627.98 0
2822.45 -1610.05 0
3350.13 -1767.32 0
3295.85 -1725.85 0
3291.69 -1667.53 0
3284.83 -1611.28 0
3280.34 -1582.99 0
3370.94 -1699.21 0
3341.46 -1709.3 0
3120.66 -1418.89 0
3002.28 -1380.23 0
2890.19 -1327.93 1
6881.57 -1121.44 1
