1.90096 -45.2395 0
10.0468 -16.0383 0
-64.4161 55.163 0
-3.71156 49.667 1
-15.1958 56.7004 0
-50.7044 94.0395 1
202.315 -61.1379 0
116.005 -42.4239 1
93.5796 -5.38042 0
223.595 130.527 0
206.76 209.268 0
130.101 249.836 0
130.178 311.062 0
145.993 298.346 0
289.181 292.048 0
321.454 253.688 0
291.67 218.687 0
273.816 254.633 0
258.468 269.393 0
237.668 271.427 0
267.284 258.878 1
316.747 226.751 1
309.644 251.067 0
246.679 271.523 0
176.641 327.397 0
187.237 324.486 0
184.108 360.289 0
254.254 333.457 0
264.279 293.781 0
171.784 402.53 0
170.681 397.061 0
236.917 380.056 0
242.015 384.392 0
227.79 400.028 0
227.324 389.397 0
229.426 405.403 0
214.782 407.664 0
348.234 410.747 0
327.589 432.697 0
317.005 452.882 0
299.373 507.035 0
373.067 474.782 0
286.494 580.962 0
248.927 632.554 1
-285.739 573.647 1
-275.651 588.502 0
-261.571 648.952 0
-136.623 645.449 0
361.983 525.826 0
275.779 617.063 0
89.4225 734.631 0
54.0832 722.223 0
-132.646 759.944 0
-88.7201 746.507 0
-46.5478 708.696 0
30.0025 747.408 0
61.8991 730.83 0
87.0251 741.858 0
124.837 751.875 0
108.582 786.868 0
92.6518 798.766 0
69.3948 725.411 0
16.7474 662.883 0
261.039 804.262 0
1520.16 974.533 0
1574.89 1021.7 0
1526.62 1000.98 0
1532.35 963.43 0
1577.08 914.474 0
1573.68 944.994 0
1561.86 966.01 0
1571.24 924.14 0
1597.44 943.663 0
1622.15 1011 1
1564.43 1162.35 0
1588.71 1174.39 1
1559.76 1176.5 1
1555.58 1210.85 0
1524.51 1187.11 0
1491.87 1208.33 1
1426.63 1281.35 1
1479.45 1289.95 0
1489.05 1271.37 0
1543.24 1312.99 0
1459.13 1289.55 0
1429.03 1285.61 1
