73.6717 13.8851 0
152.86 -48.995 0
114.16 23.8068 0
-196.975 117.559 0
-181.157 181.812 0
-169.739 230.963 0
-161.654 158.427 0
-171.08 171.463 0
-143.85 215.799 0
-64.4609 215.085 0
-12.3818 191.603 0
-26.9 223.629 0
-133.811 293.654 1
-8313.38 -2851.59 1
-8295.86 -2899.24 0
-8288.93 -2887.71 0
-8285.4 -2898.7 0
-8267.8 -2925.22 1
-969.122 -1283.18 1
-999.976 -1274.86 0
-1079.32 -1344.62 0
-1219.29 -1446.67 0
-1175.38 -1473.65 0
-1161.19 -1506.06 0
-1163.85 -1553.31 0
-1134.91 -1499.72 0
-1139.97 -1525.26 0
