6.35223 48.8662 0
36.6617 90.5908 0
12.122 150.102 0
114.508 166.216 0
157.438 158.34 0
113.732 177.941 0
128.77 67.9883 1
130.604 132.474 1
72.269 132.314 0
112.139 122.265 0
108.519 50.7844 0
60.5254 16.8884 0
98.2996 -9.58051 0
84.4313 -11.3976 0
115.208 41.3904 0
107.273 34.3385 0
80.0299 -114.037 1
43.685 -133.991 1
-39.3859 -253.741 0
-77.4271 -383.029 0
-78.7797 -422.475 0
-87.7126 -413.391 0
-100.538 -355.003 0
-61.4076 -347.374 0
-195.723 -101.234 0
-161.75 -63.5992 1
-211.194 -89.7693 1
-217.524 -107.853 0
-213.202 -158.659 0
-205.467 -122.546 1
-170.429 -52.9416 1
-2933.28 219.144 0
-2713.3 268.023 0
-2165.03 85.731 0
-2151.93 53.1801 0
-1821.96 -47.9285 0
-1782.04 -74.9494 0
-1844.93 -32.7246 0
-1836.19 32.4074 0
-1809.53 102.531 1
-1794.23 84.854 1
-2141.64 534.302 0
-2094.08 555.707 1
-1451.84 -303.534 1
-1360.94 -303.449 0
-1315.4 -317.03 0
-1338.42 -282.279 0
-1418.89 -210.215 0
-1461.62 -229.368 0
-1505.64 -210.496 0
-1504.75 -187.878 0
-1770.32 -394.945 0
-1404.36 -275.099 0
-1416.78 -297.877 0
-1388.67 -331.095 0
-1556.3 -3.96286 0
