-27.7092 22.2044 0
176.331 -173.736 0
174.865 -204.168 0
173.03 -202.998 0
183.436 -223.357 0
844.123 -230.699 0
848.943 -180.462 0
971.019 -239.857 0
1030.8 -310.203 0
1078.27 -330.651 0
1082.02 -134.252 0
1092.78 -165.733 0
1075.31 -107.262 0
1081.65 -142.341 0
1143.54 -288.091 1
1119.48 -190.768 1
1130.24 -142.945 0
1126.02 -34.7277 0
1137.09 -122.225 0
1027.58 -163.368 0
934.201 -175.333 0
1143.66 -155.571 0
1011.3 -190.235 0
587.488 -251.777 0
378.036 -126.158 0
422.767 -99.9731 0
398.004 -100.461 0
420.079 -7.06809 0
491.955 67.3479 0
467.536 163.159 0
452.848 88.0027 0
441.152 121.543 1
479.486 170.503 1
495.525 205.047 0
516.332 274.487 0
674.361 314.087 0
691.146 309.096 0
709.719 380.799 1
759.127 344.99 1
1014.43 269.21 0
1008.11 221.623 0
988.531 188.698 0
1066.62 222.627 0
1063.67 203.36 0
1027.18 217.579 0
1028.07 237.335 0
1446.25 384.955 0
1733.79 650.254 0
1904.59 642.785 1
1869.06 667.96 1
1951.74 684.117 1
1895.55 766.629 0
1802.54 777.873 1
