97.2668 -115.91 0
118.53 -134.852 0
121.585 -175.176 0
59.0983 -155.312 0
11.6791 -162.094 0
-6.31248 -174.682 0
-11.8308 -179.747 0
-85.3275 -228.861 0
-118.343 -210.569 0
-117.453 -58.6278 0
-306.81 1077.96 1
-357.997 1117.03 0
-436.344 1113.92 0
-442.142 1098.42 0
-462.285 1117.23 0
-474.973 1112.52 1
-491.826 1085.16 1
-530.751 1052.62 0
-588.145 1000.26 0
-617.827 968.453 0
-620.12 1035.29 0
-610.61 1115.13 1
-621.547 1075.85 1
-619.34 1107.03 0
-584.502 1222.87 0
-456.9 1142.79 0
450.958 549.432 0
403.665 776.965 0
397.424 791.061 0
355.144 767.029 0
363.116 771.397 0
356.251 733.547 0
364.635 697.966 0
318.07 612.551 0
359.682 528.476 0
468.747 475.859 0
522.414 437.924 0
859.933 328.035 0
873.985 299.012 0
892.257 338.466 0
855.13 428.893 0
764.092 473.331 0
705.797 515.494 0
696.107 552.642 0
756.414 559.123 0
737.741 602.194 0
787.24 560.64 1
834.361 400.956 1
835.86 374.317 0
871.707 324.636 0
936.874 257.248 0
950.008 239.149 0
711.759 371.643 0
784.629 374.113 0
894.444 357.544 0
1011.22 345.215 0
1258.41 172.711 0
1273.96 275.656 0
1201.89 395.143 0
1205.9 417.927 0
1233.26 425.911 0
1099.64 505.307 0
1106.38 562.031 0
1129.46 650.062 0
1094.89 653.216 0
1123.89 652.327 0
1142.07 656.111 0
1193.68 731.948 0
1204.95 771.154 0
1249.28 840.848 0
1143.24 753.469 0
1333.93 980.119 0
1295.34 985.816 0
1277.57 992.326 0
1803.49 699.541 0
2169.55 879.332 0
2161.77 918.143 0
2189.86 902.243 0
1878.35 1347.36 1
1709.24 1189.74 1
453.582 1798.62 0
968.716 1534.53 1
935.135 1506.73 0
939.215 1539.48 0
937.021 1545.96 0
925.198 1449.54 0
1755.83 914.847 0
1736.43 903.672 0
1753 1039.87 0
1760.46 1045.87 0
1764.29 1063.17 0
1776.02 1096.72 0
1763.68 1143.45 0
-3902.23 510.677 0
-3717.59 754.364 0
-3499.09 609.686 1
-3415.1 624.64 1
-3367.04 630.576 1
7129.59 -3997.67 0
