27.0063 77.1729 0
159.409 63.0603 0
-443.806 -170.721 0
-457.463 -133.155 0
-473.016 -115.293 0
-495.672 -64.4122 0
-142.537 -82.7841 1
131.64 166.888 0
425.946 325.331 0
388.791 316.774 1
441.511 339.331 1
459.994 356.434 0
461.167 361.441 0
480.233 345.163 0
473.378 320.281 0
580.098 297.003 0
626.078 253.926 0
727.272 295.455 0
726.457 301.704 0
753.416 277.872 0
647.8 131.887 0
683.01 89.6707 0
707.373 110.57 0
702.117 116.318 0
714.093 118.309 0
714.572 97.6476 0
710.699 -6.22311 1
1064.49 -650.765 1
1050.17 -394.976 0
1008.77 -418.918 0
1003.31 -303.557 0
1011.52 -247.856 0
1005.56 -209.225 0
1001.33 -177.739 0
988.258 -160.662 0
997.161 -141.494 1
989.706 -57.5896 1
961.033 -15.3851 0
987.606 13.2682 0
923.221 25.8387 0
992.146 51.3776 0
1026.42 -66.358 0
1007.48 -59.6969 0
972.485 -133.993 0
976.404 -121.63 0
969.056 -118.309 0
1051.29 -191.805 0
993.277 -206.156 1
82.219 -556.521 1
820.871 -504.645 0
752.575 -328.132 0
811.129 -384.408 0
877.82 -553.49 0
945.475 -648.777 0
979.822 -667.933 0
982.429 -647.204 0
967.792 -634.366 0
938.095 -621.237 0
926.651 -560.608 0
900.787 -375.916 0
949.812 -288.16 0
943.481 -312.428 0
919.192 -324.906 0
932.694 -333.951 0
435.866 -119.948 0
729.097 -140.25 0
732.737 -124.604 0
697.415 -118.392 0
718.971 -152.593 0
769.079 -181.885 1
795.124 -188.693 1
795.529 -145.835 0
