-13.604 61.8966 0
29.5073 123.061 0
-5.14841 121.783 0
6.74828 33.8317 0
32.0756 -49.1836 1
144.166 -7.63189 1
143.808 8.58509 0
149.519 -22.7155 0
232.837 -174.635 0
165.778 -185.374 0
108.147 -197.322 0
22.8218 -281.567 0
22.1678 -231.475 0
57.2813 -283.787 0
638.475 -691.119 0
653.95 -687.006 0
663.988 -636.874 0
638.93 -538.674 0
643.946 -512.068 0
-238.285 -94.1807 0
-247.848 -90.6538 0
207.221 -116.325 1
213.464 -144.505 0
236.763 -157.966 0
49.0342 -32.0107 0
-179.484 3.02216 1
121.992 -145.659 1
112.937 -205.154 0
119.979 -200.08 0
182.212 -4.84167 0
343.225 25.8871 0
379.898 84.0526 0
380.27 148.904 0
387.872 165.785 0
318.261 205.821 1
-4124.23 1790.28 1
-3621.29 1516.26 1
-3379.77 1550.73 0
-3316.63 1510.66 0
-3313.26 1470.5 0
-3247.25 1438.49 0
-3259.25 1319.56 0
-3281.3 1324.87 0
-3275.46 1274.09 0
-3210.81 1243.93 0
-3164.15 1215.36 0
-3035.6 1170.22 0
-2971.92 1192.92 0
-3099.59 1265.36 0
-2826.83 1253.18 1
-2839.73 1375.48 0
-2740.68 1357.85 0
-2676.23 1308.12 0
-2634.19 1304.57 0
-2674.52 1335.79 0
-2597.17 1225.73 0
-2568.14 1191.25 0
-2543.98 1116.6 0
-2330.93 964.523 0
-2373.04 815.053 0
-2340.22 714.516 0
-2302.09 773.47 0
-2418.81 933.515 0
-2490.18 1018.22 0
-2504.29 1116.54 0
-2444.03 997.008 0
-2477.95 963.476 0
-2542.9 1025.61 0
-2880.52 1745.65 0
-2811.23 1722.66 0
-2502.94 1511.24 0
-2534.59 1573.11 0
-2321.95 1432.35 0
-2799.07 919.48 0
-2978.79 1005.4 0
-2949.1 1105.66 0
-2795.4 1286.22 0
-2802.38 1313.71 0
-2831.39 1360.56 0
-2843.48 1418.51 0
