124.122 -194.207 0
55.1684 -59.1466 0
28.9572 -58.5397 1
42.5025 -92.0375 1
44.1689 -100.946 0
-9.4758 -88.0507 0
-47.4419 -87.7835 0
-102.82 -98.7697 0
-98.8351 -113.393 0
-119.078 -86.6908 0
-127.422 -53.3043 0
-124.765 -71.1694 0
-135.464 -82.9875 0
-133.801 -139.166 1
333.812 -61.9829 1
386.813 -189.418 0
403.292 -201.585 0
415.699 -200.873 0
579.241 -260.659 0
496.157 -397.498 0
589.74 -314.51 0
656.03 -233.195 0
695.332 -241.076 0
738.081 -279.457 0
789.856 -309.758 0
811.683 -209.736 0
807.705 -230.22 0
719.58 -8.93454 0
597.65 -55.7145 0
1820.68 275.308 0
1818.87 295.151 0
1784.33 288.479 0
1753.02 290.277 0
1704.87 254.785 0
1918.29 193.327 0
1953.61 154.373 0
2025.45 199.757 0
1972.13 217.524 0
1930.44 185.221 1
44.7771 337.154 1
122.2 271.669 0
336.564 248.103 0
297.681 263.047 0
283.013 238.299 0
178.253 556.009 0
413.268 277.382 0
396.023 221.591 0
552.374 351.107 0
523.788 316.637 0
470.3 378.717 0
444.255 386.252 0
392.707 422.72 0
275.8 457.369 0
290.163 513.108 0
291.662 529.456 0
308.582 537.906 0
268.77 566.377 0
650.196 666.191 1
1020.87 596.147 1
1061.1 656.149 0
1050.15 629.642 0
1059.79 600.147 0
1101.18 550.646 0
1345.47 265.437 0
1396.81 182.713 0
1363.9 249.758 0
1404.57 263.065 0
862.626 703.353 0
933.128 602.031 0
891.719 614.669 0
926.089 638.405 0
941.324 702.787 0
897.632 729.637 0
677.522 853.384 0
594.931 818.007 0
583.854 845.019 1
-5465.53 2287.18 1
-5136.53 2028.1 0
-5088.53 2012.24 0
-4855.57 2058.88 0
-4853.75 2087.3 0
-4868.08 2088.69 0
-4880.94 2033.67 0
-4964.48 1987.67 0
-5029.19 1924.9 0
-5069.26 1869.96 0
-5077.98 1831.61 0
-5045.92 1839.7 0
-4917.69 1959.53 0
-4897.69 1928.36 1
