25.6017 46.4035 0
85.7785 -132.696 0
-62.0864 10.4906 0
-35.2991 31.8464 0
-41.508 82.2502 0
-44.008 161.885 0
-47.7775 208.465 0
75.1429 274.138 0
68.6838 263.375 0
28.497 271.263 0
100.852 281.537 0
323.706 -79.5216 0
348.917 -129.5 0
367.223 79.8585 0
412.494 139.874 0
415.749 136.331 0
408.969 148.491 0
443.235 178.573 0
417.571 150.945 0
412.187 142.674 0
396.729 131.194 0
378.603 131.31 0
353.504 147.926 0
338.252 156.597 0
365.69 144.349 0
364.149 153.51 0
334.316 135.948 0
313.906 12.3511 0
396.086 -104.868 0
392.167 -113.394 0
387.362 -124.472 0
386.912 -111.655 0
305.6 -60.8692 0
269.575 -31.4547 0
271.708 -36.4851 0
290.661 -90.5762 0
280.895 -61.2538 0
336.869 -101.557 0
141.286 54.4986 0
102.311 126.028 0
364.08 66.9995 0
323.692 133.632 1
279.705 200.695 0
255.026 196.652 0
277.605 215.234 1
688.168 -56.3486 1
658.286 -12.3448 0
630.9 69.7875 0
650.646 55.2057 0
718.993 5.82701 0
751.422 -21.7144 0
847.913 -66.3073 0
884.021 -23.409 0
901.525 15.4075 0
853.211 43.0708 0
860.988 96.7815 0
862.44 161.412 0
896.578 218.808 0
953.04 227.015 0
993.356 261.225 0
852.984 117.002 0
990.591 89.102 0
1500.59 -382.074 0
1582 -414.103 0
1556.92 -421.438 0
1560.82 -378.03 0
1547.49 -341.941 0
1475.4 -316.078 0
1506.38 -354.193 0
1483.52 -358.177 0
1489.39 -416.801 0
1522.17 -407.996 0
1533.24 -417.818 0
1608.17 -434.954 0
1665.99 -445.933 0
1642.07 -328.104 0
1476.53 -342.646 0
1362.96 -337.883 0
1411.9 -236.477 0
1068.64 -151.644 0
1075.2 -129.794 0
1860.71 -447.387 0
2430.2 -893.479 1
2375.97 -848.524 0
2382.32 -849.018 0
2307.25 -797.694 0
2282.45 -763.263 0
2336.57 -777.504 0
2233.59 -632.473 1
