14.8036 -14.9573 0
-0.0499105 -123.24 0
-26.2085 -191.069 1
-289.849 -845.21 1
-192.011 -880.718 0
-161.978 -849.128 0
-168.389 -863.665 1
-191.08 -737.368 1
-997.929 -1652.82 0
-1030.9 -1623.78 0
-1043.88 -1559.75 0
-1030.86 -1482.54 0
-1332.48 -1770.46 1
-1355.49 -1814.33 1
-1328.51 -1778.67 0
-1252.88 -1546.42 0
-1255.38 -1576.39 1
-733.735 -2016.62 1
-701.467 -1902.57 0
-728.955 -1933 0
-782.525 -1905.56 0
-776.098 -1878.01 1
-3075.09 -1493.75 1
-3192.65 -1457.7 0
-3182.57 -1412.96 0
-3186.85 -1346.74 0
-3149.2 -1311.67 0
-3142.47 -1310.85 0
-2770.55 -1312.78 1
-2751.42 -1221.73 0
-2777.43 -527.442 0
-2850.37 -502.891 0
-2864.85 -471.016 0
-2907.74 -361.868 0
-3140.9 -329.766 0
-3265.42 -236.117 0
-3263.76 -220.308 0
-1297.22 -93.6866 0
-1296.36 -177.143 0
-1272.87 -223.076 0
-1069.94 -423.117 0
-904.826 -572.217 0
-933.229 -583.519 0
-944.704 -494.246 0
-966.71 -465.337 0
-1025.32 -260.098 0
-725.564 -386.637 0
-645.754 -173.787 0
-683.324 -114.915 1
-1032.67 -3319.62 1
-1020.25 -3443.29 0
-876.678 -3616.38 0
-900.006 -3647.05 0
-720.214 -3766.83 0
-797.162 -3794.6 0
-767.566 -3786.94 0
-830.162 -3749.63 0
420.997 -4278.25 0
330.281 -4200.55 0
308.056 -4213.56 0
309.711 -4228.7 0
149.556 -3793.57 0
165.387 -3768.61 0
185.05 -3768.4 0
256.975 -3804.85 0
209.116 -3763.43 0
306.294 -3691.71 0
318.643 -3502.74 0
377.015 -3492.45 0
358.863 -3477.37 0
485.063 -3498.32 0
544.606 -3521.47 0
597.229 -3573.61 0
621.536 -3616.44 0
641.559 -3631.4 0
456.781 -3611.82 0
438.476 -3593.63 0
484.998 -3561.87 0
348.415 -3515.79 0
265.408 -3487.32 0
311.844 -3465.89 0
