100.328 -37.5626 0
206.682 1.26797 0
-2440.89 497.42 0
-2296.23 544.682 0
-35153.7 1359.28 1
-35303.8 1481.21 0
-35325.2 1554.93 0
-35326.6 1590.54 0
-35285.2 1582.96 1
-35209.8 1548.31 1
-35231.2 1562.58 0
-35258.5 1575.37 0
-35216.1 1523.61 1
-35134 1536.88 1
-34896.3 1596.54 0
-34834.2 1560.76 0
-34806.3 1553.4 0
-34812.2 1605.49 1
-34798.8 1566.94 1
-34767.6 1573.72 1
-33912.5 1639.01 1
-33849.9 1567.22 0
-33858 1254.58 0
-33841 1220.67 1
-33832 1169.53 1
-33833.5 1077.96 0
-33792.9 975.801 0
-33770.5 974.174 0
-33755.2 1010.42 1
-33673.7 1286.3 1
-33531.8 1297.25 0
-33582.6 1277.19 0
-33324 1236.19 0
-33403.4 1189.38 0
-33377.3 1194.14 0
-33356.7 1196.92 0
-33434.1 1268.08 0
-33480 1314.19 0
-33514.6 1321.82 0
-33478.9 1352.15 0
-33230.7 1327.2 0
-33251.5 1328.46 0
-33509 1272.79 0
-33524 1301.49 1
-32847.4 1279.17 1
-32851.9 1277.22 0
-32853.7 1279.22 0
-32849.1 1296.8 0
-32782.9 1284.45 0
-32798.2 1271.88 0
-32821.1 1245.59 0
-32865.5 1212.82 0
-32870.8 1198.47 0
-33102.3 1221.98 0
-33078.4 1156.1 0
-33102.9 1127.86 0
-33042 1129.3 0
-32947.5 1132.49 0
-32910.7 1187.37 0
-32021 882.544 1
-31968.3 755.086 0
-31986.4 749.902 0
-31903.7 733.319 0
-31939.1 756.594 1
