0.441745 15.2272 0
44.9089 97.559 0
-7.42121 127.148 0
1.80284 158.083 0
52.0442 131.506 0
-440.469 163.33 0
-414.096 154.034 0
-407.442 181.057 0
-609.616 154.947 0
-645.889 192.836 0
-617.495 218.781 0
-607.926 207.307 0
-639.191 145.183 0
-689.914 127.605 1
-807.679 11.8805 1
-537.9 165.835 0
-477.487 165.163 1
-890.188 64.8459 1
-912.16 9.84984 0
-860.761 -88.5575 0
-853.608 -104.141 0
-829.853 -128.195 1
-66.5885 95.9614 1
-57.6884 283.454 0
-81.0896 301.94 0
-107.899 332.389 0
-104.904 392.864 0
-79.6026 405.491 0
-44.054 420.281 0
-61.7406 409.966 0
-154.776 356.443 0
-194.587 359.901 0
-176.989 389.945 0
-154.629 450.516 0
-239.039 480.947 0
-170.955 490.274 0
-100.564 428.072 0
-81.0895 397.902 0
-88.4052 347.491 0
-81.9079 353.121 0
-68.74 320.892 0
-62.5069 230.567 0
-9.0099 217.539 0
-51.8127 250.764 0
20.0196 290.019 0
76.9299 352.596 0
85.3715 300.656 0
58.7694 299.805 0
12.7806 289.738 0
33.4073 311.411 0
49.5193 365.195 0
136.525 322.238 0
146.761 403.686 0
144.728 368.689 0
153.136 387.805 0
327.912 336.373 1
547.388 144.604 0
521.947 145.189 0
496.653 166.728 0
421.614 204.111 0
416.274 222.545 0
445.347 306.38 0
457.605 273.783 0
716.54 61.1552 0
732.976 47.7162 0
813.024 81.4424 0
689.345 185.965 0
622.391 289.108 0
616.908 306.953 0
613.577 316.275 0
622.416 289.984 0
637.676 184.696 1
962.357 571.317 1
967.405 830.312 0
1125.67 630.816 0
1085.31 659.734 0
1715.87 380.509 0
1681.24 450.357 0
676.941 1403.17 1
605.973 1417.98 0
625.617 1452.42 0
640.485 1499.95 1
2356.68 1207.69 1
