-4.01484 -57.5315 0
-180.162 -69.6095 0
60.9464 49.5017 0
53.8926 93.0267 0
48.302 102.051 0
73.2677 74.0602 0
48.3154 112.955 0
43.2231 149.097 0
84.4426 203.983 0
73.9579 200.741 0
45.6599 198.94 0
30.7832 285.161 0
-0.835876 287.542 0
-43.9461 274.904 0
-58.1202 298.011 1
-101.451 252.326 1
-195.234 229.657 0
-100.403 173.689 0
-75.7392 132.962 0
-19.2316 109.396 0
-30.3705 65.2139 0
-21.9225 23.1299 0
-6.62437 38.8558 0
-71.6222 -19.2231 0
-65.5939 -7.33224 0
-111.733 -82.8365 0
339.225 -43.3727 0
316.117 -15.2397 0
363.308 5.85283 0
254.402 64.9118 0
217.325 141.076 0
114.081 241.061 0
122.133 300.966 0
116.308 336.562 0
114.09 223.56 1
103.188 239.36 1
88.2489 251.166 0
-180.441 271.34 0
-191.106 308.304 0
-144.173 323.041 0
-223.542 290.128 0
-171.123 210.209 0
-151.081 167.23 1
-4783.24 600.139 1
-4949.73 372.179 0
-4953.23 393.111 0
-4959.61 360.349 0
-4968.18 295.114 1
-4984.04 337.219 1
-4929.94 298.639 0
-4880.81 241.569 0
-4648.6 250.104 0
-4570.24 162.786 0
-4528.24 127.315 0
-4498.28 163.057 1
-5412.68 80.7118 1
-5408.73 117.597 0
-5423.02 174.454 0
-5474.57 188.147 0
-5369.91 232.42 1
-5018.72 168.968 1
-5050.81 157.807 0
-5084.98 189.733 0
-5151.24 291.68 0
-4721.96 365.296 1
-4705.74 368.417 0
-4729.23 447.623 0
-4778.71 242.477 0
-4720.92 195.18 0
-4705.21 170.163 0
-4675.29 159.166 0
-4661.72 145.38 0
-4608.27 135.055 1
-4585.37 152.843 1
-4604.07 178.249 0
-4640.79 291.112 1
-3899.62 480.659 1
-3981.81 661.073 0
-3930.8 551.502 0
-4150.59 528.851 0
-4200.56 531.175 0
-4165.86 596.715 0
-4170.11 598.693 0
-4182.37 634.21 0
-4207.21 716.538 1
-29250.1 -1108.11 1
-29293 -999.12 0
-29122.3 -1140.08 0
-29055.7 -1164.55 0
-28946.5 -1161.35 0
-28997.7 -1177.05 0
-30743.1 -1255.55 1
-30811.1 -1239.68 0
-30834.8 -1213.47 0
-30839.8 -1211.37 1
-31129.4 -1174.55 1
-31068.2 -1169.88 0
-30906.8 -1210.22 0
-30912.9 -1154.12 0
-30885.3 -991.192 1
-30193.3 -622.151 1
-30239.5 -618.963 0
-30497.8 -860.398 0
-30594.7 -619.872 0
-30608.7 -596.075 0
-30599.4 -563.3 0
-31454.2 -32.4905 1
-31417.4 -7.83162 0
-31408 43.4612 1
-31478.3 1.60386 1
-31185.6 -934.646 1
-31151.4 -971.307 0
-31227.2 -964.383 0
-31934.6 -1111.81 1
40686.2 2299.23 0
40364.8 2183.95 0
40481.3 2231 0
40535.9 2309.72 1
40505.1 2347.61 1
40431.6 2304.07 0
40377.5 2346.7 0
40368.5 2346.16 0
40353 2278.8 1
40143.4 2131.76 1
40172.8 2000.38 0
