9.70421 27.4216 0
25.7153 68.9877 0
40.329 119.966 0
35.2564 120.245 0
-6.30517 89.3464 0
4.08599 57.9725 0
-3.70186 51.4397 0
40.6902 32.4808 1
-14.5795 19.9976 1
-19.7387 48.0951 0
-46.3038 93.7698 0
22.2786 145.265 0
126.763 122.928 0
169.954 58.9506 0
243.058 -56.0516 0
205.441 -145.773 0
266.227 -206.099 0
259.339 -224.898 0
196.386 -195.443 0
257.72 -173.706 0
203.916 -117.765 0
237.554 -20.4392 0
202.535 6.83334 0
237.487 47.859 0
182.068 66.7242 0
156.552 56.6959 0
92.4872 34.0891 0
-169.689 208.223 0
-193.198 223.905 0
-206.589 218.441 1
-866.596 -83.4362 1
-895.881 -110.812 0
-887.354 -123.017 0
-879.171 -121.671 0
-916.657 -137.205 1
-973.059 -104.852 1
-998.252 60.9709 0
-1038.55 141.66 0
-1070.69 163.222 1
-931.081 90.2895 1
-900.253 132.771 0
-872.854 139.066 0
-816.151 199.505 1
-814.273 193.345 1
-824.428 241.834 0
-818.502 272.149 0
-943.181 265.771 0
-962.672 305.836 1
-214.383 449.65 1
75.0088 277.501 0
65.8859 217.296 0
185.009 84.9458 0
225.491 45.3761 0
233.202 63.7615 0
233.398 132.171 1
391.157 173.261 1
431.186 171.024 0
276.174 203.48 0
297.178 213.093 0
337.061 216.197 0
377.296 237.572 0
