26.0638 60.4969 0
-0.941742 68.2229 0
-217.07 -13.8299 0
-252.287 76.8902 0
-256.52 140.732 0
-190.928 180.237 0
-276.887 277.872 1
6.71066 338.833 1
-160.862 404.087 0
-51.0079 1071.46 0
-11.3432 1145.3 0
-49.3354 1242.09 0
-62.0475 1236.69 0
-108.648 1202.32 0
-136.684 1179.69 0
-175.105 1185.84 0
-187.568 1062.62 0
-205.439 996.977 0
-191.667 1022.84 0
-90.9721 915.483 0
-14.2397 841.747 0
20.5883 764.029 0
115.058 723.178 0
100.008 753.06 0
79.7564 774.823 0
117.915 786.153 0
118.569 807.727 0
138.329 840.391 0
196.242 943.138 0
58.0468 469.518 0
634.155 633.879 0
591.098 866.602 0
540.56 893.497 0
423.93 855.85 0
383.398 959.901 0
421.93 984.731 0
454.64 909.712 0
477.702 861.205 0
521.451 810.836 0
614.004 761.211 0
599.202 822.619 0
576.202 389.551 0
382.336 480.989 0
380.191 492.691 0
290.305 533.082 0
313.335 448.385 0
426.557 463.799 0
465.224 491.363 0
321.466 682.006 0
292.697 645.248 0
291.455 598.171 0
312.213 582.94 0
403.397 641.832 0
774.478 568.907 0
729.805 608.771 0
720.952 649.382 0
745.552 628.524 0
750.02 616.209 0
335.585 -136.08 0
307.398 -139.973 0
289.889 -131.07 0
465.277 -134.556 0
4150.43 60.3752 0
