26.4785 -46.7062 0
68.3672 -109.62 0
76.1494 -39.4165 0
23.0129 -9.89072 0
33.5162 -2.03134 0
38.0283 -3.3649 0
58.4959 -4.67887 0
56.6746 -1.5151 0
58.9543 41.6283 0
44.4612 31.6792 0
111.658 67.7619 0
58.2518 177.066 0
95.277 101.92 0
73.4396 62.5796 0
107.755 40.3455 0
147.23 41.9383 0
153.048 9.93571 0
93.5722 33.5212 1
176.856 310.319 0
253.744 340.806 1
326.524 142.501 0
367.755 68.5189 0
442.569 -6.10478 0
421.008 57.3006 0
546.005 19.683 0
590.289 -23.0118 0
675.73 -116.983 0
630.783 -77.3192 0
675.963 -50.1033 0
775.942 -96.5943 0
787.223 -92.9523 0
767.089 -118.733 0
828.4 -35.5143 0
870.017 -6.56694 0
901.268 59.6252 0
1034.45 78.0122 0
1040.79 137.596 0
1068.43 158.096 0
854.279 210.778 0
793.162 239.721 0
764.53 262.15 0
763.343 243.142 0
721.051 256.697 1
363.987 -2260.62 1
-44.5872 -2478.35 0
808.612 -2324.71 0
757.563 -2383.15 0
778.17 -2389.87 0
724.011 -2318.47 0
581.588 -2266.05 0
588.613 -2224.19 1
600.58 -2175.37 1
452.44 -2149.82 0
441.53 -2079.41 0
409.129 -1994.43 0
461.184 -1941.28 0
657.21 -1935.48 0
415.944 -2128.43 0
462.47 -2203.31 0
482.878 -2253.02 0
503.314 -2279.83 0
504.865 -2243.76 0
514.282 -2211.74 1
1290.35 -1922.04 1
