-15.2818 112.378 0
31.4181 385.102 0
1083.84 -1702.92 1
1108.43 -1657.46 0
1113.72 -1684.46 0
141.91 -1281.99 0
259.084 -1173.73 0
386.777 -1289.15 0
393.9 -1260.58 0
451.733 -1285.96 1
343.687 -1267.89 1
328.275 -1274.91 0
325.003 -1236.92 0
212.324 -1247.88 0
290.065 -1218.3 1
-618.732 -201.962 1
-436.157 -380.594 0
-446.951 -486.895 0
-403.357 -515.226 1
-419.283 -435.136 1
-490.815 -294.697 0
-546.056 -275.764 0
-545.232 -51.6842 0
-587.803 243.846 0
-697.632 517.445 0
-727.549 545.781 0
-691.086 553.625 0
-325.38 402.99 1
-338.242 439.035 0
-297.429 513.16 0
-268.528 634.566 0
182.936 731.487 0
1310.18 1535.51 0
1233.75 1501.4 0
1217.46 1558.84 1
1205.22 1532.24 0
1166.34 1493.45 1
1250.97 1469.4 1
1211.19 1486.73 0
1074.24 1385.09 0
1101.69 1278.71 0
1227.46 1293.91 0
1253.7 646.999 0
1274.71 634.987 0
1304.31 621.758 0
1331.36 606.32 0
1296.18 668.724 0
1276.28 736.037 0
1242.86 756.891 0
1276.73 754.652 1
1374.89 1247.69 1
1388.06 1349.18 0
1487.51 1396.48 0
1466.78 1371.53 0
1542.92 1424.56 0
1549.03 1454.55 0
1581.41 1503.85 0
1571.21 1491.88 0
1566.24 1486.22 1
2387.35 1554.81 1
2378.61 1495.58 0
2379.27 1515.65 0
2438.14 1427.29 0
2421.49 1390.05 0
2484.21 1401.79 0
2512.5 1394.17 0
2561.1 1346.04 0
2585.84 1334.89 0
2600.3 1353.74 1
2863.71 738.937 1
