92.6371 -25.6501 0
138.936 -30.0664 0
133.786 -3.30384 0
148.27 -0.595349 0
143 16.3672 0
55.4787 118.417 0
47.2717 92.1683 0
230.366 55.0631 1
261.975 58.8822 1
252.738 62.182 0
248.072 54.5519 0
237.336 83.6527 0
325.8 197.448 0
251.563 211.905 0
234.608 201.295 0
255.673 250.238 1
270.809 96.4637 1
259.512 97.8068 0
274.796 94.6381 0
317.479 21.5501 0
355.258 38.5268 0
230.363 142.746 0
72.2411 290.9 0
256.319 310.667 1
331.221 326.489 1
309.221 362.495 0
337.342 305.373 0
401.918 326.489 0
439.313 306.288 0
371.717 324.542 0
274.043 293.203 0
569.16 136.233 0
560.199 163.021 0
544.821 204.173 1
475.447 255.129 1
497.587 246.959 0
471.029 210.711 0
510.381 233.133 0
537.421 246.726 0
567.377 249.279 0
358.939 156.772 0
331.31 139.837 0
366.325 131.297 0
371.219 139.953 0
326.107 309.002 1
348.654 3.68863 0
373.926 -25.2218 1
743.715 -63.8869 1
749.613 -57.6833 0
776.881 -20.8853 0
747.54 -42.13 0
798.399 -3.65593 0
911.142 -35.7359 0
922.923 -107.508 0
668.664 -747.874 0
762.044 -691.291 0
785.111 -656.9 0
796.479 -583.514 0
819.698 -520.823 0
806.094 -461.738 0
880.161 -382.413 0
842.128 -311.707 0
795.812 -240.495 0
755.042 -230.184 0
679.634 -157.732 0
756.223 -158.72 0
780.761 -259.528 0
761.903 -249.534 0
525.817 -435.845 0
471.871 -457.32 0
405.715 -494.839 0
354.733 -523.814 0
329.276 -495.92 0
314.372 -470.389 1
-559.583 -465.526 1
-354.091 -445.661 0
-341.077 -448.151 0
-311.627 -459.904 0
-164.704 -447.879 0
-132.78 -430.609 1
-18764.5 -955.947 1
-18787.3 -887.23 0
-18549.9 -749.499 0
-16371.6 -412.937 0
-16406.6 -492.461 0
-16474.9 -533.827 0
-16451.4 -641.315 0
-16360.8 -841.695 0
-16371.2 -811.089 0
-16430.2 -756.847 0
-16590.6 -739.522 0
-16649.1 -777.43 1
-16724.7 -806.618 1
-16600.7 -877.281 0
-16087.1 -856.154 0
-16541.2 -1468.24 0
-16542.7 -1515.94 0
-16432.4 -1407.03 0
-16538.9 -1302.13 0
-16555.8 -1290.09 1
-20024.7 -1080 1
-20018.7 -1117.29 0
-19910.7 -1196.27 0
-19858.4 -1284.81 0
