2.8746 -68.882 0
23.2043 -63.107 1
6.95276 -71.2638 1
9.89091 -82.3802 0
-225.598 102.674 0
-242.244 160.124 0
-278.907 248.622 0
-381.727 500.418 0
-420.433 551.839 0
-441.145 572.237 0
-460.851 687.09 0
-413.652 641.604 0
-469.725 329.192 0
-341.214 307.738 0
-284.342 264.927 0
-300.708 292.226 0
-236.194 218.715 0
-221.081 256.109 0
-283.381 287.042 0
-276.263 268.45 0
-243.709 249.728 0
-165.618 138.534 0
53.1752 -104.602 0
-135.421 84.3686 0
-75.0859 63.9681 0
-54.7749 5.65075 0
-24.3002 5.88449 0
52.555 -166.784 0
337.17 -328.142 0
354.129 -312.22 0
257.506 -249.671 0
219.716 -208.708 0
173.002 -256.609 0
85.0958 -172.483 0
98.54 -143.951 0
-0.624763 -221.367 0
-23.8879 -213.11 0
-12.3024 -165.211 0
-7.74726 -155.994 0
-3.11392 -181.865 0
27.2775 -154.832 0
55.3937 -138.357 0
107.892 -180.944 0
13.479 -143.508 0
-77.7298 -143.28 0
-266.658 -16.3193 0
-466.593 104.541 0
-603.977 182.841 1
7143.19 806.44 1
7243.45 612.592 0
7273.36 581.321 0
7302.67 532.162 0
7364.28 476.645 0
7468.69 356.109 0
7467.28 329.207 0
7470.12 349.148 0
7459.51 348.208 0
7248.09 263.312 0
7239.14 273.705 0
7196.86 357.845 0
7237.83 389.908 0
7166.46 433.445 0
7485.53 382.618 0
6789.41 957.529 0
9138.37 24161.3 0
