50.3774 -11.04 0
10.4279 -1.37279 0
70.0302 -47.7885 0
131.359 -62.408 0
94.345 -55.4854 0
65.7533 -46.2713 0
46.1971 -79.4589 0
76.2939 -52.29 1
8.40382 25.3761 1
41.1934 19.7386 1
61.6257 -11.8526 1
150.079 -39.1409 0
405.475 -41.2612 0
385.612 -209.598 0
416.276 -259.571 0
442.197 -202.724 0
426.688 -175.682 0
499.892 -160.147 0
460.769 -234.449 0
464.341 -157.665 0
463.603 -182.509 0
478.697 -234.514 0
528.087 -120.917 0
512.137 -100.455 0
493.525 -78.5045 0
487.95 -140.174 0
664.54 -290.952 0
684.621 -304.392 0
683.562 -308.926 0
703.119 -323.566 0
707.247 -300.233 0
680.196 -293.856 0
655.364 -236.239 0
509.876 -239.973 0
468.579 -245.71 1
468.877 -252.021 1
439.57 -259.389 0
444.931 -242.501 0
509.683 -290.304 1
438.572 -416.937 1
306.298 -490.463 0
308.391 -476.732 0
313.548 -431.72 0
399.07 -194.824 0
585.673 26.428 1
347.668 -308.041 1
425.847 -369.086 0
494.535 -360.191 0
545.569 -342.825 0
560.328 -259.951 0
560.276 -170.02 0
562.299 -139.353 1
608.397 -38.7939 1
500.229 73.0219 0
639.166 -167.718 0
446.737 -98.0882 0
477.735 -122.542 0
404.877 -40.4396 0
453.096 -80.8443 0
481.054 -88.271 0
549.595 -84.142 0
730.517 -49.1553 0
738.332 -67.7986 0
711.128 -56.2901 1
673.719 -41.2746 1
668.416 -17.5209 0
675.408 71.3952 0
620.49 107.047 1
8967.81 -10272.6 1
36848.6 -12470.2 1
