12.9571 -6.26068 0
34.4267 -15.1337 0
96.6446 -103.282 0
122.253 147.089 0
162.43 281.109 0
262.159 310.202 0
258.385 336.59 0
225.209 354.878 0
176.207 361.877 0
149.053 350.85 0
145.559 231.047 0
62.2945 215.167 0
20.27 291.067 0
-24.0167 292.717 0
-408.769 336.804 0
-317.422 351.803 0
-245.844 347.073 0
-208.068 346.1 0
-290.931 407.577 0
-275.273 433.26 0
-83.5604 499.535 1
2714.4 292.061 1
4908.11 213.791 0
4898.16 127.904 1
4948.4 59.2802 0
4896.78 198.17 0
4922.03 -164.688 0
5064.53 13.3399 0
5091.68 43.8543 0
5136.24 104.435 0
5102.43 173.518 0
5106.89 257.348 1
5242.31 -1.95245 1
5261.07 22.0376 0
5252.17 132.078 0
5290.29 78.4326 0
5263 135.51 1
4431.19 377.77 1
4454.07 399.65 0
4458.78 432.145 1
4618.18 441.792 1
4708.01 355.608 0
4650.72 252.242 1
14937.2 2174.57 1
