0.113479 -18.4071 0
38.8499 -10.479 1
6.81445 21.4254 1
-180.502 76.7746 0
-139.826 191.001 1
-54.3336 234.786 1
-34.7344 243.175 0
-46.6964 250.612 0
37.3688 242.765 0
-153.718 460.325 0
-22.0369 297.481 1
10.5961 307.404 0
19.096 245.844 0
27.4401 225.996 0
30.0489 209.069 0
27.2752 191.529 0
30.3992 167.031 0
46.7985 75.8 0
55.1153 87.0032 1
119.149 237.127 1
-1093.78 -153.579 0
-1097.44 -161.106 0
-1108.46 -160.729 0
-628.534 -426.104 0
-644.866 -462.313 0
-709.848 -499.08 0
-698.055 -552.848 0
-695.175 -534.809 0
-463.205 -841.485 0
-480.801 -788.434 0
-605.503 -776.816 0
-689.368 -743.288 0
-1007.95 -713.174 0
-991.198 -690.078 0
-841.02 -701.231 0
307.979 -483.011 0
268.982 -420.451 0
301.565 -341.64 0
330.803 -321.493 0
259.689 -264.195 0
195.43 -276.872 0
132.212 -152.056 0
128.97 -148.284 0
136.239 -147.886 0
138.935 -158.131 0
134.889 -195.02 1
-1304.73 -1049.35 1
-1282.66 -1097.71 0
-1270.82 -1124.63 0
-1369.24 -1143.14 0
-1395.63 -1129.49 0
-1404.47 -1104.92 1
116891 -697.624 1
116883 -1193.5 0
116900 -1149.83 0
116901 -1151.48 0
116931 -1071.46 0
116961 -965.313 0
116993 -508.349 0
117008 -462.022 0
117004 -451.143 1
117003 -698.082 1
117008 -686.069 0
117039 -681.477 0
117004 -689.717 0
116983 -673.872 1
116944 -666.343 1
116925 -647.769 0
116954 -629.304 0
116930 -639.408 1
115480 -901.945 1
115492 -903.299 0
115570 -920.593 0
115592 -931.65 0
115583 -950.589 0
115582 -973.203 1
116634 -683.376 1
115756 -680.858 0
115794 -644.987 0
115826 -593.978 1
116932 -584.807 1
