-16.5709 -22.6179 0
-19.669 -13.023 0
8.50249 77.8792 0
56.1876 -24.3404 0
68.8757 -97.2175 0
51.7422 -91.914 0
-108.982 33.0689 0
-77.2507 9.83662 0
404.85 16.15 0
403.325 -43.1553 0
352.966 -58.4204 0
226.21 -50.632 0
214.194 0.154388 0
244.426 22.0745 0
252.991 -13.3952 0
252.177 24.694 0
198.785 95.7305 0
230.394 150.745 0
157.52 220.017 0
-80.7543 163.087 0
-159.005 165.304 0
-262.278 195.439 0
-676.117 127.796 0
-760.17 176.127 0
-792.139 175.915 0
1038.34 -1400.91 1
1048.15 -1448.37 0
1370 -1469.12 0
1343.91 -1315.01 0
1361.39 -1047.04 0
1328.96 -1120.45 0
1245.64 -1097.65 0
1530.24 -542.313 0
1043.14 51.3572 0
1003.54 74.0443 0
1100.3 -79.9907 0
1914.91 -873.934 0
2313.02 -1325.37 0
2381.58 -1434.97 0
2379.41 -1455.61 0
2545.94 -1519.32 0
2694.55 -1527.05 0
