-26.599 -36.4386 0
-52.1246 -22.7064 0
-110.618 75.0775 0
-164.094 198.135 0
-148.246 215.103 0
91.7025 11.0077 0
78.7322 49.637 0
53.2277 119.273 0
2.62581 155.159 1
748.231 -5.97298 1
747.645 34.1186 0
756.673 101.834 0
785.94 180.549 0
785.193 140.309 0
817.278 135.462 0
826.311 233.906 0
800.861 213.865 1
814.126 -31.7045 1
815.539 -64.8049 0
812.25 -80.2731 0
816.942 -126.21 0
795.974 -117.038 0
790.035 -170.71 1
1043.34 116.883 1
972.871 75.9597 0
980.72 113.737 0
975.353 177.278 0
964.179 224.01 0
966.274 250.338 0
985.437 275.432 0
991.418 272.934 0
100.717 1482.59 1
-22.1642 1517.77 0
-40.8025 1534.87 0
392.4 1164.21 0
371.157 1241.09 0
764.6 806.698 0
775.036 842.104 0
819.947 883.483 0
946.901 844.725 0
1033.49 924.193 0
1411.37 818.576 1
1403.99 781.377 0
1383.11 791.222 0
1484.51 744.416 0
1502.54 717.592 0
1548.18 745.654 0
1552.46 786.676 0
1569.26 870.855 0
1591.42 875.034 0
1719.87 784.176 0
