-8.27131 27.6835 0
-3.15552 13.5109 0
-33.4455 160.857 0
-49.9492 270.943 1
-34.0796 329.28 1
-35.1304 432.349 0
-78.5173 402.675 1
-7.83452 469.858 1
-46.7436 554.273 0
15.2158 633.908 0
160.034 406.3 0
165.57 443.716 0
180.573 462.842 0
344.34 496.523 0
358.041 484.895 0
394.966 416.643 0
383.097 418.897 0
327.472 413.667 0
287.117 387.157 0
324.833 334.1 0
405.609 278.291 0
1267.97 -15.1152 0
1268.79 -67.7625 0
1235.3 -108.907 0
1212.95 -65.5088 0
938.918 273.525 0
917.85 306.172 0
943.877 261.95 0
1435.79 323.953 0
1409.6 219.667 1
1356.89 303.207 1
2003.95 439.376 0
1977.95 422.436 1
2042.74 443.715 0
2064.65 440.745 0
2071.47 437.02 0
2108.71 382.265 0
2146.12 334.788 0
2173.09 279.114 0
2217.05 229.839 0
2235.56 226.607 0
2173.57 276.803 0
2199.74 210.562 0
2322.14 45.9358 0
2332.39 12.6356 0
2371.46 -8.02425 0
2403.23 -91.7808 0
2316.64 136.325 0
2349.75 117.675 0
2366.58 119.297 0
2368.24 140.385 0
2325.08 162.219 0
2090.1 213.371 0
2089.12 244.501 0
2082.82 271.994 0
2101.44 298.076 0
2152.82 252.299 0
2119.1 218.429 1
3115.69 763.755 1
