77.5737 -194.782 0
89.557 -187.838 0
109.69 -75.8648 0
34.8645 92.9179 0
29.5047 128.592 0
28.4237 138.342 0
-14.1833 74.8154 0
1.67291 40.1138 0
160.278 -54.5351 0
329.699 -31.0572 1
323.332 -32.6589 1
354.724 -159.386 0
340.333 -81.6759 0
476.679 -54.3122 0
474.392 -32.6134 0
474.446 26.9019 0
436.21 68.7651 0
424.192 76.1994 1
-2.93417 -130.944 1
2.36386 -137.505 0
-130.561 -85.4101 0
-151.132 -23.7266 0
-178.616 19.0703 0
26.9741 228.715 0
-230.12 460.457 1
393.296 713.907 0
-794.102 1338.6 1
-488.339 1107.79 0
-483.573 1136.89 1
-443.368 1244.25 1
-456.325 1262.04 0
-302.108 1265.97 0
-315.058 1265.66 1
-443.226 1512.68 1
-441.809 1536.44 0
-443.488 1528.7 0
-1486.08 1045.31 0
-1459.61 1041.72 0
-1496.34 1133.03 1
-1721.02 884.201 1
-1750.08 871.883 1
-1708.59 851.662 0
-1739.33 966.356 1
-1768.74 943.68 1
-1818.22 963.536 1
-1968.25 481.153 1
-1862.7 556.178 0
-1964.19 608.054 1
-49473.9 -61.1262 1
-49486.9 -27.0095 0
-49585.9 1.2685 0
-49617.1 23.6373 0
-49675.6 -15.3574 1
-49694.5 -36.6354 1
-49703.2 -3.42199 0
-49603.8 9.36907 0
-50497 138.813 0
-50460 209.845 0
-50453.8 208.107 1
-50197.5 174.47 1
-50124.4 144.571 0
-50364.8 147.537 0
-50379.2 85.4884 0
-50112.9 83.9145 1
-50082.6 142.991 0
-50054.3 166.541 1
-50115.2 125.751 1
-50301.2 185.174 0
-50278.5 182.378 0
-50259.9 189.655 1
-53957 2786.17 1
-53967.9 2955.91 1
-53893.1 2988.21 0
-57076.7 3243.13 0
-57067.5 3348.02 0
-57297 3395.09 1
-57334.5 3350.24 1
-57870.9 3275.79 1
-57873.7 3303.02 0
-57893.2 3352.21 1
-57991.3 3562.29 1
-57502 2875.21 0
-59474.1 2699.97 0
-59485.3 2681.03 0
-59470.2 2683.52 0
-60338.5 2023.44 0
-60029.4 2069.68 0
-59987.8 2039.23 0
-59906.2 2041.52 0
-59896.5 1964.94 0
-59867.5 1946.77 0
-59078.1 1630.93 1
-63237.6 8485.67 0
-63232.4 8573.4 0
-63207.1 8584.88 0
-63219.7 8600.75 0
-63225.9 8614.08 0
-63254.5 8649.27 1
-63393.6 8406.27 1
-63378.7 8373.75 0
-63235.2 8564.98 0
-63211.4 8446.63 0
-63229.5 8501.82 1
-64252.8 8527.67 1
-64058 8561.31 0
-64053.4 8549.11 0
-64112.8 8510.25 0
-64051.4 8572.9 0
-64049 8644.66 0
-63702.6 8450.5 0
-63202.6 4653.05 0
-63692.5 5133.02 0
-63349.2 5715.32 0
-57780.3 4660.61 0
