0.417393 -7.30992 0
20.7421 16.0837 0
-1.80659 -14.1061 0
75.2208 -29.0243 0
-150.13 5.68092 0
-109.574 -63.4245 0
-66.815 -72.0213 0
-44.5888 -15.5099 0
-77.2442 -273.823 0
-71.2743 -221.243 0
-74.0779 -214.929 1
-46.3076 -465.053 1
-85.364 -398.333 0
-58.8122 -299.557 0
-21.6029 -272.749 0
-62.273 -257.649 0
-212.827 -280.014 0
-216.435 -255.971 0
-111.681 -65.4671 0
-152.131 -39.026 0
-243.711 1.02544 0
-269.336 76.0224 0
-276.832 34.7622 0
-252.544 -188.488 0
182.538 -646.478 0
463.281 -468.775 0
507.334 -544.751 0
524.611 -551.349 0
569.281 -487.785 0
491.838 -396.643 0
451.511 -404.795 0
543.521 -414.297 0
629.719 -440.46 0
205.879 125.273 0
219.76 156.195 1
1468.96 -540.112 1
1430.3 -620.035 0
1385.85 -756.129 0
1209.58 -689.971 0
1643.28 -616.945 0
1647.61 -628.95 0
1617.82 -598.138 0
1447.6 -305.809 0
1408.29 -254.351 0
390.983 564.115 0
466.266 487.417 0
104.806 439.463 0
221.275 324.151 1
340.584 100.541 1
401.348 54.1582 0
375.689 86.6313 0
743.359 -680.812 1
803.664 -727.707 0
782.92 -734.128 0
819.72 -766.904 0
645.19 -722.365 0
2118.67 -1167.32 0
2084.61 -1179.59 0
2045.36 -1147.32 0
2067.25 -1166.54 0
2127.79 -1176.81 0
2311.56 -1577.45 0
2287.15 -1631.04 0
