-6.08205 6.77501 0
2.70889 26.477 0
9.83114 14.7686 0
-5.96245 4.03596 0
-10.509 7.41903 0
224.274 244.756 0
198.032 267.596 1
330.161 265.646 1
356.727 239.139 0
376.108 210.392 0
381.165 249.637 0
367.222 215.768 0
290.882 235.933 1
318.821 229.058 1
524.247 214.348 0
863.908 21.6945 0
848.882 49.1277 0
849.002 37.0187 0
844.819 157.501 0
848.88 134.141 0
829.142 90.7786 0
832.883 84.1624 0
938.254 122.687 0
558.293 -331.356 0
498.454 -260.259 0
469.543 -214.692 0
440.075 -154.004 0
441.158 -90.4008 0
485.34 -32.6313 0
539.321 -5.54204 1
630.468 -39.6112 1
677.569 206.72 0
640.237 253.83 0
660.95 468.307 0
837.054 448.191 1
752.842 467.66 1
746.909 515.306 0
696.467 407.102 0
708.19 323.364 0
587.297 421.517 0
575.184 427.21 0
872.708 249.532 1
870.867 306.48 0
871.227 336.816 0
911.44 375.896 0
1098.98 327.853 0
1112.78 332.068 0
1110.86 370.287 0
1121.35 360.321 0
1155.77 338.716 0
1193.76 332.994 0
1295.38 296.029 0
