-12.4729 -56.7629 0
-37.8623 -72.4449 0
-44.0782 -119.787 0
-32.2091 -176.187 0
-42.6757 -252.019 0
-120.871 -239.572 0
-63.4968 -222.49 0
-66.8696 -109.212 0
-32.5008 -92.9604 0
-70.3628 -128.014 0
352.801 119.208 0
301.216 137.327 0
295.485 126.184 0
291.041 110.782 0
448.979 -116.549 0
467.762 -184.958 0
487.105 -189.363 0
461.566 -206.304 0
490.756 -215.494 0
514.721 -217.574 0
620.557 -202.982 0
131.221 -33.6536 0
228.622 -78.8982 0
260.115 -148.645 1
355.353 -142.131 1
383.943 -90.3209 0
422.89 -53.9408 0
380.912 -103.088 0
336.134 -147.259 0
448.817 -236.067 0
446.506 -246.549 0
443.752 -262.389 0
438.32 -245.299 0
448.181 -356.345 0
439.257 -349.79 0
461.302 -428.516 0
513.778 -469.208 0
1031.39 -786.355 0
969.67 -869.443 0
1017.72 -946.728 0
1070.27 -917.806 0
1034.03 -933.035 0
1044.86 -1038.96 0
1078 -1118.42 0
1016.08 -1074.78 0
1017.08 -1032.81 0
1024.69 -975.775 0
972.287 -935.46 0
935.779 -916.163 0
967.569 -851.923 0
1089.17 -414.861 0
1068.11 -444.918 0
1003.62 -376.75 0
990.683 -420.503 0
948.937 -398.342 0
876.806 -409.549 0
892.342 -371.628 0
757.18 -599.464 0
700.226 -522.239 0
709.628 -520.2 0
702.11 -503.374 0
676.631 -466.066 0
686.549 -378.585 0
723.959 -266.57 0
702.127 -290.873 0
715.054 -399.461 0
749.668 -806.144 0
633.94 -958.053 0
651.563 -1012.91 0
575.854 -1046.34 0
571.722 -1030.34 0
570.276 -960.203 0
562.851 -902.58 0
696.047 -846.383 1
708.433 -918.969 1
668.256 -939.166 0
633.254 -975.585 0
640.982 -970.893 0
618.633 -946.927 0
614.3 -954.279 0
633.596 -909.595 0
652.987 -827.052 0
602.218 -831.072 1
883.683 -1013.66 1
910.069 -1107.03 0
969.767 -1733.1 0
921.972 -1430.14 0
824.093 -1372.9 0
821.879 -1330.19 0
864.498 -1269.25 0
828.237 -1237.4 0
754.087 -1169.81 0
767.891 -1655.72 0
836.743 -1777.74 0
506.998 -1236.16 0
562.907 -1218.85 0
-2054.85 -299.025 0
-1861.34 -259.535 0
-1745.8 -301.616 0
-1663.41 -317.815 0
-1677.04 -237.431 0
-1656.68 -360.335 1
-3017.83 215.701 1
