94.8893 -141.123 0
380.455 -371.61 1
403.265 -461.334 0
395.526 -427.121 0
384.511 -420.551 0
378.573 -414.38 0
368.665 -391.839 0
404.434 -381.054 0
301.2 -291.986 0
291.553 -476.357 0
437.959 -585.684 0
364.896 -493.995 0
231.335 -430.95 0
208.77 -428.52 0
130.161 -502.365 0
145.788 -480.209 0
133.206 -448.172 0
332.151 -580.423 0
403.735 -539.048 0
414.488 -585.224 1
24.0004 -450.053 1
-17.1484 -457.531 0
936.194 -278.044 0
828.896 -303.506 0
786.817 -301.933 0
762.712 -258.445 0
689.811 -167.378 0
738.375 -98.0461 0
846.36 -140.303 0
858.332 -118.094 0
864.076 -52.663 0
771.237 36.5863 0
734.196 59.8455 0
735.385 55.5888 1
776.236 -15.2207 1
753.553 9.67876 0
727.185 -160.213 0
734.427 -170.822 0
808.234 -189.304 0
891.718 -208.434 0
868.362 -204.172 0
670.868 57.2015 0
667.453 -98.6044 1
1458.31 -57.7 1
1436.63 0.704308 0
1443.46 27.734 0
1437.09 45.4819 0
1413.76 28.7263 1
1398.29 30.3698 1
1545.77 -47.8493 0
1919.55 606.643 0
1899.97 646.571 0
1973.2 659.25 1
2331.33 612.053 1
2322.21 613.747 0
2223.13 675.824 0
2267.03 664.347 0
2300.66 631.967 1
2652.12 928.481 1
