1.08538 -14.888 0
0.0351748 -9.18993 0
186.001 130.842 0
192.031 140.463 0
173.654 124.244 0
194.136 97.764 0
217.557 244.354 0
192.373 260.652 0
209.345 272.653 0
332.412 264.476 0
329.243 312.396 0
989.382 339.486 0
1036.76 290.336 0
1047.24 288.091 0
1025.51 253.273 0
989.022 241.687 0
644.638 283.35 0
699.968 447.156 0
568.336 774.104 1
571.58 717.371 1
561.629 781.64 0
554.512 859.769 0
547.213 847.903 1
548.27 945.714 1
505.069 970.151 0
545.314 944.97 0
533.184 847.909 0
549.316 871.776 0
613.415 901.378 0
603.668 855.667 0
421.882 1235.92 0
354.913 1244.61 0
497.373 1209.33 0
769.677 949.18 0
787.294 915.768 1
830.348 905.448 1
753.287 858.361 0
717.117 861.367 0
730.549 835.707 0
750.136 847.815 0
705.946 849.828 0
783.253 848.969 0
805.963 839.852 0
806.656 804.802 0
797.37 786.672 1
97.1196 1098.21 1
60.3992 1117.4 0
458.807 1223.71 0
363.631 1318.31 0
370.392 1396.39 0
345.811 1475.97 0
315.356 1535.6 0
285.757 1548.47 0
235.756 1590.96 0
111.454 1273.33 0
1621.96 891.083 0
1615.22 869.793 1
1785.56 818.382 1
1840.87 827.272 0
1861.3 809.729 0
1892.96 862.475 0
1525.55 958.134 0
2138.78 863.979 0
2153.91 872.001 0
2176.57 850.451 0
2131.68 1129.59 0
1987.17 1008.92 0
2082.08 827.981 0
