-52.3712 -59.8331 0
-190.918 -112.441 0
-156.573 -141.264 0
-270.188 -166.36 0
-202.848 -51.0121 0
-163.099 -24.3118 0
-163.032 0.112976 0
-117.682 151.232 0
-131.442 167.508 1
-677.612 23.9354 1
-589.128 103.413 0
-544.783 201.501 0
-347.617 229.3 0
-315.945 280.958 0
-124.643 143.451 0
-103.497 105.065 1
-321.273 -315.242 1
-364.079 -285.089 0
-381.206 -300.826 0
-462.543 -320.156 0
-420.388 -276.711 0
-376.094 -251.769 0
-1516.29 -1105.32 1
-1563.78 -1108.83 0
-1574.47 -1051.53 0
-1581.35 -1025.47 0
-1577.97 -1082.22 1
-1543.09 -1017.02 1
-1521.29 -1012.15 1
-3273 -863.581 1
-3274.23 -809.518 1
-3318.13 -769.602 0
-3307.4 -700.79 0
-3247.33 -746.13 0
-3243.54 -740.128 0
-3176.42 -740.216 1
-2378.38 -454.139 1
-2217.22 -698.274 0
-2210.48 -700.593 0
-2201.37 -719.505 0
-2235.28 -694.674 0
-2267.08 -704.399 0
-1685.08 -673.967 1
-1713.45 -634.734 0
-1721.28 -396.48 0
-1801.3 -668.29 1
-1333.56 -397.973 1
-1194.65 -449.099 0
-1230.87 -452.981 0
-1259.78 -411.592 0
-1239.38 -350.779 0
-1313.88 -332.61 0
-1421.68 -341.377 0
-1434.51 -273.278 0
-1366.69 -266.211 0
-1479.73 -256.047 0
-1494.23 -166.452 0
-1371.36 -224.893 0
-1169.77 -581.001 0
-959.182 -580.178 0
-940.194 -663.242 0
-918.915 -791.927 0
-933.181 -723.336 0
-976.944 -801.445 0
-959.913 -819.89 0
-969.718 -837.465 0
-961.278 -845.61 0
-1602.99 -881.6 0
-1685.36 -647.519 0
-1633.94 -1993.01 0
-1164.75 -1908.49 0
