-103.67 42.693 0
-130.954 35.44 0
16.4301 301.472 0
155.266 659.097 0
271.821 972.345 1
341.719 1154.62 1
301.985 1186.77 0
281.041 1204.45 0
272.825 1185.53 0
67.1693 1045.37 0
64.0691 1097.89 0
64.4537 941.435 0
62.6354 864.852 0
37.55 817.129 0
20.3615 650.718 0
76.7135 874.436 0
58.909 869.911 0
370.586 1106.59 0
328.443 1030.5 0
285.372 1007.64 0
251.804 1018.07 0
304.928 1092.12 0
479.396 909.541 0
347.11 1294.35 0
-4469.32 8056.72 0
-4510.43 8136.31 1
-4517.41 8210.88 1
-6316.64 4347.23 0
-6328.72 4321.62 0
-6355.92 4331.02 0
-6329.17 4336.01 0
-6210.06 4519.48 0
-6249.75 4609.9 0
-6171.44 4582.72 0
-6120.17 4557.51 0
-6086.86 4530.63 0
-5996.1 4624.7 0
-5215.36 4608.8 0
-5200.86 4514.95 0
-5174.68 4493.13 0
-5212.36 4480.04 0
-5246.36 4544.49 0
-5111.87 4394.92 0
-5055.66 4418.87 0
-4347.5 4765.36 0
-4306.79 4758.35 0
-3910.43 4794.53 0
-3882.77 4807.96 0
-4102.76 5304.31 0
-4099.16 5327.61 0
-4891.58 6013.48 0
-4828.39 6025.96 1
-615.283 -3364.78 1
