29.1631 -26.349 0
61.0633 -49.3779 0
157.699 -83.8403 0
77.1882 -10.3764 0
30.9862 -10.2235 0
25.7212 -5.85402 1
80.7938 -132.296 1
59.2852 -39.1058 0
96.3254 -41.8752 0
-135.862 52.0065 0
-251.604 79.115 0
-238.612 142.379 0
-257.038 181.741 0
-356.34 140.794 0
-163.7 -110.935 0
-180.83 461.028 0
-184.335 501.537 0
-202.177 566.092 0
-248.822 635.409 0
-313.772 685.815 0
-272.346 787.772 0
-239.257 708.409 0
-269.807 621.033 0
-141.732 494.798 0
-73.0766 462.495 0
-146.125 494.438 0
539.461 110.809 0
578.084 75.1657 0
579.078 54.7904 0
541.647 71.3656 0
465.701 109.756 0
423.474 153.67 0
342.493 179.557 0
348.967 216.532 0
493.974 127.858 0
481.421 137.144 0
478.594 132.278 0
477.036 -89.7893 0
503.632 -141.36 0
492.89 -73.4098 0
456.376 47.0321 0
441.809 127.737 1
473.481 196.337 1
490.511 183.711 0
668.679 256.772 0
610.311 413.73 0
583.932 456.44 0
605.575 414.583 0
680.144 281.373 0
699.195 193.524 0
863.91 -143.605 0
906.754 -300.043 0
806.511 1.61899 0
776.537 -34.2316 0
968.919 -315.101 0
958.885 -30.8116 0
916.974 100.579 0
840.24 272.843 0
762.394 445.036 0
483.529 669.309 0
-329.991 1386.49 0
-300.643 1368.42 0
-262.798 1410.33 1
-193.723 1429.51 1
-1683.98 8277.88 0
-1440.77 12064.8 0
-1539.58 11313.9 0
-1472.54 11319.7 1
-1436.57 11303 1
-690.285 10494 1
-643.733 10538.2 0
-613.859 10542.8 0
-641.567 10489.6 0
-678.469 10412.7 1
-584.642 10490.6 1
-607.577 10510.3 0
-722.209 10574.5 0
-784.66 10630.3 0
-279.196 10006.2 0
-218.242 9992.24 0
-438.845 9832.9 0
-441.43 9809.3 0
-422.505 9834.19 0
-443.293 9849.44 0
-409.814 9893.36 0
-464.565 9871.11 0
-455.839 9901.54 0
-587.758 9881.92 0
-1088.23 10296.3 1
