-0.572093 -25.2406 0
4.02509 13.8963 0
-8.18379 -16.2418 0
-29.0498 -50.0736 0
-610.099 82.5125 0
-425.727 112.441 0
-447.077 91.8584 0
-461.447 60.6833 1
-454.577 130.811 1
-412.361 64.7527 0
-497.662 129.69 1
-2012.49 -431.016 1
-2000.76 -364.416 0
-2015.62 -364.737 0
-2010.12 -264.986 0
-2025.09 -270.329 1
-1713.35 -440.188 1
-794.248 1454.8 0
-855.326 1420.59 0
-912.584 1402.03 0
-963.349 1398.94 0
-999.676 1391 0
-1196.02 1533.72 0
-1270.96 1672.81 0
-1313.77 1721.22 0
-1279.76 1724.88 1
-1292.41 1751.47 1
-1311.65 1744.46 0
-1166.21 1689.17 0
-1171.91 1690.71 0
-1128.17 1604.15 0
-728.655 1466.1 0
-656.597 1519.96 0
-557.321 1503.71 0
-494.937 1513.4 1
811.624 2486.51 1
871.096 2423.91 0
925.788 2345.5 0
917.895 2315.74 0
861.251 2344.73 1
922.639 2316.56 1
807.526 2304.69 0
818.734 2321.34 0
862.392 2361.53 0
899.878 2410.25 0
2568.15 2056.17 0
2548.22 1803.63 0
2512.55 1683.6 0
2491.31 1646.5 0
2443.22 1661.79 0
2397.65 1612.59 0
2425.3 1674.52 0
2436.75 1701.45 0
2434.08 1674.76 1
2462.67 1688.59 1
2424.55 1699.93 0
2368.71 1706.71 0
2382.99 1793.74 0
2314.89 1942.61 0
2243.56 2018.07 0
2402.44 2254.1 0
2467.95 2312.63 0
2519.43 2332.96 0
2552.89 2352.35 0
2634.17 2372.94 0
2618.22 2301.73 0
2582.36 2254.18 0
2571 2278.63 0
2570.01 2291.86 0
2576.79 2275.33 0
2529.78 2190.5 0
2611.34 1906.13 1
2669.91 1796.15 0
2699.38 1753.68 0
2712.8 1745.31 0
2720.14 1710.91 0
2684.22 1688.3 0
2697.5 1719.86 1
2704.69 1728.02 1
2609.42 1861.42 0
2598.42 1844.92 0
2604.08 1875.03 0
2603.04 1811.85 0
2665.98 1882.13 1
3282.22 1914.77 1
3255.14 1890.46 0
3274.89 1905.1 0
