15.6934 25.7899 0
-28.6045 -60.6369 0
-16.0757 -106.404 0
-31.4791 -136.747 0
389.253 -311.124 0
401.528 -327.96 0
562.166 -144.896 0
705.951 -152.065 0
777.272 -156.759 1
747.196 -83.0807 1
771.233 -93.1122 0
1115.7 -746.678 0
1110.75 -677.509 0
1096.28 -560.859 0
1136.77 -462.393 0
1170.11 -441.315 0
1133.4 -371.378 0
1159.61 -334.091 0
1307.24 -307.878 0
1368.84 -403.123 0
1384.02 -422.154 0
1387.04 -418.764 0
1322.57 -441.213 0
1359.74 -451.032 0
1371.94 -467.867 0
1349.98 -338.871 0
1324.34 -352.091 0
1316.98 -388.133 0
1357.18 -351.881 0
1351.71 -136.705 0
1307.33 -8.74756 1
1341.72 -201.896 1
1324.32 -280.651 0
1185.51 -513.435 0
1417.72 -502.153 0
1310.14 -443.552 0
1132.99 -6.29016 0
4745.61 -649.037 0
