25.5798 16.604 0
24.492 12.4749 0
11.5113 1.87902 0
28.8209 -31.0802 0
3.33889 -66.2338 0
40.7037 -103.126 0
32.5903 -102.833 0
-33.9913 -87.6588 0
85.4895 -140.86 0
89.6012 -119.483 0
74.534 -128.604 0
85.8483 -49.9245 0
121.151 -55.5293 0
921.511 -272.333 0
853.056 -310.017 1
846.4 -281.592 1
841.281 -258.579 0
775.293 -245.895 0
773.506 -253.996 0
1063.85 -510.878 0
1039.4 -414.619 0
1117.76 -414.657 0
1136.52 -418.618 0
1161.51 -417.77 0
1190.3 -415.213 0
1273.75 -398.925 0
1260.2 -370.026 0
1210.71 -338.938 0
905.818 -327.841 0
885.256 -249.536 0
898.691 -268.821 0
913.506 -305.48 0
869.374 -296.545 0
841.952 -280.074 0
1083.38 -289.742 0
1123.35 -324.283 0
1147.99 -328.327 0
1294.68 -344.38 1
1267.62 -355.123 1
1249.72 -356.569 0
1216.45 -369.296 0
1154.84 -329.567 0
1135.7 -276.149 0
1182.78 -252.804 0
1199.37 -140.201 0
1186.75 -103.874 0
1164.79 -92.2466 0
1143.7 -121.26 0
1107.47 -132.62 0
1159.7 -124.104 0
1176.71 -128.272 0
1231.8 -210.56 0
1176.24 -227.837 0
1145.21 -154.153 0
1131.69 -149.988 0
1127.04 -170.846 1
1148.28 -198.993 0
1184.36 -231.112 1
1252.67 -280.416 0
1283.15 -304.468 0
1445.99 -314.973 0
1431.75 -335.812 0
1305.89 -333.724 0
1372.77 -329.748 0
1361.49 -239.586 0
1432.67 -227.61 0
1492.97 -246.455 0
1502.9 -210.368 0
1531.54 -178.663 0
1389.81 -99.9857 0
1389.09 -99.9649 0
1371.26 -118.93 0
1654.01 -708.64 1
1658.66 -683.172 0
1621.71 -622.52 0
1592.05 -621.709 0
