-7.58847 -77.3971 0
34.382 -37.4257 0
-15.0728 -24.2606 0
-40.9961 -44.6219 0
-2.77114 -78.2102 0
10.591 -91.7984 0
-75.4759 -107.625 0
26.979 -139.275 0
47.6027 -98.0382 0
29.2951 -23.189 0
-101.938 347.511 0
-30.3794 488.549 0
42.7389 465.062 1
38.2219 453.323 1
386.585 215.427 0
554.38 -33.4938 0
643.355 47.3373 0
586.711 135.965 0
625.773 229.763 1
630.878 -247.116 1
637.122 -268.763 0
625.74 -261.619 0
263.204 37.5858 0
267.073 16.7644 0
263.62 15.3028 0
211.556 70.4425 0
291.446 114.308 0
280.214 118.174 0
280.089 126.092 1
-2016.25 -58.5495 1
-2043.89 -63.9845 0
-2045.42 -72.3014 0
-1951.07 -41.4245 0
-1944.97 -46.4475 0
-2000.03 -77.9347 0
-2005.62 -75.7369 0
-1825.78 -67.8033 0
10.3031 31.8757 0
11.7434 -120.073 0
-155.316 -401.23 0
-103.107 -369.2 0
-79.3538 -361.496 0
-58.169 -458.652 0
-45.3386 -458.759 0
-33.858 -390.328 0
-57.4959 -324.827 0
-91.3401 -228.376 0
-90.4034 -153.41 0
-102.444 -171.408 0
2.69639 -359.603 1
-1.9922 -361.831 0
20.484 -350.668 0
16.5564 -359.955 0
46.3261 -361.204 1
146.818 -370.288 1
178.867 -349.823 0
292.538 -792.973 0
287.632 -703.123 0
206.749 -639.398 0
239.979 -609.654 1
244.474 -644.158 1
276.227 -630.398 0
288.989 -585.918 0
195.265 -638.333 0
420.84 -630.021 0
366.417 -621.746 0
169.551 -539.3 0
227.231 -532.945 0
478.06 119.211 0
