63.7329 -15.3898 0
29.1905 46.7316 0
124.211 89.0006 0
138.676 28.5998 0
99.0621 55.9987 0
75.7084 145.566 0
78.2824 199.05 0
88.9728 252.46 0
110.739 345.312 0
93.2375 334.463 0
101.979 335.409 1
44.4533 41.5071 1
-1564.89 542.861 0
-1520.94 473.079 1
-1379.71 467.539 0
-1337.9 446.852 0
-1314.41 453.952 0
-1305.53 503.613 0
-1375.94 853.859 0
-1340.23 834.922 0
-1262.5 744.734 0
-1093.6 620.108 0
-1078.41 599.293 0
-1075.68 557.201 0
-1067.58 537.756 0
-1037.79 538.312 0
-1057.47 522.979 0
-991.223 574.431 0
-1014.47 590.976 1
-1086.86 663.196 1
-971.38 741.023 0
-971.73 816.125 0
-1006.06 839.729 0
-1024.29 839.476 0
-1021.59 835.676 0
-1006.42 839.953 0
-1072.08 875.562 1
-1120.66 899.831 1
-1122.1 972.373 0
-954.244 944.915 0
-947.474 873.432 0
-863.493 927.239 0
-938.014 604.973 0
-995.263 645.147 0
-1013.37 794.882 0
-973.384 803.064 0
-1138.59 874.641 0
-1172.12 923.477 0
-1185.13 931.373 0
-1221.59 805.889 0
-1345.66 893.899 0
-1347.44 940.645 0
-915.746 1124.99 0
-768.672 1027.32 0
-893.146 1033.75 0
-900.785 1007.81 0
-888.877 1011.27 0
-862.081 991.033 0
-923.915 947.519 0
-924.786 929.954 0
-932.393 963.989 0
-989.548 1024.22 0
-874.232 1129.63 0
-784.302 1114.59 0
-846.507 1197.83 1
-267.544 1156.27 1
-52.1612 787.261 0
76.3458 875.147 0
152.211 1081.72 0
-62.0541 957.966 0
-72.4668 991.841 0
-92.8767 1059.06 0
-102.985 1129.73 0
-223.367 976.051 0
78.6689 1029.15 0
92.4076 1059.34 0
49.4525 1147.36 0
113.639 1104.19 0
122.235 1114.5 0
148.817 1137.39 0
319.742 996.783 0
381.435 908.388 0
360.042 876.64 0
319.474 920.673 0
328.327 1035.71 0
345.988 1154.29 0
471.922 1140.56 0
476.276 1192.61 0
459.965 1225.87 0
428.801 1228.6 0
246.12 1236.3 0
297.286 1211.97 1
281.41 1316.02 1
251.225 1299.11 0
278.285 1309.33 0
264.314 1341.09 0
204.101 1395.4 1
229.398 1416.85 1
231.43 1388.27 0
-127.878 1082.46 0
6.5771 1148.35 0
1884.58 414.128 0
1791.74 469.996 0
