854.423 -268.483 0
833.312 -297.122 0
807.348 -265.967 0
837.899 -254.419 0
771.911 -55.6129 0
754.332 -10.702 0
751.763 11.1181 1
761.608 227.366 1
757.392 218.707 0
718.42 176.837 0
715.386 238.666 0
659.961 294.028 0
619.306 235.041 0
637.116 261.979 0
619.406 323.776 1
1080.9 303.285 1
1083.26 288.239 0
1093.6 353.436 0
1090.17 342.262 0
1104.72 372.306 0
1057.06 407.528 0
988.378 439.153 0
1015.75 478.946 1
1196.4 458.942 1
1161.55 483.063 0
1160.6 461.297 0
1166.88 435.053 0
1102.27 436.001 1
1126.31 299.909 1
1187.17 337.478 0
1145.41 337.125 0
1120.97 339.319 0
1071.95 344.304 1
1026.36 370.837 1
1033.64 341.986 0
1153.84 539.454 0
1242.99 323.417 0
1220.91 876.193 0
1284.33 988.223 0
1100.42 1029.78 0
561.663 993.954 0
591.243 992.202 0
564.56 969.337 0
545.124 1026.15 0
508.156 1052.84 0
479.288 1292.49 0
509.317 1297.45 0
473.442 1419.79 0
479.674 1525.26 1
454.119 1615.79 1
485.773 1642.01 0
543.192 1646.85 0
622.814 1643.77 0
603.422 1708.36 0
671.338 1764.11 0
404.835 1457.67 0
342.338 1394.04 0
273.71 1430.59 0
237.627 1480.68 0
264.395 1572.43 0
264.273 1552.17 0
246.934 1547.1 0
208.473 1589.78 1
213.445 1660.73 1
251.07 1869.5 0
316.504 1825.81 1
368.247 1853.82 1
1932.24 1671.44 0
1968.63 1359.11 0
1938.04 1342.16 0
2228.72 1392.99 0
2168.88 1403.88 0
2159.65 1493.66 0
