-45.0666 -84.2546 0
-34.7425 -112.869 0
31.2944 -69.7167 0
118.902 -48.574 0
182.193 -19.8185 0
236.201 -13.3535 0
234.886 -5.03778 0
240.014 28.3809 0
239.769 43.6581 0
244.41 14.532 0
209.83 104.029 1
158.889 -204.156 1
222.392 -243.795 0
212.014 -215.534 0
217.618 -138.157 1
292.244 -104.205 1
337.726 -19.4051 0
337.049 -20.6884 0
328.777 -94.221 1
348.761 -143.709 1
302.94 -125.031 0
288.998 -65.0343 0
326.5 -96.8733 1
548.982 -265.524 1
533.422 -309.506 0
532.678 -311.552 0
435.096 -234.151 0
410.697 -278.582 0
484.871 -306.289 0
472.595 -292.141 0
471.169 -236.073 0
440.372 -224.229 0
432.025 -206.322 1
490.768 -381.87 1
414.592 -372.18 0
447.296 -405.382 0
459.636 -433.809 0
468.766 -474.641 0
462.737 -566.062 0
446.604 -543.563 0
437.904 -514.999 0
483.051 -457.862 1
479.838 -417.558 1
473.424 -424.807 0
480.627 -446.697 1
485.469 -385.447 1
486.344 -385.033 0
474.309 -348.466 0
577.208 -302.518 0
542.78 -231.7 0
524.412 -177.052 0
515.155 -144.685 0
510.037 -134.185 0
509.864 -133.38 0
533.794 -142.673 0
563.943 -145.96 0
617.278 -269.069 0
628.566 -173.522 0
1031.9 -572.15 0
