29.753 3.91691 0
-210.002 279.819 0
-209.822 300.832 0
-263.308 335.15 0
-322.854 417.178 0
-314.391 473.658 0
-303.55 476.389 0
-275.694 522.096 0
-318.394 513.8 0
-363.439 550.029 0
-328.958 506.498 0
-279.472 551.458 0
-221.487 564.617 0
52.228 544.755 0
-8.7798 691.298 0
-160.696 676.894 0
-321.433 651.065 0
-806.956 561.386 0
-943.187 589.997 0
-994.32 552.999 0
-1006.21 513.723 0
-922.853 524.586 0
-913.892 523.899 0
-886.37 520.301 1
-909.003 473.068 1
-968.9 412.161 0
-1030.01 490.917 0
-1004.46 552.463 0
-918.627 594.186 0
-782.391 654.895 0
-767.528 625.599 0
-919.931 391.785 1
-1718.19 167.341 1
-1723.8 171.958 0
-1746.05 134.293 0
-1734.79 144.757 0
-1748.19 174.321 1
-1795.39 187.807 1
-1783.6 208.971 0
-1727.46 237.725 1
-1830.96 202.529 1
-1828.14 229.638 0
-1869.72 235.498 0
-2000.76 76.6794 0
-2037.04 125.832 1
-2002.43 159.855 1
-1954.89 226.432 1
-2360.47 380.452 1
-2367.39 361.83 0
-2338.05 338.987 1
-2325.71 334.542 1
-2249.99 323.638 1
-10213.4 1272.72 1
-10247.9 1311.35 0
-10067.1 1290.72 0
-9872.48 1505.9 1
-9186.94 1363.15 1
-9378.46 1425.25 0
-9407.16 1470.89 0
-9407.06 1494.47 0
-9257.58 1687.15 0
-9257.06 1762.67 0
-8778.76 1845.24 0
-8322.91 2651.66 0
-8303.67 2683.35 0
-8346.46 2663.66 1
-8316.92 2806.13 1
-8263.56 2616.45 0
-8258.88 2721.77 0
-8272.69 2698.15 1
-8473.51 1278.23 1
-8422.43 1260.13 0
-8534.05 1325.07 0
-9228.05 2150.59 0
-9269.29 2188.57 1
-9309.12 2210.01 1
-7144.9 1966.98 1
-7166.4 1953.6 0
-7296.7 1956.89 0
-7332.78 2019.34 0
-7366.12 2145.35 0
-7376.74 2252.99 0
-7536.94 3063.49 0
-7549.38 3180.47 0
-7523.35 3267.34 1
-7451.76 3057.89 1
-7407.49 2884.86 0
-7394.44 2939.64 0
-7417.03 3028.31 0
-7424.29 3036.72 0
-7545.26 3120.13 0
-7588.72 3134.49 0
-7633.33 3119.53 1
-7559.35 1935.91 1
-7640.69 1814.88 0
-7661.34 1762.43 0
-7621.77 1750.44 0
-7653.37 1749.57 0
-7569.14 1719.79 0
-7533.14 1743.75 0
-8447.12 2143.97 0
-8470.45 2267.65 0
-8495.4 2623 0
-8308.24 2954.81 0
-24859 6335.61 0
-24591.4 6285.01 0
-24569.8 6360.78 0
-27206.3 3059.76 0
-27199.2 2976.93 0
-26827.9 3487.7 0
-25242.6 2986.87 0
-25275.3 2991.78 0
-25330.5 3031.15 0
-25373.4 3031.23 0
-25428.6 2985.85 0
-25848.8 2530 0
-25898.6 2510.84 0
-26428.9 2513.09 0
-26344.5 2561.02 0
-25974.6 2668.51 0
-25084.1 2671.14 0
-25110.9 2658.62 0
-25082.5 2609.44 0
-24047.9 2127.44 0
-24038 2047.12 0
-24320.9 2203.14 0
-24389.2 2305.96 0
-24583.8 2533.47 0
-24654.4 2627.47 0
-23973.5 2756.38 1
-23604.3 2424.54 0
-23597.4 2457.82 0
-23692.6 2585.4 0
-23777.8 2611.38 0
-23867.1 2628.65 0
