30.0316 7.58575 0
115.195 86.8723 0
186.164 32.8144 0
335.596 109.544 0
377.132 164.093 0
161.651 174.18 0
208.262 216.238 1
283.799 106.386 1
294.567 138.639 0
394.665 10.1964 0
599.133 195.904 0
526.544 228.903 0
526.533 230.987 0
571.529 241.844 1
574.237 257.775 1
579.53 231.19 0
581.805 239.803 0
575.135 235.331 0
576.174 270.538 0
572.385 259.754 0
576.792 241.772 0
590.2 253.283 1
565.583 238.404 1
528.285 211.796 0
514.852 172.744 0
471.119 -157.149 1
503.833 -139.793 0
489.746 -193.293 0
473.064 -181.335 0
450.676 -188.077 0
440.57 -156.456 0
411.302 -118.848 1
246.406 2.48627 1
240.551 0.481227 0
241.355 -5.29929 0
252.174 110.149 1
276.341 90.3918 1
325.809 11.438 1
-1475.87 -446.969 1
-1466.25 -461.039 0
-1430.68 -441.781 1
226.874 -235.898 1
205.994 -203.936 0
168.843 -220.185 0
280.623 -151.293 0
230.526 -147.729 0
237.839 -208.534 0
300.144 -210.817 0
406.802 -246.03 0
1077 26.8286 0
-1437.45 -1995.52 0
-1440.36 -1997.46 0
4.39844 -1818.67 0
-56.9209 -1735.36 0
-120.952 -1727.2 0
-208.775 -1567.42 0
-207.321 -1567.25 0
-192.457 -1566.66 0
-149.691 -1598.79 0
-166.891 -1636.81 0
-189.578 -1552.21 0
-201.609 -1501.04 0
-227.582 -1480.51 0
-237.509 -1487.56 1
46.0841 -1613.2 1
6.34575 -1508.32 0
-79.8709 -1422.58 0
-82.7695 -1386.24 0
-67.4434 -1353.77 1
-104.333 -1345.62 1
-103.261 -1353.05 1
490.005 -1500.43 1
502.466 -1591.06 0
534.456 -1681.68 0
601.489 -1759.82 0
548.175 -1676.62 0
510.751 -1655.78 0
495.992 -1526.82 0
531.561 -1511.57 0
480.867 -1475.55 0
388.503 -1397.76 0
398.802 -1357.91 1
