-9.60142 42.4784 0
-50.1226 26.6096 0
-27.9461 -69.4375 0
37.588 -36.0792 0
119.345 67.2237 1
144.005 170.209 1
69.58 226.801 0
121.407 254.673 0
52.0001 171.688 0
122.095 249.536 0
94.1852 225.349 0
35.1625 183.704 0
72.7555 256.907 0
74.3082 236.205 0
-869.05 380.637 0
-833.174 413.979 0
-824.329 465.736 0
-904.595 510.79 0
-910.72 520.986 1
3952.66 -3380.3 1
12506.2 556.007 0
12528.1 26.0763 0
12570.2 -32.8651 0
12546.6 -20.285 1
12628.2 20.2692 1
13621.6 -92.236 0
13648.9 -102.845 1
13658.1 -95.4462 1
13655.1 -120.487 0
13531.4 -178.591 0
13496.8 -156.734 0
