-379.082 336.212 0
-461.846 336.765 1
-331.511 215.219 0
-208.587 181.887 1
-1383.67 305.766 1
-1306.87 298.227 0
-927.848 159.303 0
-402.14 -18.1152 0
-400.033 -31.9397 0
-433.691 -58.8035 0
-413.623 -135.92 0
-495.061 -147.915 0
-715.115 -201.688 0
-754.216 -216.656 0
-825.1 -229.45 0
-824.288 -226.044 0
-797.594 -168.174 1
-132.664 -163.442 1
-92.0678 -212.77 0
-86.4287 -231.406 0
-111.561 -240.036 0
-71.7787 -266.103 0
-119.456 -182.223 0
-97.1553 -278.956 0
-9.69256 -304.889 0
-14.0092 -339.238 0
2.46635 -347.075 0
7.7049 -345.76 0
83.5645 -416.072 0
95.5676 -375.051 0
197.639 -337.191 0
181.275 -296.995 0
142.629 -286.778 0
126.739 -266.44 0
592.606 -823.232 0
597.351 -919.92 0
566.78 -992.446 0
529.011 -1012.83 0
553.071 -974.398 0
532.435 -928.232 0
741.121 -1323.72 0
710.999 -1147.83 0
597.358 -512.188 0
506.16 -397.442 0
558.477 -522.157 0
452.917 -444.473 0
384.889 -476.42 0
830.744 -613.919 0
873.914 -540.269 0
864.73 -443.824 0
899.044 -478.394 0
479.016 -29.5988 0
439.574 2.89232 1
618.696 -577.359 1
1734.42 -1774.9 0
1413.61 -1057.37 0
