-23.8852 17.472 0
-32.685 44.024 0
22.6734 88.6338 0
29.3027 128.536 0
38.7668 116.274 0
52.8797 112.963 0
96.1379 114.57 1
-224.782 421.192 1
4.48721 465.224 0
163.545 348.969 0
713.015 205.558 0
796.916 158.148 0
739.417 151.908 0
733.087 167.388 0
701.892 58.4656 0
641.191 100.302 0
656.685 124.017 0
640.097 196.185 0
622.734 240.25 0
907.639 174.577 0
964.85 89.3904 0
956.483 21.6548 0
887.102 -8.30805 0
876.187 90.8531 0
1154.21 -101.511 0
1195.29 -121.385 0
1328.18 -72.3594 0
1304.89 -102.158 0
1364.17 -110.787 0
1364.48 -139.266 0
1353.16 -98.9808 0
1324.69 -125.261 0
1583.2 -130.833 0
