-7.29493 100.466 0
-85.8784 135.57 0
-167.899 296.715 0
-194.214 345.505 1
297.037 807.789 1
297.139 737.927 0
460.767 338.768 0
471.878 350.416 1
529.827 367.278 1
475.639 391.04 0
426.355 435.069 0
347.133 438.547 0
323.238 395.573 1
1141.15 20.2411 1
1096.92 35.1759 0
1047.92 111.452 0
1012.81 94.7775 0
986.314 -46.6846 0
986.746 -57.2974 0
976.276 -48.5999 0
1127.78 527.432 1
1191.9 593.709 1
1566.35 289.402 0
1620.01 344.519 0
1574.9 347.529 0
1527.69 436.218 0
1262.54 543.893 0
1247.48 605.126 1
1241.74 674.041 1
1189.07 768.394 0
1317.01 801.819 0
2051.6 -15.565 0
1984.08 -40.68 0
1579.86 164.376 0
1518.96 276.233 0
1533.27 298.81 0
16147.4 578.078 0
16114.7 367.929 0
15931.3 342.167 0
16013.8 324.797 0
15983.8 353.004 0
15947.9 399.195 0
15939.1 462.982 0
16009.6 437.309 0
16159.5 -111.757 0
16232.6 -208.179 0
16220.9 -362.606 0
16253.9 -325.348 0
16199.8 -366.503 0
16214.1 -336.675 0
16239.9 -195.36 0
