-19.8533 0.175871 0
-39.5663 -24.6784 0
-34.0343 -9.26427 0
12.2746 -1.38459 0
-164.512 8.94288 0
-267.211 7.8342 0
-210.683 31.3153 0
-193.709 66.0466 0
-208.981 92.8672 0
-1069.23 -35.9697 0
-602.325 12.0479 0
-617.14 76.8411 0
-610.82 187.536 0
-559.71 209.792 0
-520.816 167.459 0
-481.451 122.704 0
-519.646 89.5383 0
-528.433 2.09262 0
-538.391 -8.1284 0
-490.648 118.216 0
-400.845 123.167 0
-329.687 348.335 0
-349.744 368.164 0
-330.931 322.211 0
-340.878 294.635 0
-335.757 278.975 0
-357.784 277.929 0
-66.9557 311.483 0
-88.1463 254.256 0
-28.8207 176.393 0
122.029 -62.1545 0
429.804 -384.966 0
412.632 -371.601 0
366.053 -364.656 0
292.257 -299.258 0
320.613 -290.833 0
362.497 -266.198 1
398.915 -396.536 1
275.447 -312.934 0
283.486 -171.419 0
413.154 -143.016 0
-134.044 -27.9199 0
-121.238 37.8977 0
-93.4638 44.6916 0
-61.0638 43.7411 0
-2.74257 -4.50704 0
50.9722 -39.0743 0
-370.259 82.9928 0
-455.907 171.954 1
1043.3 -45.3725 1
1049.27 -43.5093 0
974.34 -51.9041 0
870.579 -2.93875 0
837.302 79.6282 0
870.34 168.267 0
878.694 198.549 0
875.949 185.501 0
862.795 164.08 1
-3659.05 -648.641 1
-3069.91 -733.17 0
-3011.74 -767.033 0
-2872.72 -870.68 0
-2836.62 -966.294 0
-2804.43 -1013.01 0
-2758.94 -1071.66 0
-2777.53 -1106.84 0
-2751.15 -1139.44 0
-2720.3 -1140.94 0
-2726.83 -1135.6 0
-2860.23 -986.606 0
-2874.24 -1084.94 0
-2835.37 -1088.91 0
-2760.67 -1057.61 0
-2708.65 -1024.14 0
-2734.62 -986.101 0
-2751.29 -929.184 0
-2779.1 -923.187 0
-2799.56 -1016.75 0
-2635.92 -1121.87 0
-2602.47 -980.143 0
-2636.19 -983.503 0
-2684.35 -966.183 0
-2725.78 -959.292 0
-2761.86 -891.706 0
-2758.42 -887.497 0
-2752.52 -820.21 0
