-51.7738 25.0308 0
16.6804 57.2674 0
8.86664 80.0437 1
-17.6057 120.118 1
-54.1406 172.15 0
-17.6386 148.966 0
30.5667 135.593 0
-22.6951 193.576 0
53.5449 291.329 0
48.2862 249.474 0
894.474 -163.254 1
869.679 -178.844 0
893.185 -211.727 0
830.867 42.3301 0
800.409 102.037 0
798.685 163.46 0
1082.15 36.7983 0
1066.15 82.672 0
1061.45 83.2606 0
1047.91 85.8997 0
1185.73 8.90839 1
1138.62 23.7127 1
1123.74 53.6985 0
1126.8 111.599 0
1157.9 213.387 0
1139.74 254.906 0
1273.65 391.071 0
1274.63 420.849 0
1263.46 359.319 0
1236.51 228.158 0
1541.41 315.419 0
1552.8 345.932 0
1586.65 322.307 0
1677.79 448.09 0
1855.02 596.62 0
1887.1 587.192 1
1987.85 691.974 1
1919.27 563.58 0
1996.81 545.977 0
2083.3 635.38 0
1840.55 1067.11 0
1500.08 1284.97 1
89408.3 -21671.5 1
67717.7 -57714.4 0
67724 -57687.6 0
67703.4 -57730.6 0
67823.1 -57637.7 0
67826.8 -57624.7 0
67809.5 -57624.3 0
67701.8 -57030.9 0
67608.8 -57000.9 0
67600.2 -56934 0
67642.4 -56892.3 0
67564.7 -56844.9 1
67461.4 -56815 1
67503.3 -56721.4 1
