-37.0219 14.395 0
-98.4566 51.0921 0
-103.598 64.9941 0
-111.504 91.8359 0
-128.643 107.528 0
-167.289 126.861 0
-241.473 194.038 0
-254.818 189.89 0
-71.3621 285.662 0
-88.7477 296.676 0
-48.3529 382.585 0
-54.9383 492.981 0
-72.1251 640.24 0
-104.381 690.766 0
-120.696 675.446 1
-863.448 574.634 1
-858.113 531.972 0
-206.487 -199.255 0
-124.215 -158.077 0
-138.328 -210.314 0
-116.127 -136.711 0
-132.191 -60.7099 0
-80.9228 -18.5348 0
-256.221 177.146 0
-283.358 225.582 0
-295.621 247.835 0
-264.126 225.017 0
-245.639 258.214 0
-282.123 250.64 0
-185.152 355.89 0
-190.009 378.631 1
-74.3295 343.683 1
-28.8709 439.119 0
8.69134 469.967 0
93.132 460.003 0
5.49367 417.11 0
-63.4684 434.146 0
155.848 258.653 0
174.077 245.185 0
513.214 -77.9352 1
510.604 -62.1927 0
741.298 48.609 0
733.22 62.7435 0
664.217 111.645 0
329.779 332.724 0
450.811 -32.1002 0
562.706 -67.9107 0
639.564 -54.6875 0
624.746 24.0377 0
765.157 -108.908 0
802.119 -149.099 0
820.475 -158.9 0
820.007 -125.881 0
818.695 -70.4244 0
806.46 -49.5715 0
741.038 -92.0039 0
2333.74 579.434 1
2272.87 540.63 0
2291.98 559.399 0
2237.95 554.875 1
3564.35 1039.74 1
3587.84 1042.07 0
3659.38 1011.17 1
