-115.167 343.955 0
-493.626 513.534 0
-410.996 542.265 0
-366.084 561.001 0
-344.708 506.495 0
-370.228 601.36 0
-582.415 1057.18 0
-2392.3 2520.28 0
-3302.38 2471.11 1
-3380.32 2581.25 0
-3403.77 2611.82 0
-4575.69 1539.98 0
-4547.59 1533.52 0
-4561.84 1566.55 0
-3103.77 1448.4 1
-3252.13 1518.75 0
-3175.61 1507.59 0
-3163.21 1480.89 0
-3124.41 1450.52 0
-3169 1290.92 0
-1503.98 223.871 0
-1552.52 345.399 0
-1641.28 295.293 0
-1515.05 363.424 0
-1487.72 325.552 0
-1507.34 349.482 0
-962.26 48.5273 0
-926.143 -2.08958 0
-914.671 9.71904 0
-943.329 77.1368 0
-916.543 31.8255 0
-971.152 98.5672 1
-911.798 -556.031 0
-915.716 -456.817 0
-729.748 -439.712 0
-708.413 -390.651 0
-709.651 -391.082 0
