46.9996 18.9868 0
80.0889 34.7784 0
109.382 44.0267 0
206.105 -95.9086 0
236.628 -152.097 0
237.758 -124.773 0
234.826 -124.815 0
283.736 -114.299 0
277.087 -51.6836 0
379.818 -72.1974 0
342.362 -111.554 0
280.611 -87.6357 0
268.88 -61.7771 0
322.007 -49.4149 0
309.939 -57.5896 0
319.344 -88.939 1
506.101 -356.249 1
503.509 -278.437 0
500.127 -237.692 0
518.398 -124.004 0
375.09 -112.288 0
350.855 -84.5682 0
304.368 -64.8307 0
454.927 -110.473 0
434.1 -78.0788 0
445.913 -150.995 0
461.206 -190.811 0
420.919 -471.639 0
429.601 -429.771 0
439.103 -405.414 0
456.258 -350.808 0
348.233 -312.81 0
364.492 -317.69 0
359.44 -342.689 0
380.517 -340.53 0
415.604 -264.03 0
357.113 -274.441 0
421.404 -193.43 0
512.969 -213.792 0
514.155 -214.281 0
442.265 -260.552 0
156.448 -478.672 0
204.797 -567.519 0
199.843 -604.63 1
790.039 273.803 0
1029.04 58.1524 0
978.596 8.95282 0
1025.28 -47.809 0
938.391 -50.5235 0
896.575 -47.9895 0
687.395 -168.998 0
686.414 -144.287 0
698.183 -106.52 0
720.853 -41.8144 0
996.886 35.1702 0
981.417 95.4544 0
944.457 139.401 0
980.885 184.222 0
1008.94 203.525 0
1049.47 224.528 1
1047.45 229.474 1
996.725 252.129 1
1488.63 279.637 0
1495.71 280.611 1
1796.28 171.122 0
1797.11 143.7 0
698.476 190.18 0
699.245 202.379 0
717.327 192.083 0
333.709 134.373 0
299.44 122.668 0
237.373 172.933 0
1021.54 20.7481 0
