73.9808 27.9693 0
0.286194 83.6491 0
8.2278 133.454 0
20.6809 151.191 0
104.568 207.466 0
103.632 269.009 1
512.666 51.0401 1
512.586 -26.7658 0
548.426 -6.98714 0
593.973 490.323 0
827.763 273.301 1
778 245.325 0
769.396 268.629 0
1004.71 241.995 0
987.411 105.199 0
1049.89 -21.7855 0
1027.16 1.93676 0
959.098 103.634 0
1026.74 297.792 0
1098.34 343.648 0
1139.05 405.245 0
1070.43 490.594 0
1073.21 475.527 0
1080.46 477.279 1
-617.37 -527.139 1
-611.961 -540.323 0
-516.912 -588.221 0
-493.54 -585 0
-551.633 -628.004 0
-145.046 -610.974 1
-124.168 -494.724 0
-137.151 -497.071 0
-164.562 -496.336 0
-163.194 -478.474 0
-149.055 -385.525 0
-88.6548 -367.466 0
-56.2046 -367.653 0
-57.5479 -359.201 0
-2112.48 -773.492 0
-2076.86 -716.634 0
-1980.55 -696.339 0
-1934.47 -716.66 0
-879.25 -754.222 0
-872.018 -766.819 0
-874.441 -803.982 0
-1112.4 -971.204 0
-1598.82 -1051.96 0
-1693.66 -1056.04 0
-1784.3 -1151.67 0
-1805.99 -1131.34 0
-1758.24 -1174.06 1
-727.314 -1162.11 1
-778.62 -973.305 0
-756.599 -968.814 0
