-12.4731 33.0398 0
14.9781 104.267 0
27.1288 133.231 0
57.9106 145.101 0
50.2077 126.077 0
70.067 122.461 1
77.208 136.241 1
69.0924 125.201 0
-25.9189 100.232 0
43.2658 180.361 1
-78.4196 -294.763 1
-171.689 -259.715 0
-176.7 -258.938 0
-148.09 -223.449 1
1442.95 925.883 1
1412.07 1055.11 1
1375.08 1131.31 0
1063.22 1224.5 0
1051.25 1232.81 0
1042.69 1203.97 0
1207.32 1030.47 0
1251.36 993.775 1
1408.85 1179.52 1
1381.24 1195.32 0
1367.52 1192.68 0
1378.28 1162.5 0
1373.21 1119.8 0
1298.46 1209.1 0
1603.24 659.249 0
1627.55 673.865 0
1633.08 753.638 0
1977.78 909.552 0
1884.94 972.439 0
1825.11 1038.06 0
1936.37 1278.09 0
1924.21 1300.69 1
1994.23 1223.74 1
1967.06 1227.86 0
1980.81 1223.24 0
1867.24 1203.79 0
1833.28 1239.88 1
2051.39 712.583 1
2067.01 732.69 0
2102.53 807.798 0
2010.64 865.576 0
1746.65 994.473 0
1702.76 1017.36 1
2704.9 422.025 1
1682.94 -35.678 0
1615.8 -19.1544 0
1598.66 -8.12885 0
1600.17 -20.6039 0
1624.35 44.3474 0
1586.78 104.1 0
1558.97 67.7721 1
