-38.7979 41.6649 0
-62.0742 37.3748 0
-57.8141 35.4324 1
-64.744 35.9273 1
10.7372 16.9096 0
23.7936 33.32 0
25.1748 3.5454 1
-126.001 66.5644 1
-78.5008 75.2029 0
7.28891 56.9534 0
16.6385 81.9157 0
26.863 107.19 0
-31.7815 76.9124 0
-28.1346 -7.89358 0
39.4787 -60.6898 0
63.7713 -64.3392 0
35.7802 -48.3803 0
38.8339 4.78221 0
123.867 7.47409 0
148.678 34.4801 0
71.4442 36.9819 0
42.9166 39.8733 0
21.3628 37.8551 0
23.5227 40.4357 0
58.7347 68.7113 0
-4.05569 61.7092 0
204.426 15.6097 0
207.172 42.4378 0
213.07 38.2195 0
2220.73 470.726 1
2247.53 470.667 0
2268.89 475.794 1
2436.08 254.491 1
2446.24 240.926 0
2443.22 273.625 0
2403.01 278.337 0
2363.78 370.03 1
2323.82 559.433 1
2340.73 568.325 0
2451.7 594.281 0
2669.88 536.787 0
2793.32 516.234 0
2440.81 81.7984 0
2444.42 78.268 0
2328.25 -18.2564 0
2378.29 108.922 0
2326.91 110.592 0
2256.68 144.492 0
2575.19 269.527 0
2486.48 259.079 0
3141 760.587 1
3106.36 726.989 1
3176.53 841.252 1
