-36.7511 42.098 0
-72.7931 -24.099 0
-34.6024 103.447 1
-58.4456 145.737 1
-45.9341 124.88 0
-39.8193 93.6077 0
-43.5311 81.4181 0
-50.2066 80.5877 0
52.3353 68.1464 0
-15.9534 38.3013 0
-64.0418 145.415 0
-25.499 101.459 0
-43.1636 164.797 0
-55.8155 222.52 0
35.9679 266.044 0
168.839 272.663 0
-19.6258 303.901 0
59.8189 299.066 0
95.3927 340.5 0
190.733 369.422 0
208.454 381.264 0
86.1347 358.368 0
79.6271 341.723 1
-379.695 215.665 1
-382.465 220.473 0
-365.013 169.813 0
-348.172 201.547 0
-298.874 298.469 0
-213.838 360.667 0
-188.45 350.767 0
-267.252 166.451 0
-266.604 181.109 0
-254.306 234.883 0
-268.449 289.954 0
-202.538 337.94 0
-253.517 365.073 0
-478.65 472.759 0
-510.22 512.369 0
-565.463 563.247 0
-564.073 544.46 0
-333.257 468.754 1
-353.94 501.371 0
-347.336 524.75 0
-371.055 580.582 0
-406.264 544.209 1
1072.16 -314.424 1
971.354 -219.467 0
998.781 -240.579 0
681.394 136.605 0
719.974 288.382 0
1130.41 397.348 0
1452.14 -3.88235 1
1452.76 10.1566 0
1454.14 42.3742 0
1580.82 10.4156 0
2382.67 -249.007 0
2339.18 -205.361 1
2276.76 -163.012 1
2382.97 -240.336 0
2216.37 -118.988 0
2212.98 -28.7192 0
2183.06 58.617 0
2162.77 160.651 0
2146.51 189.488 0
2144.14 237.774 0
2119.37 248.129 1
2157.25 202.447 1
1835.16 368.431 0
1926.34 203.375 0
1953.26 128.49 0
1976.51 98.9635 0
1975.01 111.202 0
1991.73 169.342 0
1914.36 231.385 0
1896.55 298.374 0
1928.59 280.651 0
1942.49 273.154 0
1918.7 191.534 0
1967.78 169.092 0
1938.73 168.676 0
1915.01 158.55 0
2010.89 144.697 0
2176.94 133.674 1
2174.96 106.258 0
2172.8 168.792 1
