-17.3079 -28.8955 0
-25.4687 -78.5038 0
-16.97 37.2592 0
-47.3177 103.245 0
-11.7566 59.6941 0
4.88657 77.2806 0
2.45203 70.2427 0
32.0593 95.9359 0
-34.66 139.756 0
-11.5995 29.5242 0
8.67488 5.4431 0
37.4411 115.49 0
-6.36276 275.136 0
29.2278 293.136 0
5.12045 296.948 0
15.9222 316.68 0
31.3367 309.503 1
38.1297 -128.899 1
37.6828 -120.609 0
51.5852 -103.797 0
39.6829 -65.2725 0
58.7383 -6.61133 0
84.6801 -12.6606 0
126.578 -24.9035 0
186.922 -57.3404 0
158.623 142.767 0
254.891 199.011 0
267.23 195.911 0
270.305 165.065 0
377.132 125.888 0
410.481 80.2022 0
434.456 -8.94879 0
435.873 -9.35746 0
427.296 -11.1552 0
421.291 -1.33151 0
447.844 -14.9208 0
396.372 23.4788 0
422.337 56.6755 0
498.444 124.648 0
498.428 154.173 0
487.257 182.064 1
195.596 -210.471 1
185.292 -238.477 0
204.697 -281.533 0
203.184 -322.777 0
197.074 -329.298 1
236.444 -318.304 1
241.144 -169.85 0
283.594 -134.333 0
289.681 261.138 1
558.401 200.125 1
551.274 194.75 0
522.467 253.521 0
496.732 164.682 0
537.004 107.895 0
607.838 -32.9219 0
544.455 -25.8792 0
487.614 -72.9982 0
500.936 -51.5365 0
463.622 1.86777 0
534.341 45.4152 0
562.303 31.3062 0
576.242 48.4764 0
605.425 84.5982 0
609.121 114.216 0
561.853 231.938 0
599.707 269.369 0
525.773 360.501 0
613.369 441.236 0
589.225 480.613 0
604.588 518.321 0
625.348 584.241 0
643.262 593.163 0
672.65 582.497 0
672.577 499.855 0
614.114 566.017 0
537.385 691.179 0
473.093 650.472 0
499.103 583.216 0
420.807 551.13 0
418.449 551.843 0
630.843 430.618 1
671.3 415.986 0
670.97 397.775 0
720.343 398.954 0
675.645 500.976 0
735.822 622.89 0
842.803 656.938 0
773.489 607.07 0
793.513 675.037 1
634.796 3.88092 1
637.642 -24.8477 0
640.386 5.54552 0
653.502 194.113 0
1358.46 497.77 0
1344.57 644.57 0
1342.74 740.624 0
1263.1 733.907 0
1258.04 730 0
1245.94 697.054 1
687.931 -248.801 1
702.501 -275.157 0
767.216 -311.031 0
802.143 -349.331 0
767.386 -332.389 0
809.475 -339.85 0
