-32.363 37.5271 0
-36.4161 96.937 0
-54.2369 159.655 0
-28.7865 186.92 0
-16.4244 217.639 0
-27.4148 249.095 0
43.3298 216.029 0
95.2089 165.971 0
52.6791 183.15 0
-208.351 223.575 0
-322.922 317.547 0
-289.762 317.035 0
-168.463 329.508 0
-88.7155 336.956 0
-29.4721 267.997 0
285.08 198.213 0
162.284 164.972 0
293.525 2011.35 0
483.055 1713.59 0
516.709 1852.02 0
298.093 1776.01 0
63.073 1641.38 0
29.3271 1549.69 0
42.5676 1505.7 0
770.114 1038.47 0
706.503 1175.38 0
157.973 677.309 0
148.693 651.698 0
133.385 611.409 0
103.461 581.645 0
