-1.36216 12.0397 0
-31.2965 138.018 0
6.50527 197.513 0
150.7 228.915 0
120.074 147.888 0
323.97 381.148 0
328.799 432.673 0
194.716 387.359 1
571.407 205.515 1
633.106 309.22 0
763.723 300.184 0
751.828 325.029 0
756.764 301.371 0
-5.75098 621.766 1
-152.6 710.736 0
-514.346 979.693 0
-592.109 1037.44 0
-661.495 1012.54 0
-994.276 954.882 0
-1047.98 916.786 1
-1061.76 818.352 1
-1041.4 805.681 0
-1061.08 780.446 0
-1067.11 764.732 0
732.471 409.299 1
716.107 391.622 0
428.97 450.122 0
417.833 426.383 0
444.53 403.223 1
-2582.4 1386.84 1
-2651.45 1285.93 1
-3747.11 1786.42 0
-3486.97 1642.43 0
-3077.67 1599.63 0
-2760.44 1619.97 0
-2706.85 1648.63 0
-2695.34 1637.12 0
-2526.6 1570.39 1
-1233.61 1410.99 1
-1289.82 1435.39 0
-1439.64 1415.8 0
-1395.12 1380.65 0
-1453.61 1409.59 0
-1466.8 1469.74 0
-1687.92 1384.24 0
-1807.9 1502.42 0
-1755.86 1529.59 0
-1748.88 1523.45 0
-1748.96 1512.58 0
-1291.37 1390.7 0
-872.874 956.26 0
-881.919 982.737 0
-879.356 997.101 0
-933.989 1057.31 1
-946.279 1166.18 1
-957.062 1360.16 0
-899.88 1424.88 0
-918.541 1458.64 0
-904.932 1495.27 0
-883.106 1557.83 0
-883.684 1594.06 0
-904.591 1071.48 0
-1565.47 927.114 0
-1646.96 964.5 0
-1590.04 1009.09 0
-1569.52 1016.39 0
-1544.44 1045.48 0
-1388.92 1023.83 0
-1440.07 1067.14 0
-1444.09 1050.64 0
-1413.76 1020.55 0
-1439.16 1031.98 0
-1470.2 1037.84 0
-1518.52 1014.69 0
-1562.4 995.835 0
-1579.74 975.996 0
-1569.03 954.817 1
-1516.65 940.458 1
-208.329 452.716 0
-1416.45 1463.32 0
