-49.2686 -70.6171 1
-108.536 22.1031 1
-87.8302 104.286 0
-69.1765 202.006 0
3.51202 209.2 0
-64.7489 193.168 0
-84.6323 149.211 0
25.3885 89.6082 0
3.05594 136.513 0
-2.42612 160.02 0
-7.89752 151.977 0
-5.60097 121.177 0
-18.3993 165.274 0
-17.237 184.554 0
54.2767 199.15 0
73.2853 190.919 1
74.964 257.388 1
63.8485 133.342 0
36.4587 162.075 0
38.5745 219.351 0
64.8165 291.395 0
69.6413 363.174 0
67.56 400.829 0
121.191 454.859 0
300.506 417.438 0
408.768 373.914 0
482.964 312.172 0
450.097 228.023 0
462.179 163.452 0
454.69 120.935 0
448.994 117.207 0
433.232 171.097 0
427.36 232.169 0
407.48 256.541 0
383.618 279.984 0
417.585 289.052 0
634.639 155.636 0
598.441 144.024 0
590.427 189.071 0
574.997 231.022 0
604.886 199.118 0
668.07 24.1956 0
799.45 79.9042 0
985.023 154.198 0
936.153 167.331 0
883.705 176.641 0
881.649 237.957 0
856.754 263.749 0
859.622 234.697 0
932.892 203.201 0
1047.19 180.306 0
1070.34 106.271 0
1085.96 55.4138 0
1135.43 17.2518 0
1188.33 52.9784 0
1150.96 45.1739 0
1080.19 82.3324 0
1068.06 169.867 0
1027.26 146.406 0
925.119 105.609 0
908.904 49.219 1
1766.39 36.4788 1
1771.34 64.7799 0
1750.97 92.0993 0
1633.69 158.527 0
1785.74 229.088 0
1790.68 210.121 0
1677.91 328.866 0
1545.11 508.751 0
1512.02 606.107 1
4295.11 -1621.42 1
