-38.0163 25.696 0
-102.873 53.5746 0
-134.529 77.3967 0
-129.086 71.1175 0
-25.4903 24.2944 0
104.518 -188.383 0
66.4358 -68.1983 0
60.1556 -0.647095 0
79.6423 79.2002 0
58.6043 88.3785 0
-64.5861 23.4743 0
-148.975 49.9465 0
-164.818 107.608 0
-212.041 171.01 0
-225.852 151.194 0
-233.684 202.282 0
-255.79 232.227 0
-129.782 259.125 0
452.237 -221.93 0
464.756 -26.0119 0
420.408 48.6806 0
273.251 250.535 0
235.251 234.392 0
168.39 201.698 0
165.636 182.243 0
211.942 174.936 0
233.075 206.202 0
244.166 198.274 0
246.038 212.901 0
241.187 192.259 0
250.892 188.333 1
289.59 212.951 1
307.125 200.859 0
335.31 220.743 0
342.921 236.531 0
355.035 294.781 0
363.008 332.983 0
309.881 396.027 0
608.893 298.711 0
652.335 292.647 0
635.942 387.928 0
490.54 470.925 0
399.577 493.048 0
527.882 457.659 0
439.955 411.916 0
339.92 378.339 0
328.575 346.885 1
-76.2551 150.629 1
-80.3517 148.272 0
-70.9077 161.697 0
-45.8744 181.594 0
-23.4179 -7.67917 1
-77.8766 71.1212 1
-10.8349 69.9948 0
71.1561 46.7179 0
64.786 61.7172 0
47.006 125.611 1
-2412.75 5669.91 1
-2384.81 5804.57 0
-2322.05 5904.92 0
-2416.07 5938.46 0
-2579.9 5995.48 0
-2639.47 6088.23 0
-2714.02 6120.61 0
-2692.49 6139.18 0
-2778.58 6287.94 1
-2163.37 5727.29 1
-2205.22 5693.42 0
-2160.62 5764.35 0
