13.9682 12.2016 0
91.1275 -12.3321 0
99.7955 28.416 0
112.535 -104.497 0
117.046 -186.738 0
86.6007 -115.817 0
95.1654 -26.7887 0
77.6159 57.7168 0
68.2987 135.074 0
87.3767 116.789 0
157.652 -101.769 0
136.27 147.72 0
190.3 178.415 0
245.32 87.5885 0
293.832 46.4566 0
348.613 -82.516 0
403.069 -137.76 0
424.554 -130.006 0
354.648 -113.117 0
350.637 -25.2114 0
529.635 295.163 0
645.659 265.066 0
609.211 168.13 0
526.33 189.734 1
455.574 297.246 1
441.714 316.637 0
459.262 343.962 0
526.54 305.329 0
565.741 266.629 0
598.198 260.879 0
670.29 204.783 0
688.52 236.219 0
897.637 -244.505 0
883.196 -259.268 0
868.715 -279.361 0
871.547 -68.7412 0
832.955 -112.454 0
901.398 108.571 0
1099.95 9.84898 0
1150.71 -210.809 0
1169.04 -214.908 0
1175.87 -267.271 0
1188.05 -334.474 0
1143.75 -369.947 0
1162.66 -371.227 0
1173.53 -353.417 0
1250.7 24.622 0
1188.47 123.556 1
1548.69 -158.511 1
1553.62 -57.2963 0
