-15.2026 35.4903 0
-22.0482 57.2937 0
20.62 57.9332 0
72.8737 119.672 0
51.4697 149.903 0
42.9026 113.251 0
-17.6626 111.136 1
-122.592 141.091 1
-156.831 183.266 0
-103.403 196.796 0
-164.291 258.918 0
-176.699 263.173 0
-160.91 281.018 0
-89.9881 277.518 0
-138.564 287.219 0
-30.1627 215.288 0
-109.703 206.454 0
-73.231 171.682 0
-68.4474 224.414 0
-112.388 214.423 0
-142.989 149.317 0
-167.01 165.813 0
-76.6717 190.984 0
-13.3931 292.837 0
8.52676 327.681 0
-75.207 315.065 0
169.051 201.556 0
178.584 259.12 0
436.393 343.805 0
383.732 373.7 0
519.804 518.992 0
391.258 568.604 0
400.51 605.482 0
435.931 635.865 0
473.841 664.826 0
444.97 687.079 0
264.846 714.094 1
68.8385 -66.8264 1
288.063 -93.5032 0
916.416 612.379 0
812.205 -1285.93 1
812.155 -1247.48 0
806.471 -1205.01 0
787.556 -1192.18 0
786.085 -1158.23 1
799.037 -1130.99 1
792.018 -1152.58 0
1116.02 -1287.25 0
1063.89 -1404.61 0
893.864 -1334.02 0
886.526 -1251.59 0
878.842 -1223.36 0
804.033 -1327.49 0
890.639 -1450.48 0
260.024 -1264.21 0
273.242 -1270.21 0
613.932 -1191.26 0
608.275 -1108.2 0
573.516 -1002.54 0
548.559 -874.792 0
538.572 -854.531 0
492.591 -947.289 0
483.138 -1015.4 0
472.462 -1042.15 0
467.689 -1027.72 0
454.507 -960.916 0
418.941 -877.707 0
444.8 -777.484 0
480.762 -673.578 0
565.864 -566.341 0
563.579 -505.779 0
543.891 -555.489 0
548.543 -599.175 0
530.569 -580.75 0
426.028 -536.396 0
430.4 -460.613 0
472.228 -470.438 0
444.406 -405.842 0
438.286 -346.155 0
581.25 -191.224 0
519.026 -290.762 0
544.425 -351.323 0
621.116 -354.806 0
679.954 -388.043 0
720.735 -381.473 0
737.758 -432.518 0
762.467 -449.675 0
744.631 -430.032 0
673.905 -406.675 0
622.058 -301.689 0
678.401 -110.847 0
762.227 -5.54273 0
905.246 -150.949 0
994.516 -262.683 0
993.696 -315.183 0
1003.28 -324.015 0
988.658 -354.191 0
972.921 -380.951 0
782.159 -471.126 0
765.961 -521.019 0
856.564 -431.511 0
754.575 -354.232 0
513.458 -362.087 1
-1719.94 -967.917 1
1787.28 3914.27 0
