-15.6944 71.6558 0
-25.7271 125.974 0
-55.2171 208.763 0
-71.851 157.34 0
-107.833 202.39 1
-63.561 169.841 1
44.7461 96.6203 0
85.206 85.3084 0
28.4259 162.886 0
28.5842 71.8393 0
28.7963 79.1166 0
-76.6977 195.095 0
-114.425 208.939 0
-165.401 246.639 0
-99.6582 279.901 0
-69.4827 294.774 0
-39.8727 210.3 0
-57.311 185.315 0
-34.4325 119.605 0
-51.6832 55.8362 0
-96.5428 16.8555 0
-136.134 -8.26365 0
-127.396 3.21432 0
114.343 20.8908 0
140.259 -29.0467 1
-369.794 -275.728 1
-356.172 -252.783 0
-316.688 -229.791 0
-467.39 -304.052 0
-653.842 29.404 0
-649.545 2.99907 0
-651.797 -18.8218 0
-528.901 60.081 0
-56.7279 159.902 0
-54.1827 182.388 1
-346.496 63.0224 1
158.239 31.077 0
83.584 61.4635 0
47.6796 179.563 0
-40.917 309.125 0
-671.428 753.158 0
-508.467 644.202 0
-665.362 435.12 0
-45.1066 285.241 0
-113.658 279.951 0
