-36.2951 -14.0669 0
-49.4633 11.7475 0
-62.8095 -26.486 0
-52.6022 11.5119 1
-6.83207 43.4952 1
49.2897 -16.5524 1
7.19294 15.5094 1
52.5374 29.394 0
37.6346 110.397 0
32.2463 119.465 0
134.716 123.623 0
29.125 37.827 0
216.441 32.6692 1
239.459 14.2296 1
232.48 16.4014 0
230.128 18.9025 0
222.154 32.3022 0
170.762 24.241 0
178.714 -19.406 0
177.753 34.4045 0
229.35 22.6859 0
229.291 9.73929 0
460.338 67.9202 0
490.258 88.6556 0
1297.51 -357.016 0
1259.02 -336.27 0
1387.23 -307.867 0
1373.99 -400.222 0
1402.82 -464.24 0
1378.45 -410.708 0
1358.44 -357.676 0
1480.03 -206.101 0
1533.25 -249.718 0
1507.87 -341.751 0
1514.55 -276.445 0
1512.69 -249.361 0
1593.45 -250.64 0
1571.72 -258.557 0
1762.82 -313.214 0
2261.36 -412.777 0
2253.72 -491.216 0
2269.7 -424.347 0
2413.9 -462.134 0
2494.63 -603.926 0
