-315.121 355.32 0
-283.76 261.028 1
-467.879 626.697 0
-436.601 659.024 0
-524.59 695.493 0
157.469 472.739 0
182.203 582.579 0
172.546 614.111 1
138.348 593.435 1
108.768 539.817 0
119.484 567.131 0
128.522 552.834 0
131.378 576.839 0
73.6396 635.927 0
62.7532 669.01 1
685.9 163.518 1
662.613 100.454 0
657.077 128.059 0
647.941 169.905 0
700.097 193.287 0
695.403 223.011 0
722.845 240.019 0
684.463 187.921 0
740.599 243.892 0
754.797 288.46 0
749.022 306.584 0
740.842 305.005 0
909.719 25.6867 1
933.121 108.722 0
1493.81 -252.473 0
1446.38 -241.848 0
1422.45 -206.248 0
1430.77 -54.09 0
1434.02 41.9729 0
1415.44 107.327 0
1434.14 146.555 0
1434.24 152.965 0
1439.4 157.664 0
1755.4 -42.2713 0
1737.35 38.0187 0
1750.13 65.8718 0
1792.21 68.7946 1
1876.09 314.387 1
1870.66 362.915 0
1795.6 437.1 0
1850.32 512.549 0
1888.89 547.308 0
1899.02 540.216 0
1993.24 587.45 1
1996.09 616.551 1
1927.98 683.641 0
1894.63 687.664 1
