135.006 -33.9042 0
135.487 6.01085 0
139.85 64.0804 0
148.02 123.72 0
16.5489 70.2363 0
-94.7197 -61.0822 0
-111.251 -82.1458 0
-181.851 -42.8202 0
-10.7556 30.6175 0
-10.1565 50.7558 0
-6.32178 30.304 0
1.95628 -13.5867 1
-923.356 3.19003 1
-897.305 87.2871 0
-886.917 160.859 0
-895.073 215.845 0
-873.776 217.027 0
-867.621 336.724 0
-687.547 412.755 0
-651.547 404.283 0
-629.584 449.146 0
-377.457 449.942 0
-111.213 564.414 0
-108.637 635.8 0
-88.7332 630.712 0
-84.8994 635.992 0
-132.287 738.52 0
-160.133 700.892 0
-111.85 731.962 0
-13.2508 989.315 0
31.5069 1005.83 1
-80.8653 1282.37 1
-380.924 2751.28 0
-456.23 2946.92 0
-594.607 3197.2 0
-1554.11 3722.8 0
-1570.34 3761.04 0
-1451.28 3585.26 0
-1378.09 3575.02 0
-1256.21 3393.73 0
-1222.96 3267.95 1
-220.028 2910.32 1
-135.703 2607.76 0
-334.847 2918.13 0
-332.617 2921.97 0
-373.147 2934.72 0
-364.514 2987.15 0
-315.584 2889 0
-278.291 2884.77 0
-264.916 2913.25 0
-327.066 2928.27 0
-360.001 2944.59 0
-511.621 2841.38 0
-490.564 2758.8 0
-351.315 2858.62 0
-313.308 2858.84 0
-274.624 2861.49 0
-262.419 2864.03 0
-487.904 2880.63 0
-531.925 2852.66 0
-823.241 2488.07 0
-797.532 2462.73 0
-684.227 2514.89 0
-640.715 2477.38 0
-102.901 2518.13 0
8.07242 2442.14 0
-944.607 2829 0
-963.913 2886.79 1
-991.171 2934.79 1
-729.234 2820.2 1
-259.944 2988.79 0
-39.1935 2926.78 0
90.9634 2901.3 0
81.7468 2887.81 0
61.6441 2874.68 0
-44.858 2930.37 0
-73.0622 2958.53 0
-36.5105 2990.6 0
85.6589 3018.94 0
76.8158 2975.7 1
-4486.27 1412.71 1
-4569.06 1371.81 0
-4561.02 1417.47 0
-4698.42 1324.46 0
-4686.36 1325.54 1
-4339.97 990.169 1
-4338.46 993.453 0
-4834.79 1612.1 0
-4855.42 1602.54 0
-4896.9 1528.12 0
-4432.55 1483.45 0
-4447.52 1459.67 1
-4264.52 1351.56 1
-4225.27 1354.49 0
-4154.89 1322.02 0
-4161.75 1339.19 0
-4193.91 1369.38 1
