-5.50637 -61.8403 1
-28.47 -100.79 1
-93.8586 -77.8641 0
-67.0359 -52.4613 0
-88.5357 26.902 0
26.1359 89.7311 0
25.9253 232.365 0
-54.1119 321.52 0
-66.5233 327.669 0
-238.119 340.639 0
-266.725 388.731 1
1832.63 -78.0179 1
1814.72 -128.49 0
1806.54 -154.154 0
1789.11 -105.625 0
1786.41 -69.6524 0
1835.62 -35.8463 0
1799.2 71.1871 0
1791.08 68.648 0
1829.72 48.6726 0
1835.59 45.2729 0
1736.67 136.856 0
1655.58 241.032 0
1688.11 370.18 0
1612.06 411.783 0
1464.94 416.188 0
1690.75 363.904 0
1699.02 319.087 0
1753.23 252.366 1
1717.06 273.966 1
1886.95 355.568 0
1973.52 200.834 0
2019.72 91.4786 0
2046.76 -2.96717 0
1976.68 50.0427 0
2181.21 -67.2207 0
2178.7 -32.1533 0
2133.03 28.3617 0
2114.6 48.3554 1
1950.8 111.133 1
1835.37 158.702 0
1796.56 173.835 0
1770.24 264.151 1
1772.81 480.952 1
1774.48 466.603 0
2131.73 39.2148 0
2203.87 46.3656 0
2330.3 -10.3387 0
2258.07 72.4616 0
2219.05 36.8328 0
2031.31 205.931 0
1998.53 260.569 0
1989.26 247.178 0
1963.98 162.09 0
1958.52 190.316 0
1936.66 309.599 0
1895.55 321.926 0
1876.24 353.086 1
1592.84 392.694 0
1677.79 364.511 1
1645.38 261.185 0
1576.71 282.324 0
1598.04 249.625 0
1905.79 -25.0057 0
1871.94 -44.8539 0
1777.61 -29.212 0
1783.59 51.6302 0
1857.05 38.1044 0
1908.51 -18.8907 0
2106.51 -166.397 0
2082.44 -102.726 0
2042.9 -47.6839 0
2136.95 -29.062 0
2046.44 106.111 0
2013.18 146.205 0
2062.85 188.056 0
2142.29 179.079 0
2116.73 204.898 0
2103.05 304.461 0
2217.29 195.572 0
2363.99 -506.759 0
2332.59 -490.459 0
2282.26 -425.553 0
2245.44 -337.157 0
2260.78 -214.101 0
2317.14 -76.7895 0
2268.86 -28.1268 0
2251.52 -97.1813 0
2257.13 -145.185 0
2249.19 -120.569 0
2276.84 -52.5055 0
2354.57 695.584 0
2293.26 714.655 0
2287.65 682.605 0
2279.52 686.389 0
2345.6 692.367 1
2769.12 301.498 1
2765.46 238.861 0
2737.18 374.261 0
2747.52 431.9 0
2713.96 727.083 0
2780.78 919.536 0
2796.35 965.884 0
2743.81 1245.79 0
2700.72 1181.85 0
2704.04 1186.12 0
2748.74 1188.56 0
2814.94 1219 0
2885.46 1228.01 0
2876.57 1276.53 0
