-52.7537 -18.7273 0
-153.097 -75.1467 0
-147.329 -162.869 0
-64.6097 -167.946 0
-44.0205 -159.934 0
6.38757 -184.041 0
7.48942 -100.542 0
22.3155 -47.6953 0
28.6841 -92.0117 0
-51.5343 -29.3495 0
17.7645 -110.62 0
43.2262 -77.3548 0
73.2355 -71.023 0
63.0741 -91.5357 0
84.9145 19.1459 0
56.6618 28.4156 1
1.94551 45.5318 1
-13.4813 86.9494 0
-9.90933 62.1819 0
-51.8505 148.528 0
-93.8244 159.737 0
-110.791 80.7892 0
-77.3431 -23.8268 0
-31.3853 -91.3939 0
28.7189 -92.3522 0
42.2648 -123.968 0
80.816 -160.818 1
76.9581 -185.011 1
83.0022 -200.987 0
96.6397 -202.348 0
213.031 -301.669 0
246.945 -303.535 0
303.327 -291.797 0
293.439 -272.546 0
233.457 -229.21 0
214.989 -161.407 0
215.849 -148.437 0
560.369 -183.995 1
443.196 -162.107 0
453.491 -112.873 0
466.072 -43.611 0
416.614 12.4839 0
530.921 82.3125 0
926.158 -63.7272 0
911.511 -143.007 0
927.886 -219.736 0
887.676 -232.637 0
1102.1 -272.111 0
273.825 -1.05099 0
