-2.26785 -3.23312 0
22.534 -7.5235 0
26.3794 10.4891 0
15.8131 49.0041 0
44.7364 60.943 0
63.8152 101.457 0
266.337 137.155 0
265.222 119.34 0
268.215 178.595 1
286.265 210.112 1
258.097 212.664 0
328.028 183.231 1
242.743 237.436 1
187.996 264.135 0
205.184 243.35 0
476.025 89.0729 0
473.773 264.619 1
429.562 212.313 0
401.358 166.944 1
284.467 96.4688 0
218.903 149.083 0
185.274 124.308 0
205.178 102.387 0
171.188 124.482 0
162.708 180.192 0
195.811 229.797 1
943.938 231.555 1
969.917 219.797 0
927.535 395.422 0
866.786 539.034 0
885.381 569.725 1
774.438 1044.58 1
720.522 989.113 0
728.407 951.376 0
1008.62 755.999 0
993.484 737.57 1
1298.09 523.213 1
1332.23 519.979 0
1325.14 536.036 0
1446.95 1025.24 0
1469.79 1049.2 0
1482.79 1056.23 0
1693.96 977.216 1
1704.37 840.188 0
