-35.3294 -4.8234 0
-60.9762 19.5454 0
19.9972 69.4261 0
85.0771 66.9081 0
362.893 187.108 0
344.994 255.615 0
546.009 260.396 0
11.563 50.3454 0
84.5071 101.948 0
115.342 143.967 0
190.32 111.475 0
179.814 63.4927 1
240.529 76.3914 1
238.237 425.014 0
239.2 451.375 0
245.136 453.806 0
150.206 411.75 0
190.29 342.959 0
194.719 319.604 0
173.151 242.857 0
250.004 243.983 0
318.166 358.869 0
327.788 370.394 0
393.67 411.338 0
459.285 392.084 0
518.621 394.922 0
552.15 376.233 0
567.876 381.771 0
110.268 556.4 0
63.8119 568.29 1
60.4125 601.862 1
2.89314 602.912 0
-37.6803 392.491 0
-71.3909 415.037 1
-598.598 384.462 1
-28.5508 360.189 0
841.773 427.203 0
610.581 208.848 0
600.068 302.574 0
557.443 284.903 0
580.03 265.669 0
589.272 238.928 0
551.241 271.677 0
454.508 352.444 0
393.746 307.078 0
343.156 395.805 0
296.666 448.862 0
240.737 477.308 0
96.819 516.168 0
52.7322 608.749 0
20.973 664.26 0
95.7399 673.613 0
65.7276 681.784 0
-1.31038 641.3 0
1670.53 659.577 1
1656.08 623.277 0
1627.54 621.533 0
1631.7 548.496 0
1666.51 589.269 0
1686.76 618.428 0
1743.59 586.961 0
1751.54 628.485 0
1722 729.663 0
1718.31 755.3 0
1690.36 787.355 0
1620.38 796.249 1
1642.3 789.592 1
1961.15 693.829 0
1969.16 740.587 1
1956.05 755.751 1
1876.58 744.841 0
1834.03 743.119 0
1805.02 732.635 0
1788.34 718.134 0
1760.01 698.174 1
1502.21 1118.97 1
1538.89 1143.5 0
1474.85 1140.88 0
1434.96 1115.85 0
1448.92 1103.05 0
1440.16 1090.2 0
1485.63 1098.05 0
1456.79 1114.59 1
1531.79 1044.2 1
311.346 1264.23 1
320.521 1252.29 0
361.537 1288.51 0
348.223 1319.33 0
371.06 1431.03 0
841.441 1526.42 0
1109.98 1238.7 0
1115.8 1283.34 0
1087.29 1321.86 0
1139.52 1352.4 1
1087.71 1379.61 1
1046 1787.93 0
1046.73 3582.81 0
