24.7514 -67.1465 0
16.5021 -110.399 0
8.87448 -113.24 0
6.27675 -85.1192 0
-27.1912 -53.3147 0
29.8996 7.65926 0
62.8613 194.67 0
-12.5972 363.425 0
58.2528 315.764 0
48.2046 346.212 0
14.83 329.24 0
-18.141 298.275 0
-273.112 142.27 0
-278.6 126.872 0
-279.717 40.9956 0
-137.666 -101.491 0
-8.14087 -374.028 0
21.1058 -324.081 0
-33.6263 -247.297 0
54.365 -185.952 0
103.442 -89.4876 0
131.252 -39.4846 0
126.99 -13.6754 0
118.261 124.74 0
117.691 152.071 0
104.92 161.883 0
81.4476 206.972 0
69.2827 210.506 0
6.10402 288.498 0
-13.6869 312.996 0
8.98033 427.952 0
21.5245 486.341 0
-39.4912 528.045 0
-29.2729 548.925 0
-60.1151 506.676 0
240.463 241.444 0
239.602 281.825 0
243.952 166.713 0
247.582 110.918 0
226.677 77.9034 0
307.698 132.893 0
258.577 76.263 0
82.3178 159.369 0
29.4148 174.915 0
-7.33669 205.333 0
28.0981 239.444 0
46.2074 267.176 0
-24.6177 347.91 0
-10.4906 475.547 0
-46.156 588.378 0
672.642 422.547 0
694.606 348.335 0
682.893 325.992 0
688.865 272.077 0
681.554 289.147 0
630.919 326.39 0
616.447 358.78 0
608.7 409.801 0
622.283 407.792 0
861.781 345.418 0
811.428 421.944 0
833.628 405.061 1
730.987 309.481 1
734.118 339.613 0
715.797 375.773 0
685.202 420.917 1
555.745 459.702 1
698.141 403.359 0
712.99 376.605 0
690.178 353.948 0
604.244 148.168 0
772.946 268.017 0
945.193 127.574 0
985.466 165.417 0
930.033 299.129 0
925.371 328.197 0
992.335 229.734 1
2076.66 -432.572 1
1858.37 -326.83 0
1919.83 -379.878 0
1913.64 -392.999 0
1897.33 -390.087 0
1782.98 -322.969 0
1674.42 -180.793 0
1665.21 -184.248 0
1704.58 -129.717 0
1866.83 -104.621 0
1857.84 -39.905 0
1788.2 286.452 0
1830.69 277.551 0
1665.32 244.877 0
1958.15 -31.9606 0
1828.9 4.21939 0
2139.08 31.0785 0
