25.7791 -13.604 0
723.154 -247.048 0
763.583 -305.119 0
1169.5 -480.793 0
1639.58 -90.2101 0
1642.02 2.64136 0
1663.49 22.4337 0
1696.3 8.1016 0
1610.88 161.492 0
1837.01 190.266 0
1829.94 318.093 0
1884.02 344.98 0
2031.06 221.636 1
2054.87 135.652 1
1648 155.598 1
1648.43 158.275 0
1657.23 157.489 1
1903.34 129.612 1
1887.28 141.029 0
1792.03 279.982 0
1860.42 266.433 1
2135.36 -0.601868 1
2140.67 0.354047 0
2151.7 -2.65118 0
2171.92 -6.75425 0
2185.17 -34.3537 0
2194.71 -18.3849 0
2172.21 -9.42514 0
1409.1 631.631 0
2545.3 992.911 1
2569.74 -474.313 0
