-3.581 14.3723 0
75.4696 60.8465 0
85.7988 84.6304 0
18.7666 148.945 0
-66.6656 149.029 0
-56.0447 152.936 0
29.5861 161.422 0
57.3014 200.007 0
42.8886 157.656 0
26.7906 183.021 0
33.4771 222.448 0
104.143 332.323 0
44.9114 391.994 0
25.0915 421.679 0
49.0906 419.081 0
131.909 377.543 0
414.408 249.577 1
452.322 171.125 0
548.282 9.94054 0
500.144 -77.8037 0
516.038 -109.841 0
520.068 -66.4868 0
692.46 -134.626 0
717.417 -209.037 0
692.495 -252.738 0
679.918 -328.665 0
671.001 -270.818 0
719.272 83.9249 0
776.777 222.217 0
1027.67 701.052 0
895.057 -354.826 0
880.575 -344.049 0
1060.73 -1131.86 0
1092.47 -1139.08 0
1158.61 -1168.9 0
757.448 -1131.42 0
420.618 -1053.29 0
566.516 -971.711 0
823.365 -987.717 1
2773.1 -469.65 1
2771.53 -463.526 0
2788.96 -441.363 0
2790.61 -417.347 0
2742.08 -484.034 0
2653.9 -518.377 0
2605.59 -560.383 0
2670.19 -606.758 0
2691.91 -673.222 1
2961.56 -509.549 1
2949.46 -522.847 0
3178.97 -365.545 0
3096.93 -369.859 1
2926.12 -407.057 1
2916.73 -468.441 0
2825.93 -426.803 0
2794.94 -474.026 1
2822.12 -520.558 1
2854.83 -515.646 0
2864.53 -511.362 0
2859.3 -516.655 0
2840.91 -494.536 1
2829.32 -485.278 1
2894.28 245.559 0
2925.62 227.675 0
2951.8 130.574 1
2932.65 188.585 1
2938.63 143.857 0
2957.23 151.755 0
3149.37 127.142 0
3107.22 -151.802 0
3190.62 -143.748 0
3386.81 -180.301 0
3402.87 -215.003 1
