-6.45607 35.0438 0
-57.7574 65.6073 0
-37.8177 80.8808 0
10.4911 86.0293 0
170.787 358.265 0
166.777 81.4129 0
265.043 -99.5859 0
228.536 -138.289 0
225.446 -82.2461 0
262.961 24.3799 0
364.407 -75.2436 0
387.977 -97.5831 0
393.143 -122.67 0
355.251 -743.175 0
240.1 -994.522 0
238.444 -972.914 0
210.593 -927.226 0
174.985 -938.742 0
107.782 -959.839 0
163.272 -872.505 0
161.124 -888.915 0
-1224.55 -2186.07 0
-1188.77 -2192.61 0
-1190.87 -2145.14 0
-1180.88 -2123.14 0
-1188.19 -2114.3 1
-963.66 -2321.8 1
-761.926 -2273.05 0
-788.706 -2219.31 0
-743.637 -2184.55 1
-689.816 -2174.01 1
-710.058 -2177.73 0
-699.641 -2171.24 0
-707.562 -2143.38 0
-659.927 -2084.91 1
-572.212 -1991.76 1
-619.494 -1982.3 0
-510.076 -2423.82 0
-554.337 -2390.23 0
-537.24 -2399.41 0
-431.622 -2376.22 0
-1122.88 -2229.27 0
-1103.54 -2166.45 0
-1050.26 -2135.78 1
-1053.18 -2043.89 1
-1034.62 -2033.66 0
-810.923 -1940.71 0
-969.948 -1878.34 0
-1005.72 -1857.76 0
-964.009 -1825.98 1
-956.93 -1820.22 1
-1095.93 -1804.56 0
-1236.84 -1737.49 0
-859.321 -1709.97 0
-751.707 -1596.76 0
-940.718 -1681.71 0
-926.943 -1984.92 1
-1061.16 -2025.31 0
-1048.18 -2094.24 0
-939.989 -2071.45 0
-413.418 -2339.31 0
-345.979 -2340.99 0
-303.517 -2328.19 0
-248.575 -2339.91 1
2543.75 -1910.12 1
2481.41 -1922.74 0
2460.18 -1987.99 0
2269.68 -2511.18 0
2299.95 -2507.99 0
2308.7 -2506.2 0
2090.91 -2544.99 0
2155.09 -2537.58 0
2149.24 -2497.33 0
1953.3 -2553.44 0
6186.07 -4439.67 0
6085.93 -5904.74 0
5946.03 -5614.38 0
5891.64 -5666.21 0
5871.85 -5926.91 0
5861.27 -5891.67 0
