-88.3672 47.7677 0
-66.6554 34.9651 0
65.3389 -130.591 0
15.9973 -109.265 0
35.4692 -109.564 0
51.9034 26.7678 0
5.74036 110.416 0
-28.2258 187.953 0
-53.9171 262.404 0
49.1604 217.076 0
94.3594 202.406 0
57.8676 127.677 1
-18.1729 -116.36 1
13.8236 -67.0631 0
40.6683 -56.7424 0
143.616 -93.9949 0
179.484 -134.981 0
8.6463 147.318 0
-23.5917 162.069 0
-75.4136 434.698 0
-72.1994 498.286 0
5.57632 466.568 0
50.2521 447.81 0
44.8697 473.697 0
48.2338 539.617 0
66.7355 606.319 1
137.629 588.955 1
162.778 680.359 0
152.827 646.375 0
305.027 304.969 0
298.149 302.131 0
281.46 326.588 0
294.166 206.685 0
409.898 861.491 0
431.899 824.195 0
433.89 785.891 0
409.321 701.388 0
607.563 466.696 0
535.805 483.535 0
480.743 543.373 0
455.664 568.449 0
451.607 585.675 0
436.727 588.361 0
438.51 583.42 0
409.026 544.903 0
859.793 -294.134 0
946.376 -294.299 0
