36.6093 208.273 0
-13.5707 502.559 0
-120.005 561.615 1
-19661.7 1221.54 1
-19657.2 1263 0
-19590.4 1260.37 1
-19491.1 1185.13 1
-19329.3 1011.95 0
-19081.4 812.211 1
-19059.9 779.236 0
-19023.5 802.573 0
-18990.1 813.35 0
-18979.3 865.852 1
-18997.4 1185.63 1
-19075.3 1268.69 0
-19090.4 1198.49 0
-19102.1 1316.01 0
-18932.7 1077.87 0
-17871.4 658.328 0
-17870.5 694.537 0
-17919.4 610.967 0
-18198.6 296.771 0
-17511.6 205.855 0
-17478.5 228.739 0
-17717.6 671.836 1
-17477.1 464.366 0
-17214.9 232.626 0
-17174.8 43.0719 1
-17180.8 -13.3847 0
-16641 -499.627 0
-16627.7 -591.783 0
-16674.9 -618.312 0
-16634.8 -638.131 0
-16104.4 -797.81 0
-16116.6 -784.902 0
-16146.1 -845.318 0
-15589.7 -2026.49 0
-15560.6 -2141.96 0
