123.19 41.516 0
-6.47327 -1.41669 0
-2.1889 39.3731 0
-1.39084 46.3212 0
-10.0906 -16.7753 0
851.886 24.6894 0
833.378 11.6825 0
850.734 138.637 1
863.12 89.177 1
871.171 100.3 0
886.626 115.161 0
886.675 123.836 1
276.474 -270.475 1
366.631 -217.027 0
439.537 -13.4646 0
791.413 62.3688 1
811.335 47.7414 0
1595.65 -348.03 0
1595.97 -466.382 0
1603.69 -527.965 0
1627.65 -570.407 0
1608.43 -624.597 0
1721.32 -640.002 0
1634.15 -665.815 0
1603.72 -617.596 0
1606.58 -589.631 0
1591.19 -571.763 0
1561.9 -551.206 0
1579.97 -567.325 0
1599.88 -579.446 0
2134 -769.056 0
2101.45 -729.924 0
2074.17 -469.997 0
2046.41 -431.155 0
2054.56 -374.275 0
2014.96 -363.112 0
2029.59 -345.953 0
2100.46 -362.14 0
2084.16 -390.321 0
2084.59 -417.522 0
