54.5113 -21.3232 0
11.2609 -76.8899 0
21.5904 -126.215 0
422.037 -67.0943 0
340.8 14.5198 0
303.848 67.8106 0
244.52 93.5164 0
238.203 68.2236 0
251.387 57.8986 1
287.744 127.126 1
387.636 138.001 0
392.267 167.134 0
451.256 209.138 0
441.752 187.839 0
510.867 163.488 0
496.056 179.056 0
434.742 245.694 0
495.231 264.999 1
485.135 288.653 1
460.168 296.442 0
457.738 234.143 0
445.584 296.577 1
505.395 260.529 1
528.748 167.073 0
557.187 90.3129 0
595.375 14.3003 0
634.679 63.9096 0
687.016 -36.778 0
547.257 27.2547 0
540.815 100.565 0
543.42 193.198 0
606.994 185.485 0
600.617 164.035 0
657.315 45.1123 0
741.707 -69.2869 0
684.242 -43.5902 0
604.146 -73.0224 0
489.169 -13.032 0
456.257 -21.1141 0
453.577 -7.78242 0
438.585 -6.67967 0
900.171 438.338 0
851.045 334.337 1
848.944 378.662 1
916.439 -116.541 0
1345.81 44.6955 0
1402.67 -157.647 0
1560.34 -184.819 0
1554.19 -191.37 0
1548.85 -157.89 0
1566.04 -157.002 1
634.555 43.462 1
710.281 39.7863 0
528.497 -54.8615 0
446.286 357.702 0
2560.96 155.516 0
