-10.1489 -16.99 0
-29.3847 -66.7794 0
4.52484 -52.8133 1
35.8114 -138.067 1
5.18427 -184.789 0
-15.6103 -145.103 0
-30.266 -106.888 0
-26.9628 -108.515 0
99.4198 -77.7402 1
793.883 -4.68731 1
838.208 73.311 0
820.183 -73.8766 0
791.224 -19.9927 0
1027.55 -81.5296 0
1024.43 -148.616 0
2056.92 -931.306 0
2058.28 -949.874 0
2050.75 -948.4 0
2047.55 -948.192 0
2054.15 -939.269 0
2013.71 -770.494 0
2004.21 -665.38 0
2007.86 -550.292 0
2012.41 -407.037 0
2040.05 -416.328 0
2012.63 -410.997 0
1968.58 -359.308 0
1917.53 -309.475 0
2005.12 -413.001 0
1988.19 -355.603 0
2042.99 -419.735 0
2060.72 -438.597 0
2071.07 -452.286 0
2074.22 -438.398 0
1873.09 -422.274 0
1850.97 -394.29 0
1729.33 -322.62 0
1745.86 -327.801 0
1855.5 -389.808 0
2054.62 -565.694 0
1949.48 -283.403 0
1937.82 -209.829 0
1980.38 -142.945 0
2007.38 -175.974 0
1959.93 -195.282 0
2072.4 -233.633 0
2071.5 -237.24 0
2367.05 -205.545 0
1549.38 300.626 0
1697.27 328.964 1
1708.63 334.33 1
-1404.44 -202.937 1
-1431.94 -206.358 0
-1436.1 -191.296 0
-1476.08 -211.765 0
-1460.44 -253.75 0
-1420.58 -278.973 0
-1393.86 -295.075 0
-1628.27 -304.708 0
-1600.66 -352.7 1
-1517.45 -525.457 1
-1070.17 -541.673 0
