15.0713 83.685 0
60.2293 154.54 0
90.1536 150.196 0
113.075 139.271 0
141.284 144.19 0
168.549 172.909 0
181.732 217.445 0
187.64 246.466 0
177.546 251.527 0
185.407 271.835 1
248.041 290.735 1
246.21 307.414 0
170.712 379.199 0
170.028 392.839 0
165.261 409.32 1
123.414 -235.008 1
110.118 -346.565 0
92.666 -299.243 0
97.5047 -258.227 0
111.207 -209.085 1
107.785 253.57 1
188.401 72.8945 0
-166.047 530.677 0
-206.473 566.98 0
-195.152 600.091 0
-234.751 641.184 0
-272.957 710.055 0
-286.698 658.554 0
-262.345 580.468 1
-235.977 601.682 1
-208.429 588.335 0
-143.509 589.782 0
-140.086 601.787 1
-667.907 405.249 1
-367.316 398.719 0
-339.249 412.829 0
-234.881 437.188 0
-992.003 1204.71 0
-963.197 1330.33 1
-20374.7 12368.7 1
-20409.4 12378.6 1
-20000.5 11800.5 1
-19884 11735.7 0
-19537.9 11710.1 0
-19490.7 11696.5 0
-19500.8 12012.2 0
-19128.9 12442.5 1
-19217.1 12307.2 0
-19308.9 12284.6 0
-19331.3 11817 0
-19965.8 11688.7 0
-20013.3 11711.6 0
-20049.9 11745.6 0
-20062.3 11715.6 0
-20068.4 11758 0
-20040.3 11814.1 0
-20026.6 11820.6 0
-20046.2 11822.5 1
-18440.7 11613.9 1
-18435.8 11632 0
-18419.8 11661.4 0
-18350.8 11712.9 0
-18315.1 11740.1 0
-18356.8 11806.1 0
-18345.1 11837.8 0
-18326.4 11883.9 0
-18425.8 11873.4 0
-18430.4 11859 0
-18474.1 11788.3 0
-18436.8 11701.9 0
-18424.2 11589.8 0
-18451.6 11568.3 0
-18438.1 11571.7 0
-18389.1 11601.3 0
-18362.5 11621.4 0
-18354.6 11659.4 0
-18400.9 11799.1 0
-18389.9 11902.4 0
-18336.1 11999.2 0
-18404.7 12033.7 0
-18388.2 12130.2 0
-18312.8 12063 0
-18273.2 11990.3 0
-18381.1 12003 1
-18049.4 11797.5 1
-18039.9 11791.6 0
