69.2329 -324.72 0
-120.148 140.955 0
-45.1442 151.578 0
-31.1559 164.32 0
-100.783 201.095 0
-50.8059 193.454 0
261.478 -59.6899 0
192.168 -41.9314 0
450.91 33.3969 0
554.89 166.642 0
734.785 -51.1546 1
737.781 -114.017 0
744.397 -115.499 0
732.549 -120.842 0
739.134 -69.7751 0
749.293 -6.00006 0
730.069 5.55583 0
693.945 -2.42653 0
637.402 -9.93543 1
739.136 -562.798 1
786.14 -583.304 0
805.858 -587.969 0
812.101 -584.69 0
865.799 -534.334 1
1133.58 -225.289 1
1117.24 -166.584 0
1155.31 -119.344 0
1168.85 -8.10858 0
1159.37 80.2538 0
1087.99 148.346 0
1055.48 193.363 0
1106.1 203.46 0
1099.27 289.259 0
1104.06 341.972 1
1201.04 -398.094 1
1140.53 -385.957 0
1143.98 -352.353 0
1140.95 -345.402 0
1084.09 -220.256 0
1312.28 -288.675 1
779.555 203.976 0
