-26.7485 102.393 0
-44.6763 182.268 0
-65.4793 223.105 0
-63.9529 234.637 0
-52.3011 220.654 1
90.6068 -319.875 1
61.84 -339.608 0
72.3967 -350.263 0
-39.3374 -400.936 0
-51.7847 -406.411 1
298.234 -149.797 0
331.071 -153.088 1
-192.988 85.3591 0
-106.811 60.4517 0
-88.2407 150.475 1
-447.677 277.9 1
-420.2 327.422 0
-456.715 319.37 0
-407.018 372.805 0
-374.712 407.693 1
-316.496 480.255 1
-98.6295 310.445 0
-48.9416 313.896 0
114.941 230.231 0
143.461 264.579 0
279.857 347.12 0
398.83 367.513 0
376.628 -81.2036 0
385.32 -68.2193 0
339.865 -34.1641 0
347.427 3.27751 0
354.022 90.4334 0
398.251 246.48 1
329.828 287.586 1
298.206 311.12 0
223.852 325.735 0
195.275 283.143 0
281.69 281.144 0
277.374 311.663 0
179.646 373.788 0
169.344 444.843 0
301.64 376.771 0
376.324 185.511 0
362.191 257.986 0
309.412 229.467 0
38.1493 193.488 0
69.0656 242.724 0
18.6438 231.577 0
-66.827 260.775 0
-61.5009 350.578 0
-25.2687 382.005 0
17.0285 415.335 0
59.6215 443.904 0
83.2291 486.495 0
129.004 484.476 0
153.086 526.258 0
89.4207 562.474 0
82.2821 574.029 0
91.2987 550.866 1
609.552 -504.282 1
