8.96829 5.49575 0
212.865 52.3729 0
175.921 25.8948 0
230.218 -6.10087 1
441.908 -218.751 1
397.084 -240.239 0
95.1562 -226.591 0
137.087 -228.48 0
153.899 -252.744 0
145.295 -233.878 0
309.672 -118.967 0
304.607 -56.611 1
1275.14 236.857 0
1209.34 266.096 1
1066.3 336.599 0
1025.24 361.765 0
999.524 393.941 0
902.176 386.25 0
972.024 355.414 1
974.244 323.737 1
989.414 310.057 0
1085.74 245.633 0
1197.17 57.8332 0
1185.19 60.4344 0
1208.3 11.6709 0
1224.85 -46.2414 0
1273.05 -96.166 0
1347.93 -107.585 0
1417.49 -89.4308 0
1393.44 -68.1532 0
1409.82 -66.8635 1
1132.75 105.534 1
1117.75 155.22 0
1110.78 164.515 0
1176.54 374.874 0
1234.9 657.654 0
1388.18 622.703 0
1451 409.002 0
1259.98 315.317 0
1299.13 182.059 0
1326.78 146.34 0
1318.85 131.223 0
1308.88 70.3897 0
1240.02 304.89 1
-7152.49 13.342 0
-7220.57 25.7609 0
-7147.05 -421.511 0
-7061.29 -440.124 0
-7055.08 -429.46 0
-7075.41 -450.811 1
-5955.69 -87.2694 1
-6091.52 15.8046 0
-5946.57 41.1575 0
-5967.08 85.4304 0
-6036.04 146.849 0
-5918.52 651.723 0
-5898.84 630.11 0
-5877.09 649.613 0
-5834.69 539.608 0
-5782.6 602.907 0
-5641.84 546.025 0
-5647.15 529.467 0
-5547.08 487.798 1
-4176.14 -1213.19 1
