27.1834 36.9472 0
68.1533 117.973 0
17.9526 82.9958 0
6.7203 40.7311 0
50.07 17.2917 0
70.6182 205.285 0
93.4662 306.739 0
101.586 341.62 0
97.2617 352.866 0
87.3244 354.333 0
78.8013 348.092 0
71.7107 309.21 0
24.4661 274.65 1
45.3875 -69.3344 1
86.905 -133.359 0
83.2329 -206.07 0
23.9247 -155.838 0
17.421 -169.337 0
14.7463 -129.738 0
-56.5152 -102.71 0
-194.734 -90.0671 1
-546.428 100.264 1
-278.301 144.708 0
-20.1306 -52.2359 0
-145.952 -49.524 0
-110.208 43.9946 0
-128.217 51.3238 0
-170.03 22.759 0
-197.433 86.5149 0
-244.382 179.039 0
-285.36 257.677 0
-221.445 403.856 0
-292.922 460.732 1
-388.565 565.877 1
-410.125 604.022 0
-408.561 631.138 0
-468.706 713.497 0
-545.916 705.692 0
-611.582 628.827 0
-373.491 542.87 0
309.775 -3.09534 0
312.073 50.3451 0
270.008 76.8807 0
250.789 107.667 0
226.352 75.7736 0
230.896 52.7644 1
155.172 -541.594 1
182.789 -551.49 0
212.847 -701.531 0
253.143 -738.182 0
301.45 -298.867 0
196.295 -276.738 0
224.158 -278.995 0
402.567 -339.643 0
335.942 -346.44 0
303.244 -381.085 0
269.562 -359.013 0
288.305 -324.263 0
335.366 -334.962 0
408.189 -339.346 0
608.277 -434.263 0
662.631 -476.704 0
622.962 -482.673 0
634.455 -604.404 0
697.915 -630.465 0
634.893 -654.037 0
649.926 -661.965 0
769.357 -891.97 0
717.24 -815.812 0
912.046 -1101.33 0
941.773 -1096 0
964.049 -1105.17 0
967.92 -1220.83 0
901.201 -1091.35 0
988.492 -1139.05 0
967.63 -1078.83 0
949.737 -997.795 0
893.473 -664.759 0
883.209 -640.748 0
1326.71 -1838.25 0
1351.99 -2671.85 0
1346.61 -2744.12 0
1324.43 -2796.17 0
1051.97 -2416.88 0
1031.9 -2456.34 0
994.36 -2457.94 0
1021.21 -2445.53 0
997.183 -2417.32 0
1042.7 -2413.09 1
9309.04 -2289.49 1
