24.8012 -65.0137 0
95.4794 -81.2488 0
105.937 -141.404 0
100.448 -102.758 0
179.96 -90.6229 0
60.7768 -306.038 0
33.5518 -374.713 0
55.1177 -385.383 0
203.896 -323.858 0
166.444 -275.176 0
142.139 -218.555 0
199.975 -125.146 0
274.377 -75.2465 0
256.099 -77.8986 0
230.76 -110.893 1
243.325 -160.781 1
211.909 -178.099 0
154.325 -54.2588 0
102.746 -47.7989 0
189.985 -50.8807 0
218.544 -64.7773 0
226.133 -224.184 0
301.011 -242.321 0
195.98 -273.043 0
211.369 -299.174 0
225.231 -351.81 0
219.291 -322.158 0
210.552 -276.291 0
286.126 -199.853 0
295.561 -155.399 0
600.815 -257.452 0
-508.846 -65.5475 0
-16999.7 -6195.69 0
-16785 -6137.01 0
-16709.5 -6116.21 0
-16683 -6103.55 0
-16708.5 -6053.85 0
-16694.4 -6083.45 1
-16607.1 -6044.33 1
-16602.9 -6063.73 0
-16591.7 -6061.25 0
-16515.4 -6072.35 0
-16461.3 -6088.58 0
-16467.4 -6066.85 1
-15773.9 -6325.17 1
-15753.9 -6321.45 0
-15731.9 -6366.83 0
-15690.8 -6471.09 0
-15666.7 -6442.49 0
-15573.7 -6370.58 0
-15619.3 -6293.99 0
-15679 -6271.26 0
-15647.3 -6279.33 0
-15544.1 -6333.33 0
-15413.5 -6464.44 0
-15500.7 -6407.88 0
-15483 -6374.77 0
-15455.3 -6269.67 0
-15476.9 -6213 0
-15397.4 -6138.27 0
-15423.1 -6029.88 0
-15430.5 -6042.18 0
-15428.1 -6009.63 0
-15408.7 -5996.03 0
-15304.8 -5981.33 0
-15365.8 -5988.74 0
-15126.9 -6081.25 0
-15110.6 -6045.35 0
-15121.2 -6000.62 0
-15216 -5992.25 0
-15251.5 -5969.91 1
-12438.2 -6974.81 1
