15.461 -3.62881 0
-378.36 -83.7073 0
-369.148 -129.662 0
-256.045 -315.304 0
-300.711 -352.259 0
-298.061 -341.097 0
-195.877 -411.862 0
-149.707 -458.002 0
-108.1 -513.666 0
-207.135 -506.202 0
-240.281 -508.464 0
-258.637 -509.284 0
-163.638 -325.49 0
-44.1784 -158.576 0
-111.843 168.115 0
-43.8839 672.391 0
-136.132 726.129 0
-201.04 746.779 1
-178.745 745.444 1
-169.924 750.414 0
-195.597 702.3 0
-111.609 653.126 0
-47.7247 558.907 1
-38.7439 627.362 1
-59.431 721.209 0
-102.636 797.182 0
-155.664 924.189 0
-29.7332 772.942 0
-106.303 1122.36 0
-353.715 797.497 0
-439.059 599.649 0
-437.584 586.198 0
-433.38 573.119 0
-423.91 608.71 0
-382.566 599.742 1
-396.142 657.964 1
-437.574 602.793 0
-441.741 677.046 0
-450.864 722.66 0
-383.482 750.955 0
-265.438 789.305 0
-241.508 870.905 0
-710.658 1247.85 0
-532.792 893.242 1
-582.726 613.347 1
-496.815 384.496 1
-500.712 407.162 1
-510.554 435.867 1
-49.2626 774.035 1
266.716 899.46 0
265.954 919.75 0
251.684 900.162 0
266.033 893.587 0
235.416 913.985 0
224.562 931.493 0
116.659 946.566 0
71.0799 866.027 0
-37.8354 741.462 0
-77.6691 723.67 0
-114.774 681.4 0
-110.234 636.936 0
-50.637 692.112 0
-20.617 707.51 1
-48.915 801.839 1
-140.087 846.079 0
158.343 525.022 1
144.344 587.103 0
26.2858 782.035 0
43.4408 809.191 0
-86.753 756.186 1
-72122.1 -636.673 1
-71971.4 -692.811 0
-72003.8 -699.215 0
-70028.4 -679.467 0
-70029.5 -654.185 0
-69890 -745.627 0
-69896.5 -772.122 0
-69808.2 -750.996 0
-69768.1 -753.079 0
-69793.5 -757.649 0
-69795.8 -714.412 0
-69789.5 -704.824 0
-69833 -656.236 0
-69863.3 -668.958 0
-69884.8 -688.465 0
-69952.4 -758.321 1
-70408.8 -685.122 1
-70401.8 -671.291 0
-70314.2 -492.422 0
-70487.6 -524.363 1
-70804 -1350.97 1
-70864.8 -1379.12 0
-70868.5 -1412 0
-70861.2 -1470.03 0
-70867.4 -1452.24 0
-70843 -1325.86 1
-70117.5 -1094.61 1
-69840.5 -730.29 0
-69370.6 -489.169 1
-69399.9 -463.474 1
-69402.6 -363.926 1
-69438.5 -381.619 1
-69586.8 -480.182 1
-69621.3 -547.149 0
-69605.7 -584.502 0
-69372.5 -558.201 0
-69339.3 -564.043 0
-71648.9 -931.393 0
-71641.2 -948.183 0
-71676.4 -1086.88 0
-71650.2 -1118.44 0
-71614.1 -1196.07 0
-71484.1 -1183.6 1
-71512.6 -1071.61 1
-72377.9 -941.052 1
-73284.1 -1179.82 0
-73374.4 -1200.15 0
-73429.2 -1178.53 0
-73365 -1151.85 0
-73323.1 -1132.68 1
-73184.1 -1138.04 1
-73095.3 -1157.57 1
-73369.4 -1014.42 1
-67146.7 -1315.35 1
