2.95267 -1.12105 0
-88.7573 -37.9272 0
-442.024 -40.2319 0
-143.249 73.8631 0
-150.224 167.437 1
-148.643 163.732 0
-21.7296 -45.7652 0
8.52575 -116.951 0
24.5618 -194.116 0
48.6843 -249.56 0
65.1561 -311.771 0
51.2563 -306.647 0
39.5288 -291.609 0
-12.6171 -324.251 0
-7.15536 -343.634 0
-32.356 -378.385 0
-73.3497 -445.616 0
-45.589 -522.349 0
-23.6856 -525.168 0
-230.995 -952.147 0
-241.149 -870.315 0
-227.24 -915.819 0
-257.476 -946.63 1
-74.4226 -912.738 1
-32.5214 -929.257 0
94.4088 -875.949 0
67.5173 -800.149 0
-119.146 -471.614 0
-293.861 -287.123 0
-345.731 -214.297 0
63.7375 -347.144 0
62.9343 -344.361 0
-499.248 -298.331 0
-488.63 -330.737 0
-423.515 -415.75 0
-380.072 -460.073 1
-2681.23 -880.346 1
-2424.8 -860.456 0
-2117.05 -818.618 0
-2090.67 -845.703 0
-2108.43 -842.331 0
-2124.44 -620.891 0
-2706.21 -141.74 0
-2581.32 -186.762 0
-3753.11 864.949 0
-5908.71 844.725 0
-5956.77 800.566 0
-5926.76 793.502 0
-5899.84 806.03 0
-5863.63 837.898 0
-5829.1 843.754 0
-5780.68 828.184 1
-5809.22 852.029 1
-12034.7 328.921 0
-12034.6 362.544 0
-12053.6 390.589 0
-12039.6 401.847 0
-7839.38 -347.442 1
-7882.44 -158.585 0
-7900.52 -122.026 0
-7978.17 4.25885 1
-7966.75 36.5314 1
-7973.21 66.1469 1
-8011.39 69.886 1
-8425.76 -240.002 1
-8313.75 -248.724 1
-8196.28 -274.118 0
-7824.76 -44.9387 0
-7763.08 1.5846 0
-8014.13 -213.653 0
-7981.36 -270.223 0
-7925.51 -342.623 1
-7555.14 8.4599 1
-7155.92 98.0837 0
-7159.26 -334.859 0
-7041.86 -236.185 0
-7097.3 -138.822 0
-7279.39 -304.669 0
-7281.87 -346.783 0
-7009.56 -360.769 0
-7058.7 -392.79 1
-7019.74 -330.634 1
-7004.55 -297.6 0
-6661.92 -132.38 0
-6680.49 -237.756 0
-6898.97 -405.113 0
-6790.89 -542.276 0
-6845.76 -599.069 0
-6993.93 -677.519 0
-7017 -702.49 0
-7060.24 -838.359 0
-7025.43 -815.339 0
-7096.23 -744.151 1
-6418.34 -784.856 1
-6426.99 -767.888 0
