22.6114 16.2642 0
17.1677 33.9788 0
-28.1797 48.1818 0
-31.878 17.2371 0
-126.063 39.6325 0
-163.775 80.0342 0
-132.036 95.0834 0
383.244 -311.437 0
204.473 10.8555 0
765.899 100.912 0
427.413 461.92 0
298.295 481.693 1
230.482 467.812 1
614.307 248.371 1
596.095 229.77 0
661.518 246.658 0
663.215 224.991 0
617.975 226.706 1
757.563 701.799 1
750.222 694.838 0
513.342 461.335 0
553.001 374.31 0
541.086 313.742 0
578.447 290.079 0
703.949 246.249 0
745.255 236.491 0
770.318 211.205 0
749.476 205.906 0
459.93 173.461 0
467.711 198.44 1
547.96 166.984 1
542.513 178.552 0
531.883 194.222 0
525.296 220.14 0
552.154 272.71 0
555.027 333.476 0
600.253 330.316 0
604.391 329.105 1
1493.28 731.565 1
1481.81 978.493 0
1520.18 953.678 0
1553.3 924.871 0
1659.8 787.379 0
1719.15 767.713 0
1808.59 799.458 0
1816.99 854.401 0
1825.86 951.132 1
1813.97 1018.19 1
1805.75 1073.18 0
1896.52 1031.1 0
1950.91 975.431 1
2204.48 129.958 1
2216.1 134.823 0
2190.68 118.731 0
2171.31 149.315 0
2181.79 195.642 0
1875.54 428.893 0
1865.02 503.726 0
1855.95 534.593 0
1889.28 590.398 0
1880.3 596.641 0
1855.94 595.012 0
1841.4 649.809 0
1796.77 563.893 0
1740.72 570.37 0
1755.29 504.25 0
1659.99 504.797 0
1923.22 -726.57 0
1821.08 -115.456 0
