-85.3957 53.878 0
-85.6598 166.487 0
-50.0079 204.707 0
-46.638 204.825 0
-133.782 236.35 1
-173.905 252.914 1
-193.994 276.827 0
-198.281 310.625 0
-166.168 193.25 1
-163.275 220.692 1
-185.809 204.079 0
-183.141 231.292 0
-194.97 208.073 0
-168.487 236.308 0
-155.258 235.272 0
-629.547 259.237 0
-608.6 306.679 0
-590.814 230.072 0
-553.093 211.825 0
-552.365 147.316 0
-534.072 102.592 1
356.671 146.512 1
353.661 107.135 0
344.466 200.128 0
425.195 229.569 0
407.838 274.521 1
482.29 222.754 1
499.605 173.538 0
-428.474 -137.122 0
-436.147 -170.37 0
-437.375 -214.764 0
-555.21 -218.518 0
-529.198 -131.249 0
-475.906 -134.848 1
703.634 78.8409 1
736.471 31.0414 0
763.701 10.7832 0
761.581 8.29398 0
796.683 67.4388 0
771.776 29.7822 0
761.478 15.3245 0
609.993 141.572 0
617.835 177.319 0
605.847 283.925 0
592.012 396.91 0
394.727 700.591 0
461.818 650.139 0
787.969 -194.342 0
791.604 -131.431 0
798.981 -95.5684 0
807.644 -124.989 0
827.046 -55.1021 0
828.505 -32.806 0
826.652 -3.56438 0
810.672 -17.3608 1
780.377 3.41182 1
816.782 -45.2422 0
796.581 -17.2363 0
849.076 -6.87328 0
821.78 13.6508 0
796.272 43.2157 0
783.932 72.231 0
755.899 113.011 0
721.959 191.751 0
659.948 241.471 0
576.36 283.509 0
467.599 389.46 0
519.879 438.523 0
677.216 490.294 0
664.173 520.183 0
628.32 508.527 0
-59.6104 582.468 0
-71.3744 592.215 0
-183.612 542.95 0
-122.159 533.208 0
-234.858 510.178 0
-21.4352 414.9 0
-52.8869 444.445 0
54.0703 452.177 0
-922.84 795.621 0
-911.418 782.045 0
-1893.13 1454.24 0
-1905.97 1503.69 0
-1882.03 1478.36 0
-1910.21 1460.55 1
26137.9 3104.78 1
