-49.5735 11.8406 0
-66.7541 32.2135 0
-127.87 48.2619 0
-157.098 90.4333 0
-204.112 153.208 0
-219.351 163.271 0
-251.243 196.308 0
-294.452 50.6193 0
-243.104 -6.07542 0
102.287 -58.1484 0
113.987 -11.5322 0
81.3891 40.4293 0
102.835 34.3835 0
343.065 -272.623 0
347.337 -299.178 0
304.213 -294.837 0
380.322 -354.623 0
238.06 -388.711 0
293.835 -369.367 0
282.467 -350.51 0
201.298 -345.78 0
226.382 -358.428 0
221.808 -282.634 0
262.206 -313.935 0
355.114 -364.099 0
351.564 -243.467 0
348.843 -182.167 0
358.047 -128.505 0
346.677 -101.531 0
380.006 -99.9104 1
559.287 -151.966 1
636.52 -127.614 0
581.647 -156.656 0
569.085 -152.152 0
647.814 76.1476 0
779.231 -61.506 0
722.012 16.6328 0
728.985 74.3577 0
845.913 42.4495 0
642.839 45.9291 0
633.512 55.0238 0
561.823 194.22 0
636.703 152.262 0
668.112 139.324 0
729.513 157.447 0
743.237 158.147 0
771.985 157.014 0
773.508 221.995 1
764.931 279.038 1
847.996 175.011 0
905.544 125.458 0
900.977 185.444 0
976.779 277.091 0
1303.94 -96.3712 0
1388.44 -162.369 1
63.6748 5.30731 0
4766.51 -1140.47 1
4680.34 -1093.71 0
4681.61 -994.675 0
