58.4689 -4.19479 0
-43.1148 149.54 0
-68.3006 164.718 0
-105.414 162.217 0
-485.256 295.989 0
-526.156 288.69 0
-565.928 350.737 0
-544.813 319.191 0
-600.874 291.33 1
-2430.16 464.141 1
-2628.78 400.805 0
-2647.22 400.729 0
-2635.43 391.696 0
-2645.82 346.634 1
-2736.32 7.09869 1
-2726.84 -11.1223 0
-2713.44 -43.8828 0
-2703.51 -21.2838 0
-2784.04 -31.0024 1
-8075.01 -569.364 1
-8027.12 -606.252 0
-8035.76 -642.74 0
-8025.03 -624.63 0
-7201.39 -730.125 0
-7149.93 -734.862 0
-7062.95 -734.243 0
-7078.05 -686.424 0
-7105.95 -642.468 0
-7201.25 -346.45 0
-7095.53 -623.653 0
-7088.65 -649.301 0
-7037.31 -674.906 0
-6966.53 -663.078 1
-7019.22 -631.131 1
-7094.63 -546.232 1
-5985.65 -602.854 1
-5984.15 -576.727 0
-6002.92 -541.848 0
-5897.5 -535.654 0
-5804.79 -583.643 0
-5775.66 -429.201 0
-5693.25 -462.979 1
-5957.81 -540.973 1
-5850.39 -589.146 0
-5744.53 -550.2 0
-5676.28 -516.663 0
-9156.75 -425.54 0
-9191.66 -408.977 0
-9193.75 -423.437 0
-9288.5 -421.197 1
347219 1285.68 1
