25.1774 70.035 0
32.5053 179.075 0
31.8026 232.345 0
5.68484 250.839 0
25.7408 267.18 1
4.81864 290.184 1
17.3081 299.075 0
99.6077 194.975 0
186.766 229.245 0
506.062 90.0348 0
536.003 19.9024 1
519.205 12.5467 1
502.575 -25.6794 0
491.042 5.90877 0
438.976 -59.6899 0
463.277 -90.1347 0
505.878 -141.96 0
650.608 -364.354 0
652.685 -381.046 0
769.958 -188.337 0
805.124 -76.2936 0
806.159 89.1701 0
748.598 28.0309 0
778.026 67.8435 0
1092.58 -80.9299 0
1085.86 -118.588 0
1036.63 -148.322 0
1025.43 133.318 0
1054.4 116.715 0
1252.2 41.0971 0
1373.91 -90.551 0
1370.93 -137.455 0
1458.8 -222.18 0
1490.69 -295.636 0
1524.16 -374.95 0
1628.99 -668.505 0
1648.79 -698.61 0
1606.94 -745.053 0
1636.36 -771.245 0
1628.22 -790.694 0
1607.53 -836.886 0
1582.38 -859.368 0
1588.21 -833.978 0
1632.05 -855.17 0
1619.86 -882.194 0
1597.97 -888.756 0
1566.6 -911.965 0
1537.38 -872.611 0
1554.78 -832.595 0
2160.28 -435.384 0
2220.57 -529.505 0
2249.39 -569.743 0
2226.07 -509.682 0
2287.98 -369.872 0
2272.75 -470.071 1
