68.2489 -6.14125 0
-207.481 -41.3128 0
-209.702 9.98225 0
-20.8664 17.9208 0
-17.6889 70.7755 0
-2.46279 105.197 0
11.0873 140.913 0
41.6909 121.027 0
-270.01 -129.836 0
-203.92 -212.77 0
-163.325 -215.764 0
-125.522 -175.975 0
-7.17196 -195.246 0
-41.9869 -181.917 0
-108.589 -191.81 0
180.865 79.0944 0
77.4586 -156.601 0
-52.2225 -265.177 0
-57.7458 -407.678 0
-71.4209 -453.889 0
-81.813 -486.019 0
-74.1179 -473.704 0
-84.8636 -470.612 0
-73.9756 -450.577 0
-96.2253 -388.872 1
-106.869 -337.254 1
-73.784 -330.029 0
-148.633 -339.535 0
-11.3181 -299.545 0
296.325 -233.825 0
328.856 -238.094 0
366.663 -274.692 0
489.335 -362.252 0
740.211 -454.408 0
721.755 -439.885 0
675.777 -409.429 0
646.983 -359.965 0
684.667 -338.23 0
317.122 -190.766 0
284.41 -126.177 0
466.289 180.375 0
545.553 205.908 0
625.901 267.94 1
615.528 325.369 1
677.657 283.711 0
797.494 193.872 0
764.729 238.398 0
799.634 -40.7744 0
724.416 127.606 0
593.58 420.117 0
500.015 506.848 0
525.399 523.265 0
706.662 636.914 0
629.898 534.65 0
640.742 525.527 0
678.25 552.312 0
754.38 552.164 0
678.308 524.259 1
666.813 503.625 1
680.296 549.293 0
699.108 573.82 0
721.229 596.54 0
755.748 604.477 0
682.986 559.949 0
589.218 579.212 0
623.737 605.701 0
644.013 623.317 0
757.402 637.266 0
740.61 663.147 0
749.511 776.471 0
765.264 842.493 0
793.064 857.117 0
804.182 958.423 0
772.702 956.103 0
715.835 988.478 0
685.661 1037.61 0
681.872 986.035 0
683.403 937.7 0
787.395 897.919 1
352.694 875.373 1
605.615 911.499 0
705.343 935.796 0
997.574 828.594 0
1024.89 552.88 0
924.853 540.288 0
886.367 513.825 0
690.108 605.882 0
669.532 672.599 0
612.194 705.829 0
