-3.11882 -13.2518 0
-11.8928 16.2246 0
-65.3139 234.541 0
72.5972 203.259 0
128.025 171.266 0
169.962 170.09 0
238.177 196.155 0
235.928 219.006 0
189.965 234.617 0
198.138 247.59 1
76.1109 226.143 1
-134.391 186.07 0
-176.515 194.655 0
-295.494 264.689 0
-349.802 297.752 0
-431.813 331.801 0
-432.744 323.297 0
-426.907 292.646 0
-433.201 240.438 0
-460.005 230.257 0
-441.004 257.738 0
-387.284 236.475 0
-1662.01 113.869 1
-1646.77 72.2478 0
-1194.06 -63.1859 0
-1162.02 -15.1384 0
-1163.32 19.6655 0
-1054.56 105.28 1
-2827.54 -194.579 1
-2457.5 -160.486 0
-2487.94 -148.921 0
-2437.12 -101.556 0
-2418.04 -26.7416 0
-2409.29 -0.847424 0
-2424.98 87.6255 0
-2439.11 101.677 0
-2491.53 138.926 1
-2232.71 1693.32 1
-2342.73 1759.88 1
-2325.84 1765.98 0
-2281.56 1780.4 0
-2266.83 1824.77 0
-2177.5 1703.98 0
-1268.3 1926.94 0
-1329 1880.1 0
-1365.75 1778.23 0
