20.0411 10.8916 0
47.0001 5.00021 0
82.3624 -51.0741 0
108.417 -109.613 0
167.623 -245.005 0
288.824 -499.086 0
263.238 -476.121 0
250.346 -483.598 0
284.684 -484.885 0
232.539 -487.166 0
200.353 -575.6 0
175.625 -634.124 0
191.811 -632.29 0
337.627 -540.7 0
346.861 -511.211 0
383.501 -461.768 0
345.347 -413.027 0
-83.0191 -201.878 0
-128.358 -158.096 1
-138.249 -114.135 1
-143.712 -107.211 0
-147.969 -130.692 0
-139.713 -134.824 0
-109.84 -60.607 0
-76.257 -65.9507 0
341.5 -123.808 1
362.645 -94.4338 0
537.18 -127.189 0
459.988 -195.908 0
511.96 -242.425 0
515.199 -244.721 0
517.465 -240.431 0
450.164 -193.376 0
320.838 -248.07 0
349.809 -257.175 0
337.056 -208.693 0
298.624 -177.179 0
286.813 -100.199 1
238.443 -103.58 1
272.808 -56.4629 0
324.802 -55.3027 0
288.091 -101.876 0
259.932 -102.488 0
243.553 -73.908 0
244.373 -65.229 0
288.836 -84.1456 0
277.594 -51.9407 1
8398.91 -1060.65 1
