-15.9527 3.37667 1
11.6305 -49.6462 1
14.7744 43.4341 0
-18.3401 19.1001 0
-57.6773 -32.3823 0
-41.8243 -36.3813 0
-29.1324 -17.405 0
-26.4068 -9.15257 1
318.675 79.6028 1
335.789 24.8706 0
327.675 79.8452 0
291.132 131.07 0
271.975 91.8515 0
235.87 65.9553 0
194.231 64.5651 0
294.091 130.588 0
282.752 101.508 1
181.013 171.781 1
250.968 179.782 0
180.217 202.138 0
258.272 203.87 0
479.744 103.782 0
508.136 87.8341 0
510.24 114.523 0
553.248 160.188 0
475.804 165.648 1
1012.39 99.182 1
1005.27 99.5528 0
982.811 101.468 0
680.877 188.531 0
678.281 242.392 0
698.598 296.024 0
716.74 313.664 0
749.005 338.497 0
774.649 322.906 0
803.941 316.651 0
761.282 322.957 0
794.104 336.584 0
769.767 357.626 0
1153.8 275.645 0
1161.66 290.331 0
1135.86 369.598 0
1151.18 359.664 0
1155.2 357.086 0
1160.2 348.238 0
1161.44 325.02 0
1144.57 361.951 0
1237.88 344.959 1
1269.22 377.596 1
1282.72 374.674 0
1300.77 333.52 0
1370.08 620.177 0
1320.08 626.949 0
1357.46 595.367 0
