-95.5174 51.8863 0
17.5624 311.831 0
17.1299 329.647 0
-74.7486 338.012 1
119.992 210.432 1
132.604 288.444 0
210.736 271.94 0
175.416 353.963 0
51.8467 525.574 0
-77.3482 318.016 0
279.717 102.074 0
329.104 79.2529 0
256.934 120.108 0
133.064 224.681 0
141.442 327.245 0
182.899 373.262 0
395.974 312.426 0
394.24 232.405 0
357.703 -338.826 0
394.231 -302.236 0
501.564 -318.54 0
582.929 -298.756 0
594.834 -307.829 0
579.722 -299.466 0
546.592 -323.692 1
1579.85 -293.358 1
1574.36 -250.867 0
1525.18 -237.169 0
1522.24 -167.23 0
1522.79 -68.4575 0
1451 -64.6623 0
1439.55 -44.7702 0
1767.77 72.0312 0
1792.4 111.85 0
1819.36 215.14 0
1831.75 -7.20831 0
1834.48 0.0658789 0
1831.1 6.15208 0
1817.62 -37.1809 1
1970.33 -46.0629 1
1700.92 202.586 0
1738.21 160.968 0
1707.45 183.293 1
1666.64 148.34 1
1670.95 252.258 0
1874.24 29.5326 0
1844.01 106.321 1
2490.51 -2248.67 1
