-3.54292 7.75616 0
18.1284 36.6222 0
-2.65076 3.0269 0
21.7294 21.8085 1
10.4893 10.4245 0
88.4654 -128.555 1
-3276.41 2123.61 0
-3387.22 2131.79 0
-3390.92 2124.78 0
-3412.69 2133.78 0
-3398.73 2137.11 1
-3294.69 2100.49 1
-3297.21 2113.59 0
-3076.81 2006.61 0
-3108.23 1895.1 0
-3099.65 1995.04 0
-3096.41 2040.75 0
-3076.97 2048.57 1
-3097.61 2060.44 1
-3182.23 2111.88 0
-3234.09 2139.01 0
-2762.44 2093.04 0
-2770.48 2102.15 0
-2792.06 2088.68 0
-2943.7 1934.44 0
-2998.74 1945.84 0
-3049.77 1939.8 0
-3084.04 1913.63 0
-3068.02 1919.44 1
-2551.02 1757.78 1
-2569.14 1746.86 0
-2535.58 1845.79 0
-2513.77 1994.43 0
-2603.1 2045.74 0
-2605.06 2043.17 1
-3278.43 2215.31 1
-3868.99 2206.16 0
-3889.71 2170.1 0
1433.56 1458.02 0
1444.2 1525.98 0
1459.34 1487.95 0
1486.05 1443.18 0
1519.7 1338.33 0
1545.56 1347.53 0
1589.07 1436.61 0
1620.51 1472.41 0
1577.36 1393.06 0
1637.45 1339.22 0
1775.87 1317.92 0
1776.22 1233.09 1
1731.29 1262.02 1
1697.79 1298.98 0
2146.37 1041.47 0
