-3.88321 24.3743 0
95.6777 104.102 0
67.4922 128.957 0
112.193 138.029 0
135.449 125.634 0
163.124 187.26 0
277.203 148.373 0
475.092 195.681 0
425.277 209.536 0
607.704 217.926 0
582.08 218.889 0
611.117 205.222 0
677.568 212.477 0
679.926 188.677 0
695.218 192.729 0
660.925 157.744 0
756.801 122.272 1
792.183 172.991 1
805.654 181.654 0
818.539 220.099 0
828.32 222.398 0
851.379 236.879 0
876.917 229.26 0
824.145 221.985 0
895.438 167.792 1
825.653 102.798 0
804.281 67.257 0
1067.33 63.3381 0
1066.28 194.205 0
1044.7 143.762 1
1207.75 420.912 1
1200.18 400.899 0
1200.75 410.686 0
1207.85 414.65 0
1194.6 442.187 1
1785.77 -94.8212 1
1865.67 -220.974 0
1933.79 -190.308 0
1934.99 -200.886 0
