-84.5697 -8.9258 0
-139.004 40.8915 0
-153.063 51.9053 0
-201.104 55.3055 0
-240.242 44.6326 0
-278.194 75.9874 0
-277.543 52.5382 0
-222.107 26.1736 0
-197.008 -31.3081 0
-245.324 -26.3728 0
-258.562 87.9916 0
-283.859 121.253 0
-338.021 167.037 0
-288.212 177.074 0
-620.244 593.424 0
-380.387 602.509 0
-426.572 610.246 0
-485.846 566.98 0
-498.342 520.431 0
-506.064 517.591 0
-539.417 529.578 0
-645.95 528.649 0
-374.254 481.878 1
-371.802 484.208 0
-367.042 570.309 0
-375.898 601.653 0
-210.54 134.296 0
-230.685 74.3254 0
-172.764 -61.487 0
-75.828 -75.3118 0
518.977 163.07 0
552.434 192.267 0
556.591 199.325 0
539.985 213.288 0
517.831 224.409 0
463.899 279.279 0
495.475 262.062 0
524.277 290.573 0
560.119 327.707 0
660.125 327.72 0
674.929 442.13 0
624.535 467.811 0
504.071 618.932 0
520.933 577.383 0
531.228 562.668 0
780.762 672.151 0
777.427 701.482 0
1106.85 409.18 0
1036.83 571.22 0
1037.24 623.024 0
1098.49 651.35 0
1162.63 616.1 0
1207.44 553.357 0
1385.79 402.743 0
1522.79 320.801 0
1629.7 374.811 0
1682.71 380.432 0
1713.59 323.362 0
1690.29 310.105 0
1596.04 333.045 1
1586.08 -519.926 1
1580.5 -532.122 0
1607.42 -578.296 0
1597.56 -563.962 0
1590.68 -576.552 0
1583.65 -720.927 0
1587.07 -867.211 1
1509.07 -625.115 0
1706.05 -601.289 0
2888.25 -1277.58 0
2895.6 -1358.29 0
