53.6638 -24.1144 0
41.2604 -6.74468 0
15.8006 -0.837262 0
19.9427 -73.0376 0
147.717 -133.326 0
128.085 -132.268 0
77.1218 -89.2142 0
39.6352 -144.293 0
236.842 -126.984 0
265.871 -78.6185 0
209.631 96.6014 0
164.17 -3.35635 0
137.371 10.0011 0
112.675 17.4165 0
108.014 14.5305 1
102.011 -40.435 1
115.199 -57.6959 0
117.123 -28.6215 0
115.632 -62.5198 0
178.624 23.3367 0
176.311 20.2039 0
234.921 -22.6783 0
245.335 -86.6259 0
278.141 -148.198 0
290.366 -168.805 0
206.818 103.593 1
402.532 -475.932 1
394.91 -341.916 0
396.496 -262.219 0
350.556 -268.017 0
353.365 -240.477 0
331.021 -196.379 0
332.347 -150.67 0
375.558 -151.328 0
397.604 -221.624 0
528.055 -191.514 0
499.609 -200.833 0
450.279 -172.795 0
474.204 -81.6017 0
493.01 -112.94 0
611.048 -288.605 0
470.353 192.382 0
619.903 221.587 0
637.964 215.111 0
628.067 245.222 0
622.901 132.762 1
622.134 -69.4543 1
594.333 -53.0652 0
663.134 -68.1429 0
661.091 -53.8406 0
648.773 -40.6898 0
757.288 -33.1652 0
797.323 -61.9646 0
844.63 -88.8294 0
830.572 -49.3578 0
802.898 -99.5567 0
786.45 -132.773 1
-1407.06 685.675 1
-1405.93 752.701 1
-1359.98 722.871 1
-443.094 589.717 0
