17.9221 139.025 0
-22.1058 55.7231 0
99.56 3.4227 0
115.078 27.9245 0
133.152 24.6757 0
154.771 21.9175 0
177.035 9.26387 0
250.358 -0.395049 0
210.953 -70.039 0
213.058 -46.2293 0
217.655 15.685 0
282.464 143.213 0
277.529 157.543 0
345.796 -48.4678 0
881.738 417.863 0
1623.97 1010.6 1
1663.91 1047.56 0
1651.06 1052.78 0
1688.68 1080.17 0
1709.22 1056.38 0
1682.67 1048.32 0
1745.63 881.773 1
1725.5 890.885 0
1670.43 906.17 0
1863.56 730.359 0
1925.59 763.661 0
2221.71 722.539 0
2250.49 641.555 0
2259.55 534.587 0
2242.12 628.14 0
2132.89 695.496 0
2251.84 706.483 0
2254.59 630.136 0
2262.02 560.065 0
2258.73 464.663 0
2245.13 358.376 0
2250.45 301.505 0
2296.78 323.526 0
2337.08 300.972 0
2361.14 305.68 0
2358.57 381.96 0
2326.66 539.252 0
2322.32 631.679 0
2317.3 719.559 0
2202.81 651.62 0
2258 703.259 0
2254.42 807.186 0
2274.89 820.487 0
2344.63 839.272 0
2411.43 806.611 0
2230.44 986.979 0
2890.48 -809.467 0
2865.86 -1131.18 0
2800.64 -911.249 0
2878.6 -527.065 0
3215.4 -442.628 0
3177.04 -280.042 0
2548.04 879.972 0
2522.14 836.134 0
2406.71 660.419 0
2406.67 532.773 0
2805.07 331.531 0
