-17.6299 78.5471 0
-12.0709 146.845 0
-5.06554 149.195 0
9.65157 45.2969 0
-81.2877 -332.943 1
-68.8705 -358.37 0
-78.2585 -338.399 0
-94.7509 -374.652 0
-14.7134 -391.533 1
161.54 -407.1 1
196.722 -299.871 0
181.704 -168.359 0
216.178 -256.237 0
284.385 -326.374 0
302.719 -289.958 0
-1242.03 97.0127 0
-1226.18 190.816 1
-1283.68 196.12 1
2706.33 -1168.58 1
2655.47 -1149.17 0
2694.03 -1156.79 0
2675.77 -1172.36 0
2730.37 -1193.76 0
2814.39 -1194.12 0
2840.08 -1174.87 0
2828.59 -1169.19 0
2758.55 -995.049 1
3146.29 -1384.86 1
3050.45 -1322.94 0
3075.95 -1297.34 0
3060.02 -1214.14 0
3102.55 -1061.8 0
3067.69 -911.73 0
3061.84 -791.471 0
2943.16 -703.578 0
2915.44 -641.597 0
2893.52 -610.406 1
2684.12 -790.649 1
2672.19 -793.691 0
2653.95 -730.397 0
2623.12 -670.506 0
2631.72 -690.51 0
2683.11 -705.507 0
2613.03 -679.24 0
3048.39 -662.065 0
3046.98 -670.704 0
2965.42 -612.445 0
2793.21 -534.51 0
2757.99 -495.275 0
2840.62 -504.584 0
2862.02 -535.156 0
2822.93 -520.826 0
2715.3 -599.307 0
2734.13 -514.038 0
2772.35 -444.347 0
2750.3 -443.232 1
3534.21 -576.093 1
3511.23 -632.402 0
3475.06 -679.059 0
3230.6 -810.778 0
3284.52 -794.709 0
3249.42 -804.744 0
3402.35 -788.712 0
3089.65 -525.631 0
3018.14 -433.617 0
3088.84 -243.335 0
3100.33 -175.245 1
3112.09 -32.8601 1
3126.41 26.1144 0
3141.28 62.6524 0
3166.58 24.6379 0
3201.34 -8.08916 1
3203.73 -27.4551 1
3335.37 -144.503 0
3380.2 -184.02 0
3445.36 -190.108 0
3458.55 -181.542 0
3497.21 -171.034 0
3472.39 -117.941 0
3488.93 -103.921 0
3437.3 -107.21 0
3424.75 -77.5238 0
3417.98 -70.2023 0
