138.072 -61.4971 0
214.905 -150.829 0
144.177 -89.8809 0
79.5794 -63.2529 0
87.96 5.90402 0
235.865 180.073 0
221.276 218.857 0
164.17 279.568 0
308.849 201.669 0
598.099 -505.572 0
586.329 -548.294 0
588.827 -620.705 0
636.594 -640.724 0
600.292 -653.054 0
711.451 -221.896 0
631.675 -647.887 0
438.072 -627.021 0
350.907 -636.422 0
352.798 -590.242 0
395.172 -579.718 1
407.204 -568.078 1
-502.165 428.406 1
-426.178 364 1
-385.815 288.601 1
-389.9 282.363 1
1037.36 -299.432 0
1036.19 -345.636 0
965.962 -379.61 0
933.341 -457.323 0
924.669 -534.729 0
978.412 -617.416 0
980.25 -637.724 0
988.172 -642.952 0
1011.58 -638.182 0
865.207 -575.358 0
1112.96 -556.056 0
1063.94 -566.945 0
1112.82 -548.627 0
827.256 -493.497 0
830.654 -496.529 0
629.567 -400.947 0
659.612 -342.121 0
662.968 -290.749 0
919.737 -238.337 0
2457.52 -1982.57 0
