22.8035 -19.8253 0
45.9738 45.7442 0
51.9085 64.255 0
-5.9063 175.328 0
-33.4448 189.298 0
-57.1869 143.954 0
-91.453 145.531 1
-165.767 121.801 1
-172.546 129.161 0
-132.566 96.1834 0
-20.6424 55.8971 0
34.2618 16.7424 0
193.039 77.2246 0
161.53 52.9716 0
119.242 97.7937 0
396.772 179.848 0
411.941 179.139 0
395.488 171.694 1
350.56 -200.5 1
108.257 -928.958 0
-321.408 -2168.46 0
-300.729 -2182.37 0
-256.509 -2195.65 0
-243.215 -2193.6 0
103.213 -2255.13 1
370.565 -1444.94 0
418.07 -2235.42 1
355.743 -2410.86 1
333.07 -2418.13 0
324.8 -2431.99 0
197.211 -2603.89 0
180.291 -2609.26 0
188.66 -2567.7 0
73.8941 -2610.74 0
104.924 -2541.84 1
810.67 -2065.27 1
813.284 -2046.64 0
796.425 -2016.86 0
789.872 -1976.71 0
720.6 -1971.98 0
694.554 -1945.53 0
684.431 -1924.49 0
612.668 -1999.39 0
550.101 -2088.46 0
600.099 -2090.2 0
698.575 -1995.7 0
906.497 -1911.76 1
917.173 -1907.35 1
1007.99 -2168.05 0
981.345 -2159.19 0
