-45.0807 -6.30635 0
-83.9807 -73.4765 0
-106.878 18.1526 0
-136.353 139.957 0
-162.836 196.829 0
-177.505 251.453 0
-183.803 239.692 0
-294.821 -67.0248 1
-270.988 -32.4205 0
-238.379 -64.367 0
-239.201 -13.0944 1
1526.23 -310.552 1
1511.19 -375.154 0
1503.7 -409.161 0
1500.15 -430.985 0
1477.95 -347.782 0
1443.04 -204.924 0
1443.64 -175.191 0
1444.88 -153.916 0
1681.9 -372.125 0
1692.54 -406.669 0
1697.76 -452.922 0
1695.92 -497.294 0
1696.04 -521.794 0
1727.22 -374.761 0
1657.45 -333.641 0
1608.7 -317.657 0
1595.97 -352.152 0
1580.79 -431.739 0
1602.05 -382.825 0
1679.68 -292.842 0
1688.79 -267.742 0
1720.91 -200.332 0
1711.44 -40.4713 0
1724.74 158.786 0
1667.59 207.055 0
1589.21 211.348 0
1542.96 186.403 0
1595.38 204.754 0
1616.6 180.858 1
1792.94 -1012.61 1
1799.76 -1217.14 0
1673.63 -924.114 0
1666.22 -853.157 0
1775.49 -434.161 0
-136.16 -1260.82 0
2394 -287.117 0
2582.49 -630.507 1
