0.668623 -68.154 0
-4.26912 73.7298 0
-22.8038 132.784 0
448.917 -17.6357 0
272.865 -209.217 0
56.567 -201.796 0
65.4442 -112.902 0
52.3441 1.31766 0
-52.58 -190.895 0
334.786 -476.691 0
380.411 -481.478 0
409.708 -476.279 0
503.429 -467.873 0
489.63 -468.171 0
442.794 -502.696 0
379.894 -440.108 0
410.976 -1011.26 0
450.305 -1025.31 0
449.339 -1048.38 0
431.291 -1046.82 0
408.101 -1053.62 0
428.124 -1050.58 0
430.928 -1003.96 0
455.291 -928.508 0
451.231 -921.198 1
496.493 -932.687 1
735.794 -1122.52 0
728.416 -1154.02 0
673.707 -977.275 0
763.805 -978.711 0
811.451 -938.431 0
786.188 -840.942 0
773.798 -730.049 0
764.299 -666.04 0
865.673 -608.033 0
793.699 -553.182 0
786.116 -507.737 0
768.801 -470.046 0
743.068 -454.412 0
755.658 -437.799 0
888.889 -349.329 0
878.593 -339.651 0
895.938 -290.408 0
922.631 -260.573 0
973.713 -275.882 0
996.684 -219.55 1
1051.82 -132.716 1
1121.62 -111.893 0
1070.85 -106.235 0
954.57 -112.212 0
881.19 -44.9507 0
903.207 18.98 0
1073.12 58.6027 1
1093.73 113.082 0
1180.67 174.517 1
1271.44 205.563 0
1344.06 175.568 0
1399.51 158.308 1
1165.89 -103.462 1
1146.72 -133.708 0
1336.84 -133.859 0
1366.01 -65.5386 0
1349.9 26.9947 0
1320.04 85.2803 0
1324.92 134.978 0
1343.98 174.315 0
1435.08 186.41 0
1549.17 243.816 0
1586.83 292.455 0
1516.18 49.5385 0
1479.73 306.725 0
1464.08 325.291 0
1449.3 346.714 0
1440.06 331.679 0
