62.5406 22.9883 0
74.608 71.5438 0
-57.446 -30.1616 0
-72.6949 -35.3205 0
-86.0573 -44.7433 0
-109.977 -21.9719 0
-61.5769 -54.6218 1
18.3336 -134.527 1
11.9521 -137.815 0
8.05982 -136.352 0
-0.172197 -127.749 1
-109.367 390.413 1
72.8183 -475.117 0
60.9072 -441.296 0
16.3803 -389.751 0
73.2923 -367.545 0
85.851 -364.134 0
92.7379 -337.972 0
94.6833 -332.11 1
80.8658 -272.365 1
107.728 -271.087 0
156.036 -263.388 0
159.921 -238.72 0
518.222 128.831 0
497.984 145.63 1
1152.48 56.7698 1
1312.22 123.084 0
1331.65 195.971 0
1342.14 199.75 0
1376.76 153.85 1
1132.84 -173.96 1
1101.59 -224.526 0
1106.11 -229.134 0
1148.26 -174.82 0
1199.07 -172.905 1
2001.58 -377.041 1
1965.77 -377.268 0
1929.99 -287.496 0
1906.22 -248.172 0
1885.29 -197.697 0
1885.1 -139.225 0
1893.87 -106.727 0
1917.01 -62.4484 0
1831.27 -20.6789 0
1848.39 -12.5727 0
1914.37 -95.3355 0
1977.9 -242.861 0
1923.42 -359.146 0
1775.69 -330.098 0
1715.77 -300.23 0
1790 -268.383 0
1920.99 -111.122 0
2020.56 -24.5897 0
1973.93 22.7331 0
1973.59 94.5002 0
1964.98 144.942 0
1949.91 199.094 0
1862.14 233.886 0
1878.13 238.684 0
1857.69 257.926 0
1793.91 248.016 0
1875.62 295.305 0
1820.67 362.664 0
1843.44 242.612 0
1833.56 294.459 0
1948.5 353.312 0
1851.62 456.87 1
1832.21 538.354 1
1973.34 213.152 0
