-9.35754 7.09987 0
-1.75043 90.7963 0
12.1946 155.791 0
25.4446 122.129 0
169.666 49.7271 0
204.495 20.4312 0
239.942 35.1542 0
274.73 79.3017 0
281.194 148.145 0
218.129 64.7142 0
241.239 130.221 0
235.776 175.31 0
338.94 79.4443 0
340.22 91.3723 0
333.034 62.0208 0
280.298 60.3304 0
395.475 64.6994 0
371.381 68.4678 0
364.493 24.461 0
357.977 34.4569 0
350.009 -22.2308 0
269.401 -8.69198 0
240.237 12.6127 0
375.803 -356.655 0
385.144 -224.234 0
346.814 -242.136 0
307.756 -162.753 0
271.217 -204.537 0
346.827 -183.646 0
393.804 -73.931 0
315.473 181.585 0
368.225 434.307 0
372.695 440.076 0
367.167 459.861 1
318.774 473.679 1
290.875 498.829 0
243.618 574.039 0
176.266 584.407 0
46.9258 676.655 0
-17.2892 726.674 0
-75.8896 731.282 0
-71.9218 712.727 1
2797.34 -1342.31 1
2759.34 -1306.96 0
2620.15 -1321.57 0
1493.13 -1212.12 0
1517.48 -1126.17 0
1671.52 -1146.18 0
1734.68 -1141.01 0
1515.06 -1270.18 0
1409.38 -1168.39 0
1626.9 -1069.27 0
1721.37 -1005.75 0
2119 -705.119 0
3600.27 -150.688 1
-1865.43 -1984.16 1
-1837.82 -1988.97 0
-1875.48 -1994.94 0
-1748.53 -1976.92 0
-1706.23 -1942.14 0
-1644.51 -1899.18 0
-423.826 -2055.21 0
-357.483 -1985.48 1
