10.0038 6.90469 0
91.9309 52.4423 0
120.622 -4.37148 0
5.40723 262.856 0
11.9545 206.666 0
47.8631 194.237 0
47.853 191.725 0
22.0513 217.03 0
4.09614 241.998 0
-20.2516 267.474 0
-68.5324 317.797 0
-76.2064 315.302 0
-97.2825 305.939 0
-70.6544 287.001 0
-143.331 157.979 0
-117.548 112.694 0
-25.9738 80.1907 0
49.537 34.416 0
96.7842 32.711 0
98.6718 72.5287 1
-80.4753 371.068 1
-212.72 571.94 0
18.0397 380.584 0
-22.1475 414.011 0
-67.2551 398.219 0
121.127 235.394 0
103.391 207.923 0
152.635 207.754 0
172.878 253.342 0
171.28 322.07 0
136.84 345.723 0
91.5732 293.725 0
134.05 291.515 1
189.691 235.447 1
-37.0209 474.444 0
-131.714 385.377 0
-50.1877 359.225 0
-47.8932 341.973 0
-110.889 408.05 0
-114.649 423.454 0
-137.002 377.946 0
-147.5 410.118 0
-86.5026 394.987 0
377.598 264.292 0
373.107 297.636 0
362.838 333.148 0
582.243 317.549 0
636.971 216.729 0
658.119 236.402 0
707.372 212.575 0
792.983 213.595 0
763.031 186.264 0
706.706 165.576 0
787.452 156.413 0
447.021 171.219 0
434.773 201.734 0
637.245 220.888 0
777.058 171.689 0
698.044 174.853 0
826.161 350.563 0
1163.08 -40.457 0
1216.24 -93.3914 0
1269.44 -56.8174 0
1354.54 3.31051 0
1430.85 60.7523 0
220.848 -244.768 0
216.23 -286.895 0
178.466 -288.016 0
185.631 -250.088 0
9.37303 -195.818 0
