-9.3426 1.41456 0
-9.73934 6.84296 0
-15.5055 30.6006 0
-31.2046 52.7557 0
-25.4966 67.922 0
-87.649 206.967 0
-53.4686 190.537 0
-60.5967 137.384 0
-53.6857 109.683 1
17.1389 -96.0322 1
36.9073 -108.602 0
1.5974 -22.6785 0
66.7669 -64.3107 0
66.9026 62.5272 1
58.2438 74.3439 0
45.0157 22.8125 1
-12.419 57.2011 0
-54.9792 123.157 1
-53.9392 337.941 0
19.8569 363.822 0
58.0674 319.04 0
90.2261 262.912 0
7.08923 382.462 0
-36.3723 937.026 0
-46.2769 1030.14 0
-28.5933 1071.37 0
162.961 834.269 0
207.762 590.355 0
309.635 464.795 0
-87.3764 756.991 0
-185.988 743.322 0
-282.053 838.731 0
-288.712 884.228 0
-371.528 908.964 0
-419.578 932.811 0
-404.122 908.412 0
-401.771 968.958 0
-365.537 954.085 0
-504.958 1043.11 1
492.897 -229.367 1
476.981 46.0486 0
471.908 130.651 0
551.561 162.325 0
491.424 261.3 0
394.702 405.359 0
339.31 415.254 1
432.372 435.462 1
442.487 421.768 0
-162.715 907.985 0
-336.249 967.96 0
-143.843 921.265 0
-162.318 995.779 0
-211.448 1064.09 0
-223.061 1040.22 0
464.852 1072.37 1
443.877 1114.94 0
718.271 829.705 0
753.043 826.639 0
754.923 827.735 0
901.073 355.471 0
950.526 286.192 0
962.92 250.317 0
971.441 242.492 0
970.351 315.832 0
1009.94 359.595 0
1067.24 439.347 0
1028.81 510.843 0
969.61 573.017 0
1005.02 648.289 0
982.042 634.421 0
973.944 623.459 0
990.523 596.511 0
1061.82 572.807 0
1094.48 583.021 0
1088.74 659.313 1
1057.77 340.632 1
1163.34 298.58 0
1153.18 312.846 0
1139.23 339.205 0
1182.83 373.62 0
