-83.3252 -11.7482 0
-128.376 16.0078 0
-178.766 35.4028 0
-155.317 30.4552 0
-36.2435 128.31 0
-46.1231 132.342 0
-155.687 64.5496 0
-103.073 38.6622 0
-145.79 27.9756 0
-270.891 115.255 0
-360.248 -78.9994 0
-266.865 -51.1799 0
-227.794 -69.8499 0
450.51 146.84 1
435.776 189.271 0
580.87 254.457 0
360.605 175.81 1
457.442 -72.0381 1
445.144 -75.9746 1
579.741 -46.6517 1
-3078.42 -1002.92 0
-3102.19 -1066.98 0
-3164.6 -1074.24 0
-3168.73 -1057.08 0
-3180.89 -1039.06 0
-2971.65 -1038.3 0
-2831.05 -960.416 1
1686.22 -3348.13 1
