-6.96247 61.9773 0
-66.693 54.6108 0
-73.4777 70.7434 0
-76.8287 88.0854 0
-148.666 70.3624 0
-86.208 82.7441 0
-99.1704 93.3964 0
-41.9949 50.8324 0
-57.4311 83.1415 0
-46.5532 135.976 0
15.1972 122.158 0
17.0739 128.463 0
10.4022 155.754 0
-11.5199 270.23 0
21.7718 381.438 0
53.0411 360.294 0
36.7499 218.728 0
27.1417 275.804 0
9.69019 302.699 0
-109.063 397.769 0
-212.227 738.306 0
-253.521 784.017 0
-198.107 824.602 0
-212.43 893.973 0
-220.273 909.39 0
-305.524 840.889 0
-230.198 832.156 0
-173.639 728.738 0
-165.1 677.241 0
-167.957 696.769 1
328.924 238.852 1
342.96 202.002 0
377.466 148.716 0
420.252 114.366 0
366.833 270.904 0
512.398 274.825 0
534.765 6.98755 0
520.163 -13.8231 0
467.474 34.0044 0
581.165 235.988 0
527.428 258.872 1
484.482 262.601 1
488.948 242.971 0
495.969 249.67 0
456.875 270.348 0
478.549 373.894 0
404.84 415.839 0
407.723 421.871 0
396.431 451.649 0
463.447 390.599 0
30.6788 820.201 0
-145.273 818.021 0
-379.204 843.707 0
-166.389 856.234 0
-147.042 935.664 0
302.372 777.068 0
338.893 737.199 0
282.122 682.197 0
253.749 613.653 0
195.141 574.756 0
183.564 629.699 0
217.937 607.08 0
275.491 581.931 0
421.572 588.696 1
421.936 656.255 1
443.048 544.383 0
501.192 692.323 0
423.299 728.235 0
350.795 719.838 0
346.83 779.188 0
330.121 777.121 0
338.498 779.224 0
116.371 544.401 1
36.6535 535.91 1
42.8394 518.839 0
271.536 404.512 0
203.386 470.297 0
239.811 561.991 0
233.908 630.95 0
176.625 657.17 0
114.699 636.901 0
18.5344 718.102 1
18.45 673.518 1
34.1558 665.654 0
-36.8668 776.907 0
-17.0291 533.97 1
-1.81606 580.253 0
312.658 647.199 0
4612.55 2848.33 0
4754.88 2625.39 0
