18.1433 118 0
76.7699 146.984 0
134.341 191.919 0
263.745 167.034 0
245.277 164.095 0
275.341 173.581 0
501.019 309.315 0
489.8 320.415 0
409.539 432.039 0
501.163 349.086 0
550.447 339.276 0
386.38 339.105 1
2539.09 -136.086 1
2393.69 -313.901 0
2386.97 -322.641 0
2308.8 -326.498 0
2488.16 -293.554 0
2487.27 -235.134 0
2743.99 -310.827 0
3156.14 -733.242 0
3029.68 -751.798 0
3064.19 -746.727 0
3024.33 -719.7 0
3001.39 -691.987 0
3740.89 -1035.51 0
3233.16 -1007.34 0
3217.84 -925.605 0
3167.42 -936.284 0
3095.15 -861.124 0
3033.21 -790.261 0
3070.94 -846.516 0
3059.79 -844.81 0
3079.49 -839.471 0
3062.31 -750.336 1
2966.49 -962.094 1
2924.92 -797.423 0
2986.33 -785.405 0
2966.73 -776.191 0
2969.13 -723.389 0
3130.45 -741.852 0
2617.97 -152.029 0
2659.68 -90.7842 0
2749.06 -238.574 0
2570.52 83.7484 1
2426.17 281.574 1
2305.55 325.205 1
2134.94 31.1681 1
1191.04 -93.2579 1
1968.71 -150.116 0
2180.47 -108.475 0
2156.66 -95.4167 0
2227 -75.5311 0
3001.65 -330.33 0
2962.52 -259.221 1
2750.86 -273.632 1
2627.66 -263.796 1
2600.87 -316.359 1
2452.54 -571.866 0
2751.54 -416.082 0
2748.93 -423.904 0
2868.92 -460.047 0
2533.92 -480.111 0
2569.23 -532.383 0
2604.53 -530.038 0
2581.89 -502.493 0
2504.64 -440.947 1
11806.9 -1209.24 1
