-6.27562 29.1503 0
24.6923 86.3249 0
24.5937 139.748 0
13.5317 140.479 0
41.9629 169.868 0
19.938 173.796 0
21.5363 159.247 1
100.943 103.753 1
96.8554 97.7302 0
78.63 71.2401 0
60.6487 40.8488 1
-407.036 217.537 1
-357.095 229.314 0
-266.769 217.175 0
-201.787 229.066 1
-87.0786 217.211 1
1676.01 -53.7563 0
1615.93 12.4543 0
1551.39 53.7089 0
1552.15 78.8352 1
1536.03 127.936 1
1463.65 -29.1012 0
1398.36 -40.8863 0
1365.04 -60.4287 0
1533.04 -70.7234 0
1279.03 -279.723 1
1422.69 -381.338 1
1439.02 -385.282 0
1441.32 -373.372 0
1429.47 -375.714 0
1450.1 -364.505 1
1496.19 -381.8 1
1366.97 -332.304 0
1356.15 -338.479 0
1373.93 -305.184 0
1526.04 -243.436 0
1445.55 -216.064 0
1393.64 -260.235 0
1348.98 -303.641 0
1351.59 -325.728 0
1217.06 -333.839 0
1713.54 -390.956 0
1683.65 -408.203 0
1632.88 -370.805 0
1612.77 -335.267 0
1656.01 -295.753 0
1667.46 -277.392 0
1689.66 -290.392 1
1752.88 -192.463 1
1701.62 -158.535 0
1769.79 -189.592 0
1748.46 -227.73 0
1641.33 -260.667 0
1771.74 -258.084 0
1755.39 -270.218 0
1863.14 -270.694 1
1961.43 -129.724 1
1954.43 -150.839 0
1912.63 -184.335 0
2128.34 -167.712 0
2122.8 -132.553 0
1938.92 -71.3168 0
1970.19 -98.1423 0
2308.12 -392.446 0
2311.76 -296.413 0
2327.15 -264.306 0
2684.57 -361.525 1
2630.68 -342.036 0
2595.63 -321.95 0
2601.46 -286.277 0
2652.49 -241.508 0
2894.21 -347.624 0
4352.36 -1151.72 0
