25.8851 60.5312 0
32.3514 18.4243 0
86.4969 66.589 1
91.9682 107.836 0
109.057 101.212 1
-41.8139 56.5156 0
-88.7 48.7666 0
-130.736 42.7851 0
-176.655 -44.8387 0
-201.301 -148.487 1
-267.268 -284.177 1
-194.882 -189.432 0
-191.75 -171.204 0
-167.558 -159.055 1
-12.5637 -311.316 1
-63.4398 -262.836 0
-110.834 -116.585 0
-103.842 496.711 0
-85.7455 572.673 0
-99.3507 534.59 1
-271.5 400.683 1
-264.626 452.1 0
-278.957 418.574 0
-249.828 350.116 0
-73.207 344.919 1
-6.4843 325.33 1
-18.2606 341.174 0
-28.9782 399.083 0
-67.3069 398.654 0
-103.719 316.648 0
-130.964 294.946 0
-178.947 290.95 1
-1018.47 -114.833 1
-852.124 -124.143 0
-804.331 -124.713 0
-333.083 -168.521 0
-353.517 -179.83 0
-207.529 -225.452 0
1009.09 -598.303 0
1028.9 -619.125 0
564.925 -404.187 0
494.784 -306.901 0
276.18 -142.129 0
216.442 -57.671 0
1305.64 34.0057 0
1324 -8.7541 0
1334.12 19.6973 0
1286.47 143.664 0
1214.1 180.06 0
1152.02 198.327 0
1136.46 168.363 0
1108.95 148.473 0
1075.6 89.5584 1
1062.86 78.1711 1
1041.08 94.2472 0
1027.61 80.6612 0
1033.54 249.169 1
1019.09 315.576 1
911.112 366.346 0
750.823 545.694 0
765.545 493.413 0
909.264 454.715 0
921.336 457.817 1
-1548.64 -6854.75 1
-1529.74 -6862.96 0
-1505.22 -6880.92 0
-1512.35 -6884.56 0
-1502.72 -6889.52 0
-1579.67 -6905.03 0
-1457.93 -6879.15 0
-1311.69 -6834.06 0
-1330.69 -6800.58 0
-1039.59 -6851.51 1
-578.946 -6654.61 0
-576.544 -6630.3 1
-390.199 -6709.2 1
-360.111 -6543.45 0
-342.179 -6533.66 0
-331.972 -6552.92 1
-328.651 -6599.01 1
-414.931 -6918.29 0
-407.002 -6968.36 0
-352.212 -6927.5 0
58.0692 -6721.42 0
113.077 -6675.41 0
