-37.4148 11.7007 0
-65.5265 19.9136 0
-96.2962 23.4969 0
-153.922 52.3427 1
-263.938 75.0772 1
-28.2557 500.281 0
-50.7532 460.882 1
-4.57143 513.094 1
-4.75892 512.079 0
14.4394 512.146 0
-113.105 536.581 0
-123.157 530.657 0
-56.2529 461.715 0
-69.8494 531.321 0
-51.3816 474.989 0
-50.8625 500.332 0
-47.3967 522.934 0
-198.894 715.506 0
-164.791 678.282 0
-193.569 545.861 0
-241.69 503.566 0
-235.387 499.44 0
-102.701 323.382 0
-103.605 323.348 0
-138.145 340.306 0
-202.335 380.995 0
-149.321 312.384 0
-94.8419 370.937 0
-28.2325 416.309 0
-38.8253 447.798 0
-196.808 436.605 0
-177.241 454.652 0
-143.911 503.107 0
-104.37 528.782 0
-155.919 461.058 0
-118.445 476.105 0
-105.473 461.371 0
-164.189 320.936 1
278.165 -43.5898 1
302.539 -55.7147 0
-813.291 671.975 0
-767.659 781.428 0
-826.864 834.959 0
-863.959 842.189 0
-2521.14 1074.92 0
-2552 1062.89 0
-2527.03 1110.66 0
-2545.92 1048.67 0
-2538.72 1100.26 0
-2572.3 1085.53 0
-2567.47 1097.16 0
-2145.75 1124.48 0
-2138.01 1124.6 0
-2070.07 1144.06 0
-3083.94 779.293 0
-3038.63 785.902 0
-3217.33 996.42 1
-4248.2 1158.68 0
-4296.5 1222.29 0
-4285.58 1228.15 0
-4304.52 1225.95 1
36445.6 -498.004 1
36362.7 26604.6 0
36380.5 26844.5 0
36411.8 26906.1 0
36373.7 26878.2 1
36658.1 26933.3 1
36529.8 24359.5 1
36697 24649.8 0
36768.8 24688.2 0
37265.7 64875.6 0
