216.4 -142.961 0
233.278 -131.925 0
151.432 -81.5271 0
129.507 -55.5656 0
159.252 -63.8032 0
142.46 -85.7856 0
262.833 -112.904 0
11.8978 -46.2079 0
35.5114 -95.3695 0
40.9411 -92.5202 0
25.6153 -88.6088 0
22.5324 22.1015 0
129.2 -35.7466 0
143.237 -77.427 0
134.015 -59.3389 0
148.007 63.8451 0
242.726 -70.9712 0
234.556 -26.5538 0
201.648 48.2673 0
272.826 16.6463 0
-21.3679 234.812 0
14.2283 261.387 0
-448.458 892.233 0
-382.073 872.179 0
-362.425 921.535 0
-140.446 803.414 0
233.683 461.339 0
1017.08 -796.97 0
974.728 -817.714 0
1010.35 -797.473 0
966.403 -822.657 0
973.958 -810.804 0
949.916 -814.216 0
932.098 -804.097 0
923.56 -796.012 0
898.129 -790.31 0
883.644 -798.277 0
832.576 -808.656 0
881.621 -806.381 0
917.805 -747.768 0
913.518 -173.288 1
904.431 -237.228 0
915.575 -226.456 0
905.473 -241.007 0
958.142 -213.666 0
936.486 -223.041 0
941.875 -241.073 1
1796.62 -217.785 1
1802.39 -225.735 0
1865.65 -208.148 0
1851.49 -203.81 0
2024.01 -189.732 0
2028.87 -222.86 0
2045.61 -195.607 0
2053.57 -175.598 0
2083.74 -168.319 0
2101.28 -183.616 0
2145.02 -178.608 0
2147.22 -189.685 0
2150.44 -195.029 1
2678.07 -151.659 1
2715.59 -136.093 0
