39.242 54.5725 0
62.6812 130.983 0
54.7313 146.16 0
78.682 180.078 0
-67.0938 18.8282 0
-33.7349 -8.78107 0
14.2273 -31.1953 0
1.28883 -93.5443 0
46.0749 -122.77 0
48.2054 -94.2003 0
72.9801 -88.5518 0
102.256 -82.8656 0
127.44 -31.2086 0
132.419 35.1258 0
78.7179 68.2042 0
86.1715 172.52 0
103.86 184.923 0
124.722 250.003 0
209.334 294.254 0
234.843 366.325 0
153.446 413.081 0
139.635 692.64 0
260.508 428.789 0
271.606 277.997 0
376.704 135.335 0
774.355 -30.9983 0
760.946 -1.89315 0
788.794 -21.2118 0
-240.586 -81.1728 0
-244.392 -72.5272 0
-343.709 -130.284 0
-288.305 -167.078 0
-238.517 -143.135 0
-178.926 -131.611 0
-183.855 -231.528 0
-243.721 -170.624 0
-266.942 -42.2024 0
384.128 -356.807 1
366.015 -298.929 0
377.395 -261.61 0
403.617 -190.38 0
394.547 -80.4906 0
426.846 1.90527 0
415.436 57.654 0
436.213 130.813 0
462.823 182.829 0
537.273 162.196 1
1070.9 176.284 1
1030.34 111.434 0
2979.52 -206.845 0
2965.18 -181.8 0
2944.37 -137.225 0
