-25.1002 -19.0466 0
-48.1425 -41.2992 0
-237.686 -248.999 0
-211.324 -281.327 0
-199.54 -310.059 0
-154.991 -360.669 0
-105.127 -364.496 0
-53.83 -393.142 0
-6.07553 -378.741 0
20.7627 -393.446 0
18.4548 -436.814 0
-23.1309 -459.472 1
-157.69 -269.049 1
205.91 -332.917 0
233.602 -286.309 0
182.015 -260.39 0
182.768 -187.891 0
106.293 -174.778 0
144.547 -133.179 0
135.835 -79.7533 0
175.484 -53.5484 1
1697.73 120.91 1
1675.62 49.7248 0
1745.3 15.1474 0
1765.98 11.2575 0
1763.42 2.99916 0
1302.81 195.969 0
1356.44 174.305 0
1369.63 111.272 1
1459.79 69.4309 0
1476.79 -125.823 1
1476.12 -174.208 0
1422.77 -241.987 0
1329.09 -204.204 0
1243.23 -173.658 0
1260.48 -138.524 1
1363.64 -65.3061 1
1829.99 -206.895 0
1831.58 -213.211 0
1803.41 -182.766 0
1794.37 -129.189 0
1801.35 -121.742 0
1801.86 -126.498 0
1724.34 -197.881 0
1684.07 -294.221 0
1710.01 -381.486 0
1768.61 -418.66 0
1777.87 -409.281 1
2063.3 -310.876 1
1835.43 24.1993 0
1843.1 49.8523 0
1802.15 12.697 0
1831.22 -46.2411 0
1946.67 -94.567 0
1977.23 -92.6699 0
1975.35 -96.7921 0
1973.37 -62.8406 0
