-24.6299 -5.40224 0
194.367 67.9521 0
189.727 -1.67522 0
209.1 -19.1757 0
335.231 -24.2236 0
618.009 -196.909 0
549.724 -31.3789 0
470.118 -91.3621 0
873.649 -127.001 0
869.358 -121.065 0
777.793 193.071 0
913.633 218.506 0
859.616 245.504 0
827.176 257.082 0
806.235 238.357 0
834.507 270.726 0
853.706 268.611 0
868.091 225.04 1
884.912 261.494 1
889.643 281.563 0
884.771 295.223 0
921.651 290.612 0
931.624 256.493 0
994.943 105.839 0
1003.92 109.289 0
1015.87 109.851 0
1035.54 133.235 0
1121.04 186.168 0
1195.81 293.391 0
1240.28 317.854 0
1235.77 316.885 0
1104.16 322.211 1
368.491 318.799 1
626.217 245.889 0
677.095 413.821 1
714.776 379.851 0
737.529 413.545 0
805.029 505.967 0
849.503 535.446 0
1829.28 -65.4844 0
1800.21 -18.5899 0
1789 41.2162 0
1826.45 55.8125 0
1925.6 -8.9775 0
1987.46 74.6234 0
2173.91 -104.064 0
2054.1 -140.627 0
2498.43 -102.41 0
2500.92 -89.7937 0
2488.83 -41.9128 0
2547.78 -37.8316 0
2526.6 -19.9902 0
2520.71 -92.2989 0
2513.95 -104.371 0
2533.47 -174.963 1
