-64.1108 -32.167 0
-183.763 -64.7779 0
-277.024 -83.4589 0
-972.956 563.024 0
-2688.67 1416.35 0
-2310.4 1472.92 0
-2012.67 941.269 1
-2009.63 941.296 0
-2008.7 924.611 0
-2078.07 910.613 0
-2047.44 969.389 0
-2018.28 1026.4 0
-1985.47 1087.64 0
-1784.41 1130.38 0
-1867.97 971.434 0
-1805.01 1022.35 0
-1766.97 1011.61 0
-1670.04 1090.16 0
-1701.18 1075.36 0
-1704.72 1041.68 0
-1634.9 985.968 0
-1622.7 1014.32 0
-1811.1 1096.02 0
-1978.74 1084.62 0
-2071.93 1046.54 0
-2090.41 1079.97 1
-2010.84 1109.82 1
-1961.75 1150.83 0
-1648.61 1225.64 0
-1209.81 1112.83 0
-1300.87 1086.63 0
-1317.63 1103.52 0
-1360.72 1165.79 0
-1382.24 1198.52 0
-1364.74 1240.67 0
-1341.76 1273.23 0
-1301.72 1259.77 0
-1334.86 965.344 0
-1309.47 957.982 0
-1287.08 967.072 0
-1264.49 993.952 0
-1187.57 1087.67 0
-1183.06 1109.48 0
-1220.29 1083.6 1
-1139.38 1354.55 1
-1160.88 1400.53 0
-1173.16 1433.82 0
-1152.19 1537.06 0
-1130.87 1592.72 0
-1135.14 1573.09 0
-1181.84 1301.74 0
-1149.49 1253.37 0
-1153.96 1226.49 1
-1885.24 918.499 1
-1885.41 913.967 0
-1837.35 894.123 0
-1767.47 854.283 0
-1717.19 833.642 0
-1564.45 792.473 0
-1548.76 769.734 0
-1819.48 730.339 0
-1809.02 704.702 0
-1800.64 704.929 1
-1717.89 776.528 1
-1639.24 739.631 0
-1647.2 732.101 1
-1646.48 649.508 1
-1650.18 636.656 0
-1642.71 717.692 0
-1695.91 674.613 0
-2080.56 636.755 1
-2043.28 699.375 1
541.195 631.9 1
522.965 683.185 0
510.173 732.549 0
498.835 857.558 0
638.231 941.283 0
290.766 1251.34 0
242.504 1259.79 0
294.921 1211.41 0
370.579 1130.05 1
5812.12 7743.61 1
