52.201 -181.21 0
430.984 -640.034 0
419.781 -577.174 0
431.182 -531.701 0
340.397 -466.352 0
371.159 -459.603 1
337.303 -601.132 0
343.76 -537.669 0
238.932 -525.203 0
316.15 -509.663 0
300.88 -468.738 0
275.875 -433.107 0
279.88 -369.177 0
245.903 -397.773 0
205.303 -438.649 0
260.872 -311.8 0
254.21 -302.014 0
217.544 -263.28 0
207.504 -227.385 1
867.577 -339.399 1
863.832 -332.898 0
839.892 -334.516 0
802.442 -370.035 0
775.097 -436.38 0
724.387 -407.788 0
740.367 -433.919 0
693.575 -413.167 0
679.996 -403.958 0
706.802 -404.368 0
800.456 -388.9 0
837.909 -375.829 0
874.596 -386.218 0
952.798 -375.649 0
915.125 -486.17 0
992.685 -553.035 0
1090.54 -701.176 0
1135.6 -701.196 0
997.889 -731.791 0
1134.41 -1018.77 0
1121 -885.302 0
1116.23 -794.736 0
1083.27 -744.4 0
1099.07 -637.607 1
952.205 -494.97 1
1061.55 -432.951 0
1075.27 -453.187 0
1031.28 -506.912 0
946.42 -573.358 0
954.099 -598.358 0
1004.9 -576.589 0
1183.93 -550.465 0
1199.09 -600.774 0
1208.89 -631.869 0
1155.22 -612.171 0
1157.38 -602.007 0
1387.21 -547.298 0
1428.69 -566.335 0
2013.51 -463.29 0
1753.67 -405.169 0
1699.84 -470.249 0
1799.49 -390.965 0
1821.48 -440.97 0
1811.18 -353.814 0
1646.38 -239.217 0
1041.31 -90.4013 1
1145.12 -72.2802 1
3737.92 -1038.16 1
3732.83 -1100.5 0
3716.97 -1243.42 0
3753.09 -1285.3 0
3769.15 -1347.11 0
3757.28 -1338.77 0
3714.13 -1290.29 0
3651.13 -1244.46 0
3637.54 -1218.8 0
3602.84 -1251.29 0
3628.76 -1231.88 0
3702.46 -1200.06 0
3715.35 -1200.98 0
3393.18 -1159.18 0
3345.89 -1182.16 0
3261.27 -1192.85 0
3401.21 -1138.45 0
3571.24 -1233.21 0
3621.02 -1275.44 0
3658.26 -1270.42 0
3695.19 -1283.97 0
3735.82 -1308.54 0
3840.77 -1452.31 0
3635.8 -356.225 0
3663.69 -255.23 0
3675.74 -254.599 0
3546.49 -402.372 0
4487.42 -427.651 0
