-0.949352 2.63118 0
36.2993 34.0126 0
-1.6353 67.1109 0
-19.9364 125.518 0
-13.6396 162.802 0
-23.8545 203.27 0
-36.2091 232.559 0
-36.8059 264.666 0
72.206 280.913 0
108.963 264.66 0
97.7951 269.194 0
128.83 262.885 1
710.186 297.958 1
709.56 325.583 0
1168.28 -151.779 1
1170.19 -170.152 0
1056.4 -261.876 0
994.092 -283.837 0
1045.1 -236.358 0
1032.55 -152.485 0
1093.16 -143.548 0
840.247 221.46 1
851.233 226.383 0
897.756 268.08 0
895.547 271.816 0
922.167 219.958 1
907.185 244.244 1
1193.38 333.934 0
1148.64 474.675 0
1082.64 505.266 0
1096.34 478.105 0
1167.74 394.188 1
1173.66 453.398 1
1221.83 455.798 0
1379.61 441.992 0
1366.69 431.906 0
1072.78 195.136 0
1071.09 206.467 0
1085.83 209.014 0
1081.03 320.093 0
1084.85 389.33 0
1094.12 391.145 0
980.553 -70.842 0
980.945 -103.256 0
1019.1 -83.8002 0
1040.75 56.445 0
767.924 -2967.38 0
783.707 -2978.33 0
810.776 -2978.59 0
796.666 -2947.98 0
1311.82 -2393.73 1
868.872 -6698.62 0
835.372 -6688.85 0
795.851 -6665.21 0
804.647 -6633.75 0
774.391 -6595.43 1
43176.3 -5078.74 1
