146.138 -40.6446 0
156.136 -89.0026 0
162.775 -22.5134 0
-104.132 48.2673 0
-90.5586 40.7375 0
-52.9835 6.16335 0
-90.1586 38.8704 0
-436.657 -107.914 1
-320.594 -75.7408 1
316.878 11.3853 1
307.804 -12.281 0
303.723 -28.8616 0
245.498 -12.6559 1
1379.62 -204.334 1
1353.83 -128.796 0
1341.6 -123.832 0
1348.25 -115.076 0
1313.41 -96.7946 0
1095.78 -116.221 0
901.074 -139.454 0
1037.57 228.478 0
1064.64 335.781 1
1425.24 228.101 0
1357.05 276.154 1
1634.14 107.46 1
1564.24 71.62 0
1546.56 108.57 0
1620.6 4.97713 0
1595.86 -39.9958 0
1651.97 -241.883 0
1684.13 -177.377 0
1662.91 -68.6066 0
1782.7 -115.064 0
1828.85 -163.98 0
1841.99 -198.351 0
1838.58 -216.767 0
3180.03 -435.212 0
3153.56 -497.144 0
3836.72 -609.493 0
3914.19 -665.488 0
4450.83 -1206.94 0
4434.18 -1183.56 0
4416.33 -1144.1 0
