-24.8894 -29.1225 0
-872.825 426.389 0
-868.436 462.544 0
-846.951 520.247 0
-769.637 633.021 0
-728.521 623.278 0
-694.424 597.644 1
-4101.14 -1509.44 1
-4097.99 -1475.75 0
-4103.28 -1477.57 0
-4102.48 -1420.59 0
-4176.78 -1413.94 0
-4212.71 -1378.71 1
-3177.05 -989.094 1
-3123.68 -1023.91 0
-3115.41 -1016.79 0
-3129.75 -1045.57 0
-3024.73 -1057.92 1
-2932.6 -1212.07 1
-2941.84 -1187.34 0
-2968.69 -1063.71 0
-2964.1 -1067.95 0
-2978.45 -997.968 1
-2970.71 -1015.48 1
-2935.26 -1040.34 0
-2912.86 -967.178 0
-2924.44 -817.442 0
-2902.31 -854.392 1
-2936.18 -816.547 1
-2953.19 -762.412 0
-2958.83 -752.227 0
-3000.72 -616.736 0
-2995.25 -626.922 0
-3061.88 -672.805 0
-3112.08 -631.048 0
-3049.18 -758.964 0
-3052.95 -748.492 0
-3097.14 -695.538 0
-3116.49 -706.066 0
-3105.55 -677.889 0
-3130.11 -610.7 0
-3041.79 -566.515 0
-3071.86 -593.091 0
-3049.65 -604.063 0
-3067.14 -593.068 0
-3085.7 -576.013 0
-3131.45 -558.191 0
-3069.76 -564.735 0
-3093.83 -561.824 0
-3095.22 -577.241 0
-3126.69 -532.999 0
-3087.61 -513.8 0
-3062.97 -481.557 0
-2936.97 -473.334 0
-2950.49 -624.686 0
-3045.03 -618.328 0
-3058.85 -640.583 0
-3076.21 -603.726 0
-3040.32 -531.059 0
-3001.81 -644.981 0
-3012.69 -678.096 0
-2974.44 -733.307 0
-3031.74 -701.411 0
-2986.79 -692.686 1
-2631.57 -513.227 1
-2642.74 -516.869 0
-2650.78 -531.389 0
-3182.76 -471.17 0
-3127.59 -445.697 0
-3158.17 -357.846 0
-3151.17 -397.558 0
-3133.82 -431.724 0
-3198.63 -397.66 0
-3211.33 -341.816 0
-3173.89 -252.975 0
-3170.81 -236.4 0
-3160.66 -189.281 0
-3196.44 21.2015 0
-3275.77 43.3515 1
-2821.59 -542.462 1
-2853.21 -489.639 0
-2913.69 -371.09 0
-2920.28 -299.163 0
-2937.73 -275.286 0
-2970.94 -172.926 1
-2916.97 -259.535 1
-2984.61 -256.335 0
-3457.6 -185.655 0
-3561.93 -142.655 0
-3594.51 -214.747 1
-3211.2 -1488.49 1
-3196.98 -1491.02 0
-3211.67 -1461.03 0
-3183.46 -1477.61 0
-3139.2 -1488.53 0
-3097.51 -1496.27 0
-3066.78 -1507.53 0
-2966.72 -1561.17 0
-2943.5 -1604.29 0
-2902.07 -1591.74 0
-2872.01 -1635.71 0
-2872.49 -1697.58 0
-2879.31 -1676.16 0
-2854.31 -1729.12 0
-2888.96 -1757.67 0
-2832.36 -1775.77 0
-2830.28 -1847.48 0
-2768.96 -1855.54 0
-2805.05 -1943.71 0
-2707.31 -1890.24 0
-2622.38 -1837.17 0
-3142.52 -1502.37 0
-3163.64 -1570.26 1
-3239.74 -1627.87 1
-4312.8 -1716.2 1
-4357.11 -1730.87 0
-4303.64 -1765.65 0
-4269.3 -1854.82 1
5729.59 -2680.79 1
