-85.2148 24.8527 0
-133.222 34.2036 0
-138.054 39.8814 0
-106.513 -50.5136 0
-133.888 -24.3438 0
-138.215 0.400799 0
-151.225 51.6262 1
-159.79 173.207 1
-168.866 154.519 0
-153.893 99.7694 0
-97.6721 61.8474 0
-88.3477 27.4213 0
-125.025 73.2715 0
-269.53 65.0238 0
-186.581 62.9965 1
-110.843 122.281 1
-82.893 96.8091 0
-93.3425 71.2021 0
-136.108 119.376 0
-152.03 168.086 0
-96.2094 211.99 0
-282.759 129.203 0
-106.379 44.3064 0
-62.5552 30.5074 0
-56.4895 -8.76231 0
-59.8898 -69.3131 0
-14.1491 -151.412 0
-40.8997 -104.709 0
-50.6798 -57.9699 0
-56.7859 -68.5676 0
-50.5162 -93.7345 0
86.9614 -71.9824 0
87.5508 -100.886 0
142.434 -75.4375 0
138.809 -74.5684 0
128.206 -50.8394 0
180.736 59.9885 0
166.805 110.07 0
123.414 141.564 0
97.3451 91.22 0
98.4322 70.5899 0
129.137 75.9326 0
226.633 128.325 1
316.492 149.504 1
843.304 753.72 0
787.815 583.892 0
1112.35 616.947 0
1234.47 343.565 0
1222.58 414.209 0
1263.72 436.895 0
1286.26 488.23 0
1249.81 467.032 0
1424.4 824.841 0
1514.89 884.291 0
1524.21 931.925 0
1398.12 947.798 0
1470.71 870.684 0
1414.82 808.464 0
1422 818.454 0
1437.29 820.71 0
1470.94 814.361 0
1462.1 810.07 0
1434.99 873.167 1
1658.37 1077.24 1
1614.91 1069.48 0
1492.43 1074.07 0
1445.11 1055.58 1
1216.94 595.327 1
1318.15 552.566 0
1303.8 503.282 0
1323.9 442.4 0
1366.97 382.474 0
1349.39 368.607 0
-488.749 1182.76 0
-1022.1 1338.65 1
-977.169 1356.07 1
-972.49 1421.7 1
-907.003 1350.19 0
-840.246 1253.92 0
-903.768 1751.84 0
-827.737 1772.93 0
-795.294 1322.05 0
866.352 1470.56 0
883.243 1377.76 0
919.578 1338.85 0
937.226 1312.66 0
931.701 1347.49 0
947.101 1304.78 0
905.068 1286.64 0
882.105 1310.92 0
810.581 1332.94 0
792.753 1352.84 0
851.012 1310.85 0
885.862 1256.26 0
975.122 1222.06 0
1612.8 444.675 1
1616.35 387.858 0
1849.47 -40.4991 0
1818.73 -120.067 0
1784.42 -78.0937 0
1775.83 -33.6151 0
