4.84447 -20.8896 0
9.67979 -78.5534 0
44.1213 -70.9223 0
40.2557 -90.3302 0
118.258 -104.653 0
173.103 -115.472 0
147.227 -2.75119 0
70.6324 -81.1558 0
-42.3438 -166.354 0
4.21938 -69.0504 0
-29.5498 -40.1016 0
18.3456 17.3295 0
527.133 -70.7609 0
1727.71 -706.688 1
1666.95 -657.261 0
1658.62 -619.357 0
1586.58 -555.637 0
1545.08 -503.776 0
1598.81 -510.793 0
1561.74 -430.236 0
1578.24 -428.492 0
1646.56 -443.685 0
1665.82 -441.857 0
1683.17 -455.593 0
1704.02 -448.577 0
1693.07 -461.401 0
1601.04 -464.022 0
1577.39 -418.119 0
1507.86 -318.476 0
1452.23 -243.731 0
1438.56 -130.227 0
1447.81 -42.8753 0
1488.6 12.0323 0
1432.58 -18.4423 0
1429.16 -2.00521 0
1438.17 21.7947 0
1437.72 -35.8138 1
2186.43 -896.448 1
2172.79 -861.548 0
2227.88 -824.52 0
2236.31 -821.738 0
2183.76 -832.692 1
1957.18 -981.778 1
1969.34 -963.879 0
1935.8 -957.328 0
1923.13 -946.682 0
1932.3 -910.387 0
1885.27 -818.082 0
1900.12 -811.187 1
2195.83 -536.414 1
-688.63 -1243.62 0
-668.279 -1249.01 0
-727.819 -1279.03 0
-627.781 -1287.81 0
-617.588 -1310.9 0
-366.553 -941.202 1
-140.464 -230.564 1
-93.759 -221.541 1
-67.651 -184.809 1
587.551 -261.708 0
576.937 -208.722 0
582.504 235.248 0
541.633 339.191 0
905.139 4.90469 1
849.979 27.9783 0
855.877 98.2341 0
1211.77 -168.922 0
1288.51 -79.9086 0
