-0.927905 56.0134 0
-2.98464 87.1904 0
8.50429 115.728 0
54.5429 132.075 0
211.023 132.375 0
244.361 207.178 0
281.081 135.781 0
322.822 -234.375 0
309.645 -120.685 0
269.827 -150.056 0
283.668 -162.406 0
235.013 -156.689 0
194.675 -243.706 0
220.25 -398.029 0
268.346 -504.802 0
203.732 -556.932 0
162.544 -552.412 0
246.321 -451.331 0
229.523 -350.57 0
252.707 -251.742 0
291.187 -233.044 0
310.668 -260.89 0
352.335 -25.8233 0
302.561 30.388 0
274.791 72.1185 0
355.096 135.568 0
343.284 182.245 0
323.85 200.163 1
472.531 786.092 1
463.358 745.914 0
483.918 727.287 0
548.7 651.982 0
619.242 918.442 0
689.794 831.303 0
665.175 866.119 0
647.441 892.362 0
659.398 885.464 0
700.827 852.266 0
983.097 383.574 0
947.421 736.587 0
889.92 809 0
878.187 889.579 0
1045.47 767.367 0
1139.96 691.25 0
1179.53 732.576 0
2042.88 445.028 0
2023.46 408.869 0
1995.94 454.821 0
2054.51 382.325 0
2017.81 306.603 0
2003.38 371.083 0
1975.3 440.183 0
2001.29 413.687 0
2128.08 364.986 0
2084.64 334.513 0
2192.95 281.853 0
2202.36 214.494 0
2214.85 150.362 0
2160.65 118.4 0
2062.4 123.041 0
2081.1 112.325 1
2053.21 118.781 1
