39.1619 -23.5616 0
57.335 44.1496 0
35.0778 139.814 1
-6.61901 267.277 1
-2.39418 277.86 0
-0.465509 287.933 0
68.6632 250.297 0
183.32 125.477 0
238.015 99.131 0
293.992 58.4676 0
285.33 120.4 0
371.698 -22.1589 0
339.71 74.2184 0
346.979 29.1356 0
315.613 52.7658 0
167.189 440.971 0
165.146 454.272 0
175.972 480.485 0
321.352 201.903 0
321.585 326.576 0
515.736 74.8469 0
464.442 52.1684 1
539.229 55.6681 0
589.687 44.9521 1
632.553 -7.29451 0
696.852 -58.8591 0
886.929 -375.3 0
879.316 -396.504 0
866.085 -445.554 0
774.525 -428.598 0
781.809 -373.963 0
788.213 -377.334 0
773.007 -306.954 0
1268.74 -343.505 0
1213.49 -346.057 0
1181.77 -155.76 0
1152.69 -156.88 0
1117.02 -134.759 0
1138.37 -112.425 0
1096.36 20.366 0
1046.75 59.6315 0
1066.41 5.81134 0
1053.67 -38.4428 0
1119.92 -53.456 1
2160.6 -74.6042 1
2148.84 -0.127327 0
