5.20115 1.76877 0
-19.0662 19.9836 0
4.39702 56.5858 0
12.4109 94.2306 0
-122.289 222.827 0
-192.439 236.157 0
-237.764 229.028 1
-1650.92 -437.51 1
-1661.13 -453.732 0
-1666.08 -467.075 0
-1672.88 -459.472 0
-1682.35 -444.719 1
-439.741 -97.9649 1
-427.595 -95.0318 0
-425.346 -81.0153 0
-370.543 -314.879 0
-383.734 -478.568 0
-386.957 -561.499 0
-453.086 -584.378 0
-457.292 -590.691 0
-370.161 -606.475 0
-353.457 -600.51 0
-311.354 -603.138 0
-332.47 -570.526 1
-272.21 -545.414 1
-238.8 -531.226 0
-255.789 -505.368 0
-256.737 -461.994 0
-261.261 -377.577 0
-121.079 -219.356 0
-116.717 -213.431 0
-110.997 -200.751 0
-105.375 -142.563 0
-149.843 -26.2115 0
-246.214 -95.7943 0
-217.041 -242.342 1
-254.492 -183.641 0
-217.318 -138.752 0
-245.775 -149.529 0
-238.816 -137.297 0
-105.506 -174.292 0
-70.1665 -232.469 0
253.428 -551.984 0
344.539 -735.775 0
323.038 -764.992 0
322.593 -741.21 0
644.225 -840.453 0
714.924 -895.78 0
765.136 -909.814 0
803.38 -939.32 0
751.42 -889.548 0
737.527 -872.634 0
670.835 -582.413 0
688.188 -515.905 0
652.825 -551.856 0
687.073 -592.893 0
774.813 -663.93 0
768.259 -695.228 0
817.223 -646.616 0
358.755 -740.075 0
267.815 -712.443 0
382.202 -750.759 0
549.916 -630.056 0
509.639 -545.32 1
670.524 -710.213 1
682.368 -739.768 0
729.446 -900.515 0
743.468 -1012.74 0
737.439 -977.818 0
726.191 -968.451 0
682.048 -972.093 1
1514.94 -912.803 1
1417.95 -948.821 0
1239.37 -946.517 0
1173.72 -932.37 0
1216.02 -897.195 0
