33.9595 -34.742 0
53.4909 -100.743 0
199.349 -502.007 0
180.123 -456.254 0
199.54 -708.597 0
212.255 -716.891 0
235.242 -758.88 0
108.071 -767.148 0
131.9 -810.608 0
273.531 -780.892 0
366.562 -872.432 0
302.517 -896.66 0
374.374 -869.368 0
539.276 -830.39 0
579.97 -838.016 0
604.564 -799.985 0
622.662 -806.108 0
435.028 -571.154 0
387.186 -535.803 0
266.786 -471.779 0
209.022 -399.158 0
245.293 -243.852 0
198.564 -191.146 0
107.926 -144.752 0
220.676 -154.472 0
244.741 -164.054 0
281.945 -175.757 1
514.325 -247.709 1
518.082 -258.052 0
562.87 -299.587 0
542.488 -315.989 0
528.523 -301.243 0
505.239 -286.976 0
516.58 -268.652 0
468.185 -280.644 0
497.485 -275.258 0
341.282 -186.629 0
332.953 -169.981 0
329.859 -134.059 0
368.454 -101.536 0
348.247 -48.8753 0
420.771 -47.162 0
633.676 -164.793 0
610.345 -99.8928 0
646.085 -200.312 0
675.26 -216.497 0
709.014 -188.083 0
707.4 -203.368 0
738.197 -298.396 0
743.93 -287.208 1
741.774 -351.876 1
740.27 -361.582 0
757.633 -425.45 0
772.255 -416.33 0
862.787 -419.34 0
928.283 -352.535 0
1085.88 -415.669 0
1071.67 -439.835 0
1118.79 -437.916 0
1148.8 -328.707 0
1163.98 -338.404 0
1137.77 -432.49 0
1060.9 -527.803 1
-255.652 -4483.83 1
-272.116 -4593.11 0
-270.711 -4592.41 0
-290.676 -4603 0
-419.34 -4364.36 0
-763.923 -4171.28 0
-833.018 -4115.98 0
-837.001 -4023.29 1
-26.4357 -4367 1
-136.216 -4235.29 0
-195.23 -4166.97 0
-37.9879 -4039.39 0
-57.2898 -3649.76 0
-68.1405 -3672.08 1
426.629 -4613.85 1
457.252 -4589.92 0
421.987 -4627.71 0
369.502 -4601.66 0
371.865 -4572.11 1
-307.818 -3449.83 1
-617.385 -3189.69 0
-563.27 -3081.63 1
-584.023 -3012.95 0
-453.121 -3004.24 0
-411.946 -3020.46 0
200.316 -3174.34 1
211.209 -3099.51 0
