20.9987 26.7068 0
59.0657 73.7104 0
46.2644 93.3452 0
-3.17796 84.0821 0
59.7742 56.0483 0
60.2197 56.2414 0
50.7391 42.6212 0
33.6378 49.6791 1
1589.39 -412.787 1
1586.6 -451.088 0
1562.72 -470.292 0
1562.68 -493.164 0
1617.91 -595.25 0
1608.91 -531.865 0
1608.81 -474.52 0
1722.52 -448.843 0
1709.92 -447.09 0
1699.51 -450.748 0
1664.18 -461.589 0
1627.15 -449.771 0
1821.68 -178.614 0
579.295 -135.808 0
478.196 21.9398 0
488.019 23.1814 0
461.382 8.05571 1
398.072 -6.41867 1
176.631 -12.1755 0
164.895 -58.5897 0
138.133 -58.3947 0
117.12 -56.7614 0
285.962 -33.1496 0
241.221 -17.695 0
222.271 -52.1371 1
1012.31 72.8768 1
1006 72.9826 0
1053.17 126.131 0
1061.15 98.016 0
1129.42 114.587 0
1094.73 88.5573 0
1148.82 75.5536 0
1165.86 116.989 0
1191.42 140.306 0
1213.56 183.44 0
1392.07 -37.5007 0
1388.62 -60.1425 0
1366.34 -58.4558 0
1290.2 -43.9856 0
1216.6 15.5913 0
1203.36 34.7399 0
1278 -49.3997 0
1314.34 -34.3536 0
1300.46 -42.6878 0
1336.53 -23.2841 0
1348.5 -11.3406 0
1412.86 -9.31141 0
1311.68 95.1199 0
1670.55 74.1815 0
1779.27 -76.1243 0
1403.26 -356.609 0
1430.31 -363.405 0
1619.95 -490.714 0
1641.59 -495.059 0
1734.12 -463.668 1
5029.83 -405.898 1
