-91.201 34.7798 0
-73.4602 47.3557 0
-80.3952 52.4408 0
-40.9822 -6.63371 1
-37.7651 -19.1393 1
-55.7578 89.1573 0
-85.3465 300.398 0
-115.858 361.968 0
-144.416 392.261 0
-154.392 388.277 0
-172.427 377.061 0
-188.802 320.554 0
-173.132 319.225 0
-173.666 344.235 1
-184.763 298.195 1
-217.765 324.732 0
-86.9435 250.916 0
-101.206 247.375 0
-68.5263 273.912 0
-190.453 268.295 0
-207.239 338.093 0
-195.855 448.601 0
-161.791 492.536 0
-140.014 556.762 0
-167.586 541.731 0
-172.918 555.824 0
-108.246 602.447 0
-101.739 550.75 0
-329.738 1204.8 0
-296.862 1217.12 0
-301.235 1239.78 0
-297.502 1261.53 0
-285.499 1207.02 0
-345.718 1194.54 0
-337.136 1132.77 1
-289.727 1087.65 1
-341.376 1128.41 0
-272.925 1174.73 0
-293.668 1130.45 0
-213.907 1050.7 0
-242.349 1051.21 0
-58.3362 1040.76 0
-195.078 1738.96 0
-165.437 1722.83 0
-502.608 1576.41 0
-1151.41 1467.63 0
-1164.84 1413.7 0
-1086.46 1052.88 1
-630.916 1206.7 0
-532.705 1151.98 0
-538.612 944.476 0
-423.481 849.801 0
-368.471 579.143 0
-340.187 538.905 0
-256.213 496.997 0
-226.451 470.849 0
-217.1 467.463 0
-270.847 456.518 0
-329.985 474.328 0
-339.632 497.499 0
-307.396 573.623 0
-252.688 614.152 0
-369.427 725.976 0
-402.463 759.672 0
-365.917 757.63 0
-385.733 732.355 0
-342.64 660.244 0
-340.179 753.318 0
-388.529 752.783 0
-341.375 853.399 0
-469.97 896.043 0
-518.803 974.419 0
-535.895 1027.62 0
-490.661 1055.59 0
-538.103 1017.75 0
-478.067 1010.16 0
-457.029 1003.78 0
-500.205 1005.01 0
-307.15 964.06 0
-276.567 1009.13 0
-103.576 1020.59 0
-163.774 972.7 0
-149.036 973.82 0
-163.672 971.697 0
-473.018 976.437 1
-296.513 1619.64 1
-244.65 1597.12 0
-169.9 1585.68 0
-275.001 1780.76 0
-200.634 1819.4 0
-207.768 1930.77 0
-237.482 1966.39 1
6860.58 715.678 1
