321.679 -30.2873 0
349.342 -2.22913 0
433.579 14.9042 0
441.966 35.2721 0
439.709 69.0828 1
491.066 91.8564 1
527.906 74.717 0
498.847 64.6713 0
516.86 2.44918 1
456.727 11.4943 1
421.345 0.911911 0
400.715 -27.2979 0
375.426 -44.8032 1
360.287 -80.8357 0
372.885 78.615 1
321.396 27.0806 0
328.864 11.6558 0
345.082 18.9687 0
365.364 34.7921 1
672.351 -79.7055 1
664.522 -89.4078 0
756.029 -88.1544 0
736.563 -116.082 0
797.638 -118.878 0
798.755 -179.685 0
888.725 -345.833 0
967.261 -461.449 0
951.468 -584.938 0
1608.91 -918.704 0
356.809 -1473 0
378.254 -1453.24 0
379.256 -1379.57 0
374.35 -1297.61 0
430.712 -1256.55 1
911.422 -2041.1 1
901.416 -2009.15 0
847.623 -1986.51 0
844.467 -1964.61 0
834.942 -1962.67 1
5504.17 -1822.09 1
5492.62 -1738.18 0
5467.21 -1747.4 0
5407.36 -1734.62 0
5431.72 -1636.2 0
5667.18 -1433.08 0
5651.51 -1444.2 0
5661.52 -1459.22 0
5673.86 -1461.79 1
5623.54 -1764.19 1
5160.85 -1995.79 0
5476.92 -1895.59 0
5609.95 -1953.68 0
5802.8 -1917.53 0
5688.03 -2356.72 0
5707.59 -2234.27 0
5695.58 -2217 0
5425.86 -2394.22 1
5405.88 -2339.02 1
5438.84 -2516.27 1
5451.74 -2386.36 0
5456.42 -2232.66 1
6019.86 -1493.37 1
6446.41 -1399.82 0
