8.23074 23.2887 0
-10.0592 46.9413 0
31.3941 74.3507 0
-180.461 105.708 0
32.3624 232.368 0
197.077 138.366 0
211.333 59.493 0
198.346 -0.149918 0
299.438 -25.051 0
211.077 -148.112 1
1247.88 585.959 1
1369.33 441.871 0
1425.66 412.116 0
1459.38 506.205 0
1478.08 547.138 0
1491.08 618.475 0
1504.01 687.888 0
1496.71 771.547 0
802.812 1351.25 0
883.626 1111.02 1
959.043 1062.94 0
1113.54 910.651 0
1121.43 971.438 0
1140.7 1017.09 0
1178.26 1071.88 1
1320.59 1308.07 1
1247.46 1356.31 0
1055.34 1210.87 0
1050.21 1024.01 0
1010.87 110.866 0
1015.93 140.666 0
1350.51 69.427 0
1171.26 -1282.06 0
1124.34 -1304.56 0
1057.9 -1254.94 0
980.098 -1237.57 0
770.799 -1279.5 0
877.158 -1229.8 0
1189.41 -1229.12 0
1156.06 -1202.89 0
1158.74 -1211.27 0
1169.48 -1199.6 1
1116.26 -1194.51 1
1093.85 -1181.34 1
1088.61 -1272.82 1
1087.9 -1248.13 1
1208.03 -1270.69 1
1209.66 -1255.72 0
1212.62 -1261.3 0
1299.89 -1292.05 0
1386.3 -1296.24 1
1261.72 -1278.01 1
1256.32 -1318.05 0
1324.28 -1336.38 0
1315.06 -1365.73 0
1418.51 -1367.14 0
1467.7 -1272.18 1
-225.362 -1713.98 1
-580.922 -1728.11 0
-190.021 -1753.54 0
-256.527 -1809.17 0
-1461.13 -1752.51 0
-1308.92 -1696.66 0
-1327.51 -1696.75 1
-1623.3 -1632.66 1
-1512.18 -1794.51 0
-1489.73 -1747.94 0
-1480.96 -1744.75 0
-1296.23 -1581.22 1
1885.97 -1390.4 1
1876.37 -1380.07 0
1888.51 -1383.16 0
1888.17 -1432.69 0
1835.45 -1317.78 0
1802.12 -1217.63 0
1802.55 -1209.62 0
1796.45 -1233.31 1
1765.72 -1176.94 1
1755.26 -1142.24 0
1707.03 -1036.49 0
1661.1 -922.92 0
1697.58 -862.767 0
1594.18 -490.84 0
1554.27 -387.96 0
1489.41 -337.044 1
1416.08 -293.501 1
1439 -363.624 0
1588.28 -723.474 1
1630.06 -757.183 0
1713.8 -798.815 0
1762.67 -860.18 0
1795.38 -902.201 0
1804.75 -1217.65 0
1975.1 -2003.13 0
2002.96 -1940.76 0
2096.84 -1869.44 0
2171.18 -1898.1 0
3079.29 -2471.75 0
3026.56 -2479.38 0
2976.42 -2427.96 0
3548.09 -2543.45 0
3569.69 -2681.94 0
