-15.9191 30.4056 0
11.2089 29.7794 0
67.6567 20.1909 0
99.8588 49.3902 0
112.789 107.221 0
125.113 109.783 0
180.77 87.2713 0
258.578 59.4773 0
287.254 5.93205 0
928.795 -252.27 0
922.685 -256.703 0
937.495 -270.724 0
893.217 -209.934 0
923.078 -295.758 0
978.577 -256.166 0
1283.34 -203.105 0
1287.66 -82.6749 0
1294.74 -73.8112 0
1328.22 -53.1325 0
1323.81 -33.6828 0
1320.44 -23.9536 0
1324.27 -18.1553 0
1348.6 -26.9975 0
1471.61 -600.256 0
1487.36 -551.788 0
1470.47 -518.235 0
1424.73 -513.151 0
1442.86 -531.681 0
1510.94 -496.314 0
1543.45 -353.052 0
1468.48 -303.149 0
1521.68 -291.238 0
1516.25 -210.582 0
1497.34 -217.31 0
1368.75 -298.349 0
1598.75 -598.979 0
1672.57 -594.95 0
1690.02 -648.747 0
1694.32 -696.579 0
1660.47 -636.324 0
1734.19 -746.142 0
1718.26 -701.588 0
1708.6 -658.624 1
1154.08 -1021.04 1
1153.15 -1034.2 0
1195.82 -1117.38 0
1231.8 -1120.61 0
1249.81 -1104.27 0
1216.23 -1068.94 1
1185.24 -1062.46 1
1112.23 -1047.28 0
1151.49 -1129.63 0
1119.68 -1195.01 0
938.727 -1240.95 1
