-1.43211 -22.3202 0
-163.04 -204.336 0
-186.058 -222.786 0
-198.511 -223.559 0
-207.044 -228.415 0
-214.518 -225.816 0
-195.68 -178.514 0
-174.48 -123.978 0
-142.008 -74.2317 0
-34.9744 -20.2022 0
-65.5571 -64.9665 0
10.6555 -33.7418 0
153.552 -18.8281 0
260.131 -445.822 0
270.73 -460.867 0
69.7372 -1016.97 0
34.9629 -1082.3 0
-6.43977 -1066.55 0
-34.3983 -1079.2 0
-63.3781 -1091.01 0
-75.1857 -1098.32 0
-76.6566 -1097.97 0
-127.027 -1056 0
-177.598 -1001.98 1
-179.834 -1019.81 1
159.63 -1266.9 1
172.909 -1261.17 0
178.003 -1259.53 0
180.987 -1240.29 0
214.978 -1205.85 0
94.2065 -1244.13 0
91.8927 -1205.72 1
1311.81 -764.645 1
1275.13 -661.143 0
1317.59 -533.26 0
1241.82 -452.8 0
1225.95 -413.936 0
1232.93 -662.495 0
1228.02 -612.524 0
1218.79 -554.104 0
1255.81 -493.724 0
1233.19 -588.669 0
1205.7 -620.459 0
887.819 -799.36 0
902.185 -852.407 0
836.976 -912.241 0
919.936 -947.42 0
916.32 -998.367 0
790.029 -1067.07 0
734.595 -1018.66 0
735.075 -958.624 1
582.252 -901.563 1
821.001 -899.328 0
842.225 -834.453 0
807.336 -742.42 1
888.032 -739.02 1
1272.55 -757.283 0
1264.19 -750.455 1
2080.35 -831.772 1
2122.81 -805.751 0
2165.56 -763.513 0
2126.21 -774.013 0
2125.73 -727.687 0
2137.38 -715.978 0
2099.53 -705.921 0
2063.38 -699.666 0
2035.97 -659.678 0
2047.51 -640.407 0
1861.21 -556.44 0
1721.33 -434.458 0
1716.67 -364.956 0
1801.45 -360.848 1
2300.52 -400.45 1
2609.53 -702.333 0
2598.7 -538.456 0
2573.88 -257.038 0
2592.61 -259.061 0
2673.85 -572.51 1
2646.42 -546.539 0
2638.3 -554.656 0
2620.92 -540.683 0
2570.73 -472.43 1
