32.6297 44.1394 0
66.9111 119.037 0
86.0152 179.346 0
93.8495 250.611 0
49.6201 310.68 0
41.8661 342.808 0
36.8304 389.138 0
49.3546 346.753 0
10.6186 270.29 0
-2.59461 199.864 0
-43.7194 153.133 0
-51.2917 147.034 0
-65.1473 166.263 1
-100.938 175.635 1
644.517 113.636 0
640.606 142.289 0
617.655 164.656 0
591.531 182.5 0
649.811 163.345 0
627.4 179.025 0
671.569 389.01 0
724.903 419.724 1
726.383 462.167 1
692.141 457.193 0
669.955 490.405 0
1003.3 155.565 0
986.994 198.527 0
858.034 204.221 0
816.586 293.627 0
816.336 333.328 0
1092.99 170.113 0
1087.14 123.922 0
1118.67 186.995 0
1211.16 93.9407 0
391.248 1110.54 0
381.936 1237.16 0
393.855 1207.93 0
425.384 1141.21 0
427.192 1049.47 1
504.458 1049.26 1
561.597 1000.4 0
507.802 984.482 0
565.983 1079.65 1
562.453 1085.76 1
571.455 1069.06 0
602.339 1074.69 0
620.413 1032.82 0
666.419 1043.9 0
776.949 675.504 0
702.894 896.617 0
764.231 973.04 0
731.055 991.343 0
779.901 1019.85 0
1143.67 1111.2 0
1138.22 1146.3 1
1187.86 1136.09 0
1151.05 1173.8 0
1124.2 1166.16 1
1107.51 1173.6 1
1206.52 1268.27 0
1108.08 1464 0
