-24.1015 53.2027 0
26.3605 50.721 0
-28.1828 90.8509 0
-22.4596 99.5178 0
254.846 63.8488 0
251.345 -120.524 0
262.329 -97.9647 0
283.589 -99.7787 0
276.363 -83.5829 0
-1643.84 62.8017 0
-1593.86 126.207 0
-1561.83 157.691 0
-1490.87 190.428 0
-1477.42 207.391 1
-1490.67 214.197 1
-1470.91 243.97 0
-1475.01 287.55 0
-1456.98 278.602 0
-1424.93 287.563 0
-1477.85 328.625 0
-1577.38 244.773 1
2905.46 -583.482 1
2894.87 -655.956 0
2885.76 -673.005 0
2956.06 -656.059 0
2946.92 -731.302 0
2932.69 -695.413 0
2927.25 -661.282 0
2912.64 -597.496 0
2903.74 -514.328 0
2855.11 -636.033 0
2853.68 -571.166 0
2889.28 -611.689 0
2697.32 -350.766 0
2616.21 -277.845 0
2217.84 -18.1074 0
2325.12 148.709 1
67.7676 2596.87 1
282.185 2250.3 0
347.463 2236.14 0
638.375 2157.5 0
79.2956 2257.78 0
-36.6637 2330.54 1
-110.861 2342.87 0
-828.482 2368.77 0
-893.977 2425.31 0
-818.61 2358.96 0
-816.93 2304.42 0
-896.232 2247.43 0
-881.195 2272.17 0
-866.409 2342.32 0
-760.591 2588.24 0
-1078.07 2174.65 1
-1411.24 2540.2 1
-1467.56 2555.07 1
-3960.86 6190.61 1
-4010.49 6265.48 0
-3590.05 6081.64 0
-3453.02 6000.01 0
-3461.08 5976.34 0
-3531.16 5980.61 1
-3538.17 6047.72 1
-3384.95 6134.28 0
-3766.79 6150.48 1
-3798.27 6668.56 1
-4542.74 2724.92 0
-4489.66 2650.13 0
-3873.62 2696.74 0
-3851.99 2794.44 1
-3873.76 2818.99 1
-3840.98 2935.81 1
-3949.04 2795.7 1
-4221.98 3274.06 1
-4226.96 3229.81 0
-4222.04 3208.51 0
-4241.82 3208.37 0
-4313.8 3201.6 0
-4012.23 3151.91 0
-3957.68 3069.7 0
-3920.91 3013.01 0
-3919.35 2980.32 0
-3918.92 2967.44 0
-3936.04 2943.49 0
-3962.82 2941.07 0
-3891.32 2941.61 1
-3566.81 2928.58 1
-2989.14 2731.36 0
-3051.5 2688.67 0
-3084.34 2717.89 0
-3055.07 2653.35 0
-1173.36 1789.09 0
-993.24 1912.17 0
-2712.31 2629.24 0
-2732.63 2697.82 0
-2740.84 2702.66 1
1408.21 1612.79 1
1407.72 1739.64 0
