3.77804 218.744 0
26.8565 215.699 0
-10.9993 187.469 0
-739.746 145.504 0
-746.197 157.176 0
-756.369 174.342 0
-802.438 162.346 0
-832.548 190.129 0
-874.054 174.247 0
-869.484 201.45 0
-863.364 189.545 0
-933.827 132.596 1
-2991.24 554.103 1
-2934.21 669.731 0
-2808.77 564.281 0
-2248.05 459.886 0
-2196.94 415.881 0
-2197.02 402.522 0
-2309.68 335.127 0
-2019.83 482.763 0
-2272.15 545.639 0
-2273.89 531.328 0
-2224.62 601.268 0
-2096.2 632.935 0
-2121.57 673.345 0
-2115.37 678.006 0
-1328.72 371.703 0
-1348.11 379.887 0
-1368.43 435.412 0
-1359.18 487.316 0
-1194.38 545.552 0
-1204.4 574.231 0
-1218.03 578.897 0
-1219.94 556.862 0
-1243.22 507.497 1
-1682.85 462.66 1
-1700 443.573 0
-1731.03 445.444 0
-1781.09 482.957 0
-1852.87 462.968 0
-1963.41 458.975 0
-2021.49 487.931 0
-2076.52 505.659 0
-2118.1 546.656 0
-2068.14 600.854 1
-2555.06 477.316 1
-2586.98 495.08 0
-2602.51 479.639 0
-2644.13 511.419 0
-2638.57 512.457 0
-2614.86 439.712 1
-2583.64 515.372 1
-3054.07 327.634 0
-3066.39 365.589 0
-3087.37 378.793 0
-1778.98 1046.36 0
-1794.43 918.164 0
-1697.26 901.219 0
-1680.8 875.118 0
-1245.43 828.507 0
-1177.43 784.114 0
-818.173 515.183 0
-691.456 508.645 0
-694.681 459.704 0
-713.672 389.72 1
-650.105 392.068 1
-636.881 413.08 0
-625.846 430.572 0
-601.559 488.289 0
-625.948 516.859 0
-673.064 539.321 0
-2184.31 668.095 0
-2219.08 594.062 0
-2229.68 594.143 0
-2074.66 643.59 0
-2039.97 676.787 0
-2180.45 616.041 0
-2126.68 577.771 0
-1973.84 574.015 0
-1949.14 616.733 0
-1911.33 869.864 1
-2395.7 1789.69 1
-2443.31 1640.35 0
-11882.8 2373.06 0
-11970.7 2347.41 0
-50466.1 -6.9021 0
-49911.1 46.817 0
-49454.7 -129.758 1
-49607.1 -136.524 0
-49494.6 -148.321 0
-49365.4 -165.471 0
-49575.9 -220.287 0
-49494.6 -244.79 0
-49435.5 -261.593 0
-49432.6 -284.188 0
