-23.6702 75.043 0
-48.425 126.88 0
-55.8239 142.632 1
15.7715 99.3174 1
1.36361 100.039 0
236.396 -41.8394 0
260.327 -14.6376 0
224.67 46.5664 0
106.803 60.6612 0
210.776 8.02829 0
143.702 25.3786 0
146.191 32.5979 0
139.365 30.6405 0
114.91 22.0327 0
-1008.36 -354.431 0
-754.99 -283.124 0
-775.499 -234.681 0
-903.544 -139.353 0
-811.778 -37.5949 0
-805.349 -26.0091 0
-815.905 -2.72937 0
-847.013 -36.3219 0
-691.453 8.65279 0
-506.684 -129.588 0
-483.809 -158.897 0
-522.537 -161.116 0
-570.279 -114.509 0
-623.724 -118.811 0
-628.765 -123.475 0
-627.199 -116.957 1
-2407.16 148.143 1
-2443.46 160.723 0
-2453.06 156.155 0
-2521.37 112.493 0
-2511.46 100.829 1
-18252.9 637.794 1
-18274 656.686 0
-18269.9 686.295 0
-18260.6 772.763 0
-18280.1 812.156 0
-17659.2 805 1
-17705.3 844.106 0
-17791.5 960.984 0
-17839.8 1020.15 0
-17727.3 1019.23 1
-17647.7 848.329 1
-17388.6 829.525 0
-17407.6 839.246 1
-14254.6 108.805 1
-14340.1 59.3749 0
-14368.2 25.4071 0
-14478.2 64.1624 0
-14522.4 114.978 0
-14581.4 132.07 0
-14827.6 497.315 0
-14821.9 518.335 0
-14808.4 526.782 0
-14795.8 538.287 0
-14733.2 519.668 0
-14737.4 500.369 0
-14472.1 298.036 0
-14543 297.687 0
-14545.3 265.225 0
-14494 208.473 0
-14541.4 380.578 0
-14592 552.889 0
-14590.7 593.219 1
-14620.2 576.321 1
-14124.8 274.517 0
-14631.2 60.8365 0
-14535.7 66.8483 0
-14195.1 -66.2808 0
-14126.4 -127.847 0
-14111.6 -205.332 0
-14093.5 -256.234 0
-14173.5 -126.668 0
-14112.9 -233.691 0
-14081.8 -262.495 0
-14057.8 -310.248 0
-14139.2 -349.54 0
-14104.9 -378.592 0
-13957.1 -354.105 0
-13873.7 -446.664 0
-13939.1 -464.126 0
-13858.3 -455.441 0
-13645.3 -373.238 0
-13607.3 -372.79 0
-13586.6 -331.145 0
-13571.4 -332.52 0
-13763.1 -48.3519 0
-13819.3 -10.3769 0
-13918.3 46.2385 0
-13980.1 116.355 0
-13964.7 276.069 0
-14007.4 336.417 0
-14128.1 406.872 0
-13983.4 366.328 0
-13903.3 295.767 0
-13828.3 243.754 1
-13410.8 66.5878 1
-13407.2 59.2249 0
-13353.8 25.2755 0
-13382.5 10.8239 0
-13399.8 27.6121 0
-13435.7 45.9598 0
-13428.5 66.7512 0
-13474.5 59.2599 0
-13445.9 65.1744 0
-13551.1 141.299 0
-13558.6 161.6 1
-13571.6 221.094 1
-13462.4 190.929 0
-13477.9 247.892 0
-13441.3 292.599 0
