-42.6414 -15.9226 0
-72.0171 39.7384 0
-71.7024 121.928 0
-109.04 98.5066 0
-168.1 58.2933 1
-182.165 -8.42675 1
-161.716 -47.5615 0
-36.4675 13.0858 0
-65.9568 29.6239 0
-246.573 -52.8671 0
6.84866 85.2243 1
-94.3974 -222.555 1
-98.1463 -200.084 0
-107.365 -170.593 0
-124.298 -96.9574 0
-109.455 -69.6741 1
33.4923 -265.973 1
17.9387 -295.697 0
107.703 -145.432 0
55.9396 -142.998 0
-36.8777 -110.028 0
-9.11214 -93.972 0
27.1589 -110.765 0
161.521 -106.554 0
168.877 -126.356 0
169.218 -120.996 0
170.815 -100.684 0
173.519 -90.1017 0
176.685 -41.4006 0
140.699 10.06 0
128.378 59.1481 0
80.3928 114.271 0
107.28 132.306 1
133.691 161.201 1
165.772 114.236 0
203.486 179.114 0
226.342 278.561 0
218.817 274.818 0
216.176 307.017 1
648.367 55.6859 1
632.148 -53.49 0
593.044 -63.3275 0
584.829 -74.2684 0
567.256 -130.328 0
512.007 -148.204 0
493.93 -150.949 0
612.929 -255.999 0
634.929 -248.087 1
612.361 -78.413 1
590.083 -68.6042 0
570.199 -16.5329 0
426.795 194.257 0
418.137 154.194 0
408.391 85.8514 0
394.628 -20.4293 0
387.164 -48.3833 0
417.583 -42.6464 0
647.498 97.2015 0
628.148 95.7227 0
2294.22 -223.696 0
2287.15 -223.883 0
