11.5768 13.6045 0
43.3444 153.641 0
95.309 316.375 0
29.3948 48.9334 0
24.0917 170.488 1
17.9742 182.284 0
4.50609 241.467 1
10.7077 271.585 1
-48.0275 348.334 0
-146.475 368.463 0
-132.974 435.097 0
-125.693 529.986 0
-126.943 532.116 0
178.493 593.647 0
216.457 541.372 0
250.385 450.429 0
231.212 574.64 0
221.28 615.436 0
196.807 657.49 1
282.678 -14.5071 1
54.3809 -390.557 0
68.9243 -467.83 0
75.0962 -471.84 0
-45.092 -588.28 0
-103.975 -472.997 0
-105.784 -449.39 0
-103.441 -434.816 0
-86.9233 -413.72 1
663.656 -303.761 1
667.895 -294.55 0
653.603 -285.255 0
623.405 -269.63 0
705.021 -419.602 0
723.242 -405.424 0
964.944 -444.329 0
5234.72 -245.893 1
4836.09 -363.781 0
4742.93 -370.389 0
4668.02 -359.889 0
4657.8 -330.921 0
4622.06 -288.035 0
4865.82 39.5706 0
4977 -287.063 1
5277.54 -138.108 0
5327.54 -287.298 0
5425.67 -313.946 0
5442.37 -251.446 0
5436.06 -245.842 0
5458.5 -264.242 0
5419.67 -205.412 0
5153.52 -271.931 0
5020 -230.971 1
-6187.02 -911.737 1
-6238.33 -696.818 0
-6187.07 441.474 0
-6077.03 413.551 0
-6913.04 555.667 0
-6975.64 553.622 1
-89134 653.406 0
-89311.7 604.693 0
-87793.7 650.347 0
-87658.8 441.088 0
-87654.6 513.784 1
-87370.1 618.059 1
-87439.8 580.412 0
-87468.7 582.58 0
