-16.2867 211.193 0
14.5581 329.276 0
-50.9296 322.616 0
-19.4018 290.918 0
-22.5312 285.051 0
-41.465 300.475 0
-100.778 312.459 0
-589.616 388.137 0
-636.893 422.8 0
-671.229 429.312 0
-953.279 412.724 0
-1557.14 1491.71 0
-1398.54 1875.52 0
-976.708 1460.06 0
-948.558 1472.07 0
-851.816 1388.34 0
-786.968 1379.83 0
-673.963 1318.12 0
-681.691 1318.1 0
30.7136 1416.93 0
74.5655 1084.53 0
87.3765 1107.72 0
110.935 1152.47 0
239.239 1098.15 0
313.567 1088.46 0
-912.528 2093.06 0
-1061.24 2148.27 0
-1126.01 2142.99 0
-1161.79 2123.84 0
-81.5344 1656.97 1
-71.4912 1685.62 0
-61.687 1682.64 0
-11.4929 1639.15 0
-131.705 1478.23 0
-113.588 1542.93 0
-103.668 1611.21 0
-111.892 1690.23 0
-146.556 1735.7 0
171.65 1395.37 0
192.18 1393.4 0
201.797 1426.27 0
266.519 1451.89 0
142.246 1480.18 0
202.192 1557.45 0
169.54 1598.77 0
108.067 1500.1 0
141.622 1557.74 0
88.6513 1563.78 0
23.3063 1583.15 1
-2815.2 -3793.69 1
-2854.7 -3801.52 0
-2976.64 -3724.92 0
-3015.86 -3686.73 0
-3031.61 -3703.92 0
-2876.22 -3701.26 1
-2863.82 -3699.6 1
-2854.2 -3632.99 0
