-63.3903 -108.884 0
-13.2166 -154.767 0
-0.739113 -97.1147 0
39.9615 -71.8484 0
129.535 33.3555 0
163.359 94.9421 0
125.308 165.005 0
95.3029 186.373 0
240.759 198.481 0
146.363 261.535 0
179.462 280.428 0
195.237 304.343 0
199.256 317.384 1
-8.87096 81.5961 1
-25.4078 138.07 0
-45.6895 62.1333 0
-69.9042 61.9153 0
-55.4079 48.8539 0
-66.2719 81.093 0
-3.44294 89.0694 0
138.335 26.0341 0
191.731 -6.92078 0
256.687 -80.6542 0
328.079 -123.416 0
372.834 -156.878 0
384.165 -156.625 0
391.921 -107.024 0
412.759 -177.944 0
461.786 -210.208 0
474.008 -136.491 0
547.943 -239.226 0
466.703 -176.353 0
457.201 -147.391 0
477.361 -102.106 0
521.809 -71.2675 0
559.979 -54.0008 0
583.576 18.4487 0
605.163 -98.0837 0
655.717 -78.363 0
627.416 -56.8278 0
256.11 -83.2171 0
436.334 -55.9962 0
348.067 -151.664 0
-1051.81 -793.947 0
-1034.59 -766.933 0
-1063.09 -766.866 0
-1067.72 -762.771 0
-1076.8 -773.799 0
-1074.08 -807.341 1
-1092.99 -781.415 1
-1188.48 -723.462 0
-1594.4 -519.336 1
-1843.87 -560.412 1
-1938.6 -528.614 1
-3587.18 -156.572 0
-3537.04 -202.503 1
-1870.58 -479.23 1
-1851.93 -487.829 0
-1850 -481.271 0
-1876.38 -493.561 0
-1925.29 -482.554 0
-2081.89 -482.304 0
-2082.54 -466.883 0
-2094.92 -432.261 0
-2124.14 -412.333 0
-2769.59 -583.446 0
-2851.4 -572.733 0
-2728.39 -531.965 0
-2721.09 -498.244 0
-2706.7 -466.205 0
-2817.12 -520.742 0
-2775.85 -540.539 1
-2748.24 -570.746 1
7177.77 1768.2 0
7150.95 1517.83 0
7098.94 1467.06 0
6201 3810.26 1
6134.15 3859.63 0
6054.52 3471.38 1
7034.9 2955.89 1
7080.42 2927.77 0
2810.67 6531.3 0
14740.7 121208 0
