34.6644 30.9312 0
-12.5233 54.0421 0
-53.6468 -19.1159 0
2.36041 -75.5798 0
32.4316 -67.3383 0
49.2221 -56.6579 0
37.263 -47.3125 0
-74.1375 97.7628 0
-46.4966 100.889 0
46.9163 59.7175 1
255.516 -408.746 1
308.704 -424.324 0
259.102 -360.956 0
313.317 -270.101 0
349.963 -164.726 0
350.712 -126.904 0
357.066 -82.0427 0
356.791 70.8753 1
190.061 -181.953 1
187.871 -166.016 0
173.974 -164.929 0
130.245 -158.64 0
92.6721 -132.093 0
67.7581 -81.8805 0
120.115 136.74 0
46.7229 199.652 0
62.8616 214.867 0
91.2955 204.416 1
-2323.22 879.087 1
-2297.24 894.778 1
-2243.05 911.801 1
-1865.37 796.268 1
-1826.76 879.775 0
-1783.74 890.316 0
-1819.14 905.907 0
-1331.01 1112.86 1
-3640.4 3857.53 1
-3694.19 3890.04 0
-3665.92 3901.88 0
-3936.08 3943.72 0
-3999.26 3930.38 0
-4034.02 3859.73 1
-2261.99 3807.39 1
-2059.63 3593.73 0
-2035.04 3583.9 0
-2029.9 3592.29 0
-2074.46 3652.19 0
-2069.85 3779.09 0
-2007.59 3886.14 0
-1962.74 3838.4 0
-1952.99 3886.79 1
-1890.06 3659.42 1
-1947.1 3706.18 0
-1989 3746.59 0
-1935.77 3778.15 0
-1980.55 3847.81 0
-1954.79 3907.29 0
-2065.24 3921.91 0
-1949.81 3917.04 0
-1930.97 3922.13 0
-1884.65 3939.52 0
-1848.55 3958.18 0
-1800.95 3944.3 0
-1763.29 3931.65 0
-1754.23 3951.91 0
-1756.82 3955.11 0
-1726.02 3806.03 0
-1747.86 3900.4 0
-1665.29 3960.92 1
-1382.95 3931.91 1
-1384.41 4003.29 0
-1407.99 3983.81 0
-1423.03 3960.3 0
-1451.49 3933.44 0
-1587.37 3841.42 0
-1518.2 3841.73 0
-1516.65 3916.11 0
-1079.28 3826.5 0
-1088.59 3848.72 0
-1090.88 3846.48 0
-1118.3 3880.45 0
-1122.74 3858.25 0
-744.894 3213.71 0
-915.218 3831.93 0
-984.757 3666.29 0
-1203.46 3954.17 0
-1108.34 3964.52 0
-1086.41 4008.73 0
373.78 4754.55 0
