14.6835 45.8185 0
40.9719 33.5814 0
40.0562 27.5848 0
60.7298 44.1859 0
60.859 27.4156 0
59.3841 48.3941 0
63.0378 54.7797 0
132.107 156.753 0
140.062 221.301 0
192.645 240.709 0
160.853 242.222 0
141.95 206.21 0
105.392 125.417 0
140.228 96.6572 0
153.948 98.3001 1
1412.14 148.057 1
1383.66 104.981 0
1365.18 77.5084 0
1351.27 75.6358 0
1304.7 33.8783 0
1304.37 36.0246 0
1407.75 -20.5149 0
1408.17 -11.6991 0
1426.25 -20.3191 0
1455.36 -41.4688 0
1478.2 -60.1671 0
1636.14 -74.0932 0
1455.76 -423.747 0
1454.73 -448.987 0
1454.55 -436.33 0
1391.17 -364.059 0
1403.61 -357.456 0
1362.44 -352.624 0
1648.07 -49.6824 0
1513.63 -369.857 0
1743.14 -408.723 0
421.866 233.661 0
706.022 409.277 1
-988.071 1243.85 1
-15164.7 -4978.3 0
-15176.9 -4936.02 0
-15154.1 -4834.26 0
-15141.7 -4832.77 0
-15123.9 -4835.88 1
-229318 -7381.02 1
-229365 -7459.92 0
-229379 -7505.74 0
-229991 -6712.13 0
-230187 -6553.18 0
-230130 -6556 0
-230125 -6537.34 0
-230098 -6555.22 0
-230122 -6497.98 1
-230232 -6458.87 1
-227829 -6097.56 0
-227539 -6335.74 0
-227491 -6375.93 1
-227255 -6302.92 1
-227222 -6296.93 0
