-68.0212 -58.0627 0
-180.594 -123.953 0
-113.507 -16.959 0
-49.2263 9.29126 0
-45.9047 -25.8453 0
-49.7962 15.4292 0
-127.775 67.867 0
-186.623 95.3742 0
-185.048 149.811 0
-163.253 226.714 0
-151.44 317.82 0
-610.708 266.478 0
-665.006 301.839 0
-783.733 433.318 0
-689.812 464.62 0
-653.57 430.386 0
-601.364 443.541 1
-545.912 486.82 1
-856.968 836.615 0
-833.546 889.872 1
-4901.11 544.64 1
-5023.85 606.235 0
-5028.67 628.05 0
-3574.28 1038.63 0
-3553.86 1040.93 0
-3228.55 1038.7 0
-3083.98 1047.59 0
-3073.71 1046.44 0
-2709.76 620.959 0
-2683.6 683.947 1
-2663.75 660.765 1
-2650.33 678.725 0
-2660.69 692.541 0
-2659.48 718.77 0
-2640.26 738.745 0
-2637.76 832.858 0
-2708.31 849.761 0
-2590.86 869.875 1
-2579.07 862.3 1
-2583.02 888.66 0
-2577.02 912.625 0
-2311.02 319.527 1
-2254.05 353.467 0
-2281.19 306.529 0
-2284.05 283.4 0
-2097.04 245.743 0
-2464.48 9.55469 0
-2429.3 -49.9047 0
-2456.8 -7.7591 0
-2468.17 51.1284 1
-2452.59 39.5881 1
-2473.62 61.346 0
-2215.41 48.2035 0
