122.627 139.683 0
79.9611 79.523 0
64.8096 77.6958 0
29.4122 148.237 0
18.1716 193.824 0
-16.3837 234.588 0
-16.5014 249.921 1
153.859 248.066 1
90.2251 380.89 0
129.282 255.581 0
179.609 180.502 0
217.926 124.586 0
222.35 61.8793 0
286.492 -38.3011 0
241.892 -2.6825 0
252.683 99.244 0
275.373 132.444 0
262.706 6.13436 1
211.342 -137.967 1
473.646 -58.1973 0
453.936 -108.581 0
485.77 -114.989 0
684.062 -77.0123 0
680.422 -88.7946 0
1192.76 128.755 0
1192.58 156.349 0
1220.31 56.7211 0
536.392 45.4032 0
522.617 39.1887 0
576.625 60.0948 0
507.528 75.4558 0
495.761 64.1412 0
520.133 82.952 1
525.929 99.5713 1
491.513 95.5083 0
482.134 56.5785 0
473.949 24.3678 0
456.779 18.7502 0
480.023 35.8984 0
448.444 7.97403 1
465.591 193.799 1
486.502 147.201 0
515.124 139.28 0
680.354 138.486 0
677.277 230.487 0
723.449 274.705 1
835.197 107.967 1
807.876 179.359 0
773.831 236.916 0
723.375 319.318 0
709.758 391.44 0
724.218 460.163 0
716.046 503.381 0
700.668 528.832 0
661.34 575.12 1
1214.83 122.046 1
1213.37 162.912 0
1220.93 235.425 0
1114.15 434.089 0
1096.22 246.055 1
1065.57 253.989 0
972.472 199.863 1
1054.72 237.79 1
1061.41 217.249 0
1103.63 216.356 0
1107.26 242.245 0
1131.36 277.349 1
994.234 289.813 1
946.508 479.741 0
893.102 512.276 0
1071.47 490.759 0
1316.8 569.446 1
1265.01 572.109 1
1339.91 550.195 1
2057.12 208.87 1
2066.41 201.816 0
2060.24 138.095 0
2134.12 86.7691 0
2162.57 70.8775 0
2157.38 84.0883 0
2224.42 -0.0302887 0
2217.84 40.1011 0
2198.28 20.6286 0
2226.27 18.0144 1
3375.15 749.217 1
