-18.6621 -12.0159 0
-1.16543 -48.1491 0
-56.6595 -14.3151 0
-93.2808 56.7295 1
-36.3799 -164.975 1
-837.645 -471.282 0
-840.883 -467.528 0
-825.804 -449.667 0
-835.992 -429.349 0
-906.879 -381.51 1
-119.005 -213.875 1
-132.093 -142.298 0
-132.701 -74.2278 0
-143.67 -56.1665 0
-143.866 -83.1613 0
-52.3506 3.83272 0
182.738 -76.9034 0
220.086 -25.6094 0
223.031 38.382 0
188.837 94.7069 0
102.793 115.135 0
352.325 114.222 1
153.64 -211.496 0
114.95 -251.549 0
68.5791 -285.411 0
-154.069 -264.411 0
-225.798 -238.442 0
-298.709 -233.838 0
-347.477 -233.492 0
-513.667 -224.579 0
-464.054 -189.868 0
-321.071 -37.4011 0
-254.974 -19.7535 0
-223.349 -47.6756 0
-178.405 -100.578 0
-193.24 -155.477 0
-236.403 -203.439 0
-159.897 -133.082 0
-144.705 -66.7713 0
-102.801 -33.4794 0
-24.1304 15.6914 0
-7.055 50.006 1
7326.38 -1232.44 1
