-54.0322 6.1321 0
-49.0417 16.2406 0
12.3627 10.5111 0
13.7963 47.3206 0
28.9933 75.1797 0
60.457 96.5215 0
56.1274 55.6284 0
133.09 38.4473 0
82.4036 66.589 0
23.3211 125.513 0
-20.7354 123.097 0
-97.4612 130.091 1
-154.936 17.0651 1
-131.521 31.6837 0
-143.154 67.8161 0
-60.8092 118.764 0
-391.394 102.143 0
-403.924 83.5411 0
-396.636 47.2884 0
-321.557 -22.4175 0
-230.87 -135.444 0
77.2996 -144.696 0
78.6036 -132.11 0
352.242 -274.306 0
318.27 -190.485 0
345.936 -236.282 0
354.044 -250.326 0
192.153 -119.717 1
218.13 -96.7058 1
178.789 -44.4534 0
167.233 -40.7097 0
176.301 -40.0636 0
154.667 6.38601 0
149.322 7.42335 0
138.667 29.571 0
120.656 44.0634 0
136.04 16.2968 0
113.333 -98.1116 1
252.753 -290.266 1
234.485 -322.456 0
223.142 -228.809 0
200.889 -187.215 0
184.301 -150.235 0
176.67 -175.752 1
308.435 -213.534 1
224.894 -73.6455 0
134.658 106.799 0
226.622 6.55505 0
234.747 84.2533 0
267.261 84.576 0
301.278 45.3306 0
410.715 -106.952 0
451.955 -22.95 0
487.767 102.684 0
464.282 41.8953 0
254.966 1.94846 0
283.679 -6.97326 1
230.473 105.656 1
247.964 106.232 0
267.724 116.319 0
281.322 141.133 0
300.444 99.6782 0
315.097 65.1768 0
375.277 155.468 0
391.507 120.936 0
119.879 269.979 0
333.924 210.028 0
381.535 -72.2684 1
387.935 -71.7029 0
400.94 -97.688 0
491.993 -146.341 0
482.89 -97.4481 0
440.034 -41.0001 0
466.399 -7.56121 0
453.622 -6.8161 0
853.229 -361.493 0
823.974 -379.886 0
1922.86 -312.944 0
