14.6371 12.4709 0
99.7772 -146.146 0
132.974 -92.5859 0
181.678 -0.326057 0
143.912 -64.5483 0
85.7301 -43.8255 0
114.074 -10.4888 0
-63.0631 -134.567 0
-71.8523 -128.281 0
-18.8108 -162.596 0
14.239 -122.11 0
43.1994 -188.873 0
102.636 -179.226 0
83.8573 -123.379 0
99.9238 -103.346 0
45.6941 -77.2888 0
145.494 -90.9896 1
46.2338 -139.376 1
-651.632 -217.567 0
-363.903 -233.495 0
-347.375 -280.464 0
-376.786 -275.688 0
-445.473 -188.932 0
-584.541 198.01 0
-451.963 170.323 0
-458.338 222.874 0
-274.683 4.90094 1
-256.697 1.84825 0
-220.309 -13.6911 0
-134.772 -76.7651 0
-126.234 -26.8329 0
-162.918 2.19809 0
-187.484 19.8493 0
-177.984 35.6497 0
153.078 -106.203 0
214.24 -131.544 0
200.307 -81.8229 0
258.384 -200.691 0
310.917 -366.207 0
317.354 -398.62 0
327.192 -414.026 0
323.422 -341.939 0
301.898 -291.631 0
322.1 -281.348 0
379.964 -316.781 0
353.913 -471.109 0
413.923 -524.333 0
256.258 -267.401 0
657.655 -2652.65 1
610.253 -2654.99 0
628.281 -2669.2 0
654.354 -2640.4 0
644.883 -2881.81 0
631.626 -2916.82 0
1317.69 -2544.71 0
