-11.5733 3.75747 0
-24.1253 21.4431 0
3.90419 109.743 0
-29.8608 193.404 0
-61.3705 251.123 0
-76.7624 305.694 0
-86.7358 389.634 1
-98.709 353.447 1
-58.2457 311.47 1
76.9358 -28.1199 1
46.6834 -8.3766 0
48.0713 4.8009 0
148.451 70.9572 0
73.6115 135.345 0
72.662 181.605 0
35.9856 193.898 0
-22.8986 227.367 0
-70.8198 264.83 0
-60.1311 257.028 0
-42.093 272.312 0
-33.1038 266.202 0
-19.0216 266.256 0
106.224 226.329 0
116.608 246.142 0
112.866 265.686 0
166.241 259.723 0
165.099 274.665 0
100.989 227.343 0
108.35 308.376 0
78.1162 365.914 0
102.814 400.673 0
92.7642 386.085 0
114.044 342.989 0
286.026 61.2807 0
328.926 74.626 0
