-7.9625 1.64142 0
-5.22629 58.9008 0
13.1505 88.7112 0
-3.69046 131.245 0
83.8926 170.795 0
37.5006 289.584 0
25.5538 324.824 0
26.9604 251.925 0
-8.93939 236.711 0
-11.2135 177.737 0
-30.5275 139.674 0
-45.7044 175.112 0
35.8104 217.242 0
20.2359 208.607 0
115.171 149.545 0
119.972 216.921 0
138.251 246.971 0
149.23 263.785 0
169.102 245.053 0
197.196 259.072 0
243.918 248.577 0
194.834 213.328 0
145.128 111.141 0
220.037 144.259 0
283.379 150.495 0
163.206 163.969 0
263.589 80.3476 0
489.05 -96.6835 0
471.92 -46.6867 0
444.608 25.4955 0
571.321 232.988 0
571.916 228.766 0
588.14 220.73 1
1182.28 54.0373 1
1186.37 73.8885 0
1415.03 -34.7576 0
1370.17 -300.299 0
1389.11 -296.877 0
1383.41 -297.207 0
1372.82 -260.686 0
1059.26 -290.127 0
1045.86 -246.994 0
1165.46 -60.3308 0
1174.07 -58.4827 0
1161.6 -126.919 0
1134.28 -260.723 0
1151.95 -279.279 0
1156.42 -322.127 1
1263.35 -70.5689 1
1252.67 -35.9114 0
1266.79 -8.89828 0
1133.11 195.531 0
1162.92 131.523 0
1137.61 96.6278 0
1205.24 117.369 0
1311.38 107.358 0
1286 124.827 0
1272 137.409 0
1237.99 128.771 0
1283.57 103.194 1
1362.4 -20.1428 1
1401.5 40.3737 0
1343.09 340.66 0
1281.77 240.978 1
1286.98 280.017 1
1178.08 180.532 0
