-89.1201 11.7189 0
-161.222 -59.0354 0
-89.3019 -85.2766 0
-61.7303 -125.056 0
-89.3544 -103.974 0
-74.3152 -8.17669 0
-250.753 225.374 0
-263.728 238.631 0
-264.803 192.013 0
-206.208 190.09 0
-355.12 165.038 0
-353.396 140.739 0
-332.356 190.574 0
-256.005 269.996 0
-285.494 329.69 0
-236.186 318.443 0
-134.306 367.852 0
-154.453 380.422 0
-134.591 367.88 0
-64.0801 325.372 0
-107.639 346.974 0
-145.46 408.49 0
-207.993 481.008 0
-249.332 495.89 0
-157.769 428.191 0
-135.149 345.361 0
-93.7743 390.982 0
-162.101 299.979 0
-168.439 259.146 0
-124.528 215.814 0
-137.011 206.588 0
-128.114 244.694 0
-103.151 238.402 0
-81.6255 222.621 0
-26.406 160.442 0
-44.8133 78.0144 0
287.164 50.0892 1
344.858 146.977 0
298.855 138.369 0
258.742 187.745 0
355.053 208.843 0
430.649 231.048 0
417.26 219.727 0
314.519 272.29 0
364.961 305.329 0
422.887 361.334 0
398.285 367.987 0
572.505 335.516 0
336.772 135.078 0
295.839 83.0881 0
257.39 80.1449 0
223.768 129.964 0
235.666 175.136 0
148.015 222.971 0
149.55 272.436 0
192.058 224.196 0
134.802 301.481 0
132.545 391.956 0
173.605 421.261 1
160.494 449.886 0
148.423 515.778 1
218.742 529.315 0
246.216 591.344 0
-86.7655 528.06 1
-105.619 435.734 1
588.441 267.407 1
620.952 234.36 0
589.722 163.069 0
588.43 90.0262 0
581.381 43.2108 0
543.451 39.4955 0
546.976 26.0023 0
411.912 -48.3549 0
495.722 -5.94612 0
534.214 56.3231 0
677.823 265.261 0
874.811 292.65 0
898.341 345.609 0
1043.3 540.146 0
1106.7 709.927 0
985.883 688.888 0
965.084 749.024 0
965.771 735.61 0
955.732 765.189 0
1004.33 789.786 0
1026.33 768.168 0
1009.04 735.375 0
1005.64 782.91 0
1011.05 744.663 0
978.862 680.396 1
1009.07 597.287 1
932.879 584.717 0
975.65 610.135 0
894.03 537.956 0
944.503 512.558 0
1007.75 490.212 0
1041.94 492.969 0
889.355 408.778 0
800.777 446.184 0
749.154 447.693 0
722.339 473.009 0
694.339 524.161 0
658.419 577.351 0
633.732 533.76 0
623.442 438.632 0
630.691 435.833 0
583.893 522.072 1
571.872 605.861 1
572.65 678.935 0
619.049 676.304 0
652.348 682.183 1
5365.84 3441.8 1
-8200.64 166863 0
