20.9976 -25.1059 0
40.3417 -66.9666 0
20.337 -44.043 0
-53.0468 -57.144 0
-115.481 -3.65378 0
-118.258 28.5389 0
-109.211 94.0284 0
-129.914 124.97 0
-113.389 133.964 0
-74.3029 246.388 0
-73.1016 380.008 0
-87.8709 361.95 0
-97.0592 313.556 0
-14.8019 220.817 0
36.6981 191.284 0
61.134 215.143 0
113.806 219.583 0
163.776 282.597 0
217.547 316.49 0
298.569 358.711 0
1092.18 202.579 0
1094.81 195.65 0
896.094 338.516 0
872.576 322.766 0
860.037 336.061 0
877.085 338.209 0
826.761 338.838 1
719.106 332.234 1
716.309 343.652 0
776.397 321.841 0
836.861 297.942 0
737.935 209.256 0
897.92 214.984 0
874.058 170.926 0
918.159 100.751 0
962.7 55.6626 0
989.252 10.3936 0
1114.58 -96.9686 0
1111.96 -147.997 0
1066.71 -161.582 0
988.305 -235.854 0
933.892 -327.036 0
904.06 -359.996 0
998.26 -301.379 0
1111.52 -31.9724 0
1488.41 -370.819 1
1533.9 -379.619 0
1500.63 -404.27 0
1436.8 -594.156 0
1384.06 -620.583 0
1330.23 -639.299 0
1337.02 -623.914 0
1305.78 -627.933 0
1288.66 -550.363 1
1451.72 -478.765 1
1517.76 -417.047 0
1481.75 -947.741 0
1519.75 -1356.66 0
1486.8 -1296.96 0
1427.86 -1279.13 0
1438.14 -1288.43 0
1490.19 -1107.47 1
-333.785 -1659.2 0
-408.723 -1657.05 0
-268.501 -1618.73 0
-366.06 -1659.34 0
-352.769 -1646.4 0
-326.974 -1608.19 1
-1040.3 -1589.61 1
-799.782 -1593.48 0
-741.242 -1589.91 0
-692.556 -1554.94 0
-805.972 -1563.47 0
-906.932 -1583.72 1
-803.394 -1564.22 1
-928.242 -1697.62 0
-987.794 -1751.6 0
-998.307 -1788.11 0
-938.169 -1753.17 0
-893.714 -1684.5 0
-927.219 -1711.7 1
-256565 -18915.2 1
-256606 -18853.9 0
-256577 -18823.1 0
-256545 -18833 1
-256490 -18820.7 1
-256477 -18806.5 0
-256523 -18801.4 0
-256717 -18765 1
-257912 -18504.3 1
-257886 -18436.4 0
-257858 -18438.8 0
-257806 -18452.3 0
-257959 -18394.2 0
-257374 -18404.3 0
-257360 -18337 0
-257705 -18809.1 0
-257756 -18796.1 0
-257792 -18790.2 0
-257815 -18817.3 0
-257837 -18848.9 1
-260055 -18438.5 1
-260276 -18422.6 1
-259494 -18070 1
-259478 -18032 0
-259268 -18242.3 0
-259269 -18237.5 1
-258000 -18028.5 1
-258004 -18139.7 0
-258057 -18184.1 0
-258042 -18180.5 0
-258027 -18245.8 0
