262.488 -145.069 0
216.148 88.1848 0
196.598 105.069 0
234.189 97.8826 0
225.741 82.331 0
202.534 54.009 0
206.357 28.7298 1
129.913 34.9796 1
86.8544 18.9242 0
59.2188 35.6625 0
102.296 24.969 0
97.7444 -64.8355 0
146.175 -114.71 0
191.411 -171.913 0
148.058 -160.066 0
153.47 -129.507 1
148.528 -172.683 1
105.547 -199.438 0
74.2612 -194.265 0
96.9765 -163.81 0
125.158 -154.82 0
86.2211 -178.697 0
61.413 -140.133 0
16.7621 -107.323 0
141.999 -21.525 0
127.159 -113.95 0
65.9165 -105.391 0
101.766 -7.72793 0
131.103 -15.6592 0
126.398 12.4596 0
113.547 43.648 0
118.727 -10.3952 0
73.1011 -48.5785 0
28.168 -128.117 0
-15.5619 -196.233 0
137.869 185.613 0
355.677 10.9386 0
198.892 144.073 0
-98.1351 -326.425 0
-107.458 -209.286 0
-112.994 -176.891 0
-126.015 -155.655 0
-173.162 -142.719 0
-199.994 -95.6809 1
-137.296 -39.0873 1
192.143 -93.8257 0
104.309 -168.895 0
155.186 -178.364 0
96.3258 -256.519 0
134.185 -286.39 0
143.396 -299.062 0
-762.206 262.593 0
-679.029 312.146 1
-603.634 328.793 1
-607.856 401.011 0
-890.242 438.524 0
-680.935 376.243 0
-679.767 356.853 0
-558.588 363.455 0
-571.044 395.714 0
-546.49 395.778 0
-821.608 336.018 1
-364.137 185.731 1
-387.428 199.802 0
-575.636 12.7581 0
-521.41 -33.5128 0
-575.458 32.5779 0
-597.931 16.3119 1
-530.421 16.1419 1
-536.354 50.055 0
-618.191 85.1304 0
-528.414 114.692 1
982.043 116.343 1
1049.47 85.8927 0
916.086 20.8941 0
900.862 -18.1754 0
832.507 45.1735 0
799.454 163.441 0
567.414 159.699 0
553.487 199.824 1
4455.57 60.9322 1
4475.03 -8.51936 0
4460.44 -8.87343 0
4480.9 13.7834 0
4418.69 77.0955 0
4772.53 405.998 0
5382.21 326.211 1
5427.27 297.334 0
