-30.3288 -7.81438 0
2.82513 -51.1868 0
-49.7336 -36.5131 0
-12.2579 -89.6963 0
-9.20115 -155.716 0
50.324 -176.041 0
43.1117 -161.191 0
66.3581 -136.634 0
-582.946 600.356 0
-541.945 637.314 0
-319.836 732.81 0
-355.65 720.743 0
-99.5556 794.115 1
-99.52 767.382 1
369.911 378.604 0
444.641 344.583 0
407.259 329.386 0
390.942 291.999 0
480.98 235.74 0
414.185 199.665 0
442.16 186.282 0
461.602 137.315 0
513.466 126.038 0
553.288 90.1356 0
522.166 82.6051 0
481.119 13.301 0
533.914 34.0151 0
482.438 122.446 0
415.919 -52.6294 0
402.693 33.7509 0
406.084 70.0466 0
432.608 87.2753 0
386.201 128.155 0
334.778 139.444 0
389.822 182.129 1
1408.03 -37.0256 1
1393.98 -77.0734 0
1348.42 -252.022 0
1319.93 -303.847 0
1289.49 -344.077 0
1244.32 -398.538 0
1101.77 -546.731 0
1041.58 -643.06 0
1043.95 -642.333 0
1057.94 -568.204 0
1106.48 -384.629 0
1154.21 -333.609 0
1180.01 -278.299 0
965.761 -472.92 0
959.103 -506.907 0
1089.56 -241.894 0
1578.86 -347.299 0
1582.03 -272.591 0
1577.78 -210.587 0
1578.28 -309.011 0
961.84 -685.537 0
1583.15 -786.284 0
1569.14 -815.499 0
1532.62 -822.869 0
1492.38 -776.443 0
1343.52 -430.882 0
1362.45 -428.984 0
1440.16 -471.452 0
1478.8 -544.044 0
1506.43 -577.163 0
1526.33 -627.423 0
1572.23 -697.06 0
1644 -845.066 0
1629.11 -500.706 0
1636.68 -454.968 0
1622.91 -448.528 0
1621.47 -471.038 0
1645.27 -483.404 0
1665.41 -466.595 0
1647.22 -417.308 0
1626.62 -339.582 1
1635.08 -347.337 1
1626.42 -347.548 0
1602.45 -386.716 0
1564.94 -436.722 0
1562.68 -400.786 1
1517.06 -374.223 1
1555.43 -366.639 0
1570.3 -368.891 0
1606.62 -370.829 0
1677.48 -418.308 0
1717.86 -381.178 0
1681.76 -382.391 0
1506.2 -164.408 0
1441.16 -93.1649 0
1192.2 -43.3837 0
1197.51 -17.4088 0
1109.74 -32.4222 0
1092.86 -10.4207 0
1083.35 -36.6448 0
1005.19 -33.7266 1
1160.1 -86.9655 1
895.984 -5.15721 0
911.971 -14.5656 0
872.053 -7.64732 0
679.428 62.5731 0
671.519 118.41 0
721.203 199.273 1
861.854 105.593 1
909.572 148.896 0
763.376 256.093 1
4607.38 4735.93 1
