54.2234 45.2195 0
-37.2145 62.7557 0
35.9345 94.0833 0
14.6609 94.8183 0
-14.6352 22.0632 0
-69.9954 16.9615 0
-60.6704 -25.4108 0
63.3078 -82.3411 0
45.4107 -82.9784 0
247.6 -198.93 0
200.151 -228.689 0
498.257 -206.654 0
439.765 -189.374 0
547.688 -270.133 0
558.095 -286.683 0
1409.05 -1123.08 0
1521.79 -1252.43 0
1491.13 -1205.61 0
1468.54 -1171.93 0
1448.6 -1185.79 0
1627.29 -1399.75 0
1647.39 -1429.85 0
1679.51 -1509.98 0
1670.93 -1492.17 0
1541.6 -1266.55 0
1558.37 -1208.99 0
1517.39 -1130.54 0
1494.9 -1046.64 0
1599.29 -788.752 0
1598.23 -780.071 0
1554.7 -816.371 0
1537.51 -815.897 0
1524.71 -813.525 0
1512.11 -825.759 0
1527.48 -908.817 0
1619.98 -1029.24 0
1491.09 -996.401 0
2159.49 -1188.46 0
2309.09 -1354.99 0
2316.34 -1357.5 0
2376.58 -1282.3 0
2326.34 -1236.52 0
1655.25 -939.973 0
1655.15 -847.448 0
1817.01 -821.176 0
1809.18 -757.256 0
1223.25 -527.788 0
1117.65 -461.79 0
1067.34 -468.329 0
1011.49 -442.328 1
1033.79 -444.279 1
1031.74 -452.717 1
1432.3 -1087.41 1
715.902 -1424.45 0
647.981 -1381.82 0
654.22 -1358.43 0
652.901 -1359.28 0
670.183 -1346.44 0
709.117 -1297.03 1
733.761 -1146.01 1
639.549 -1158.85 0
3251.1 -805.262 1
3220.52 -820.507 0
