50.7346 8.34216 0
42.6648 50.6315 0
94.8526 -15.2949 0
58.8669 31.124 1
292.029 -92.8958 1
-591.463 92.5707 0
-564.25 -73.6826 0
-643.448 -32.0911 0
-618.55 -17.3558 0
-566.047 49.5201 0
-183.728 583.043 0
-143.657 542.596 0
6.22797 434.757 0
56.2133 330.997 0
58.7602 245.229 0
14.3213 187.639 0
-68.2406 147.473 0
-145.829 94.0578 0
-10.3359 170.909 0
-89.3297 167.326 0
-109.533 188.556 0
-172.333 258.769 0
-226.895 285.651 0
-278.155 381.23 0
-207.021 414.059 0
-44.108 490.024 0
52.4357 457.461 0
92.9178 418.871 0
141.662 351.069 0
273.656 156.141 0
291.317 155.598 0
802.826 384.745 0
739.987 458.511 0
712.057 498.792 0
686.109 494.074 0
656.129 498.011 0
668.121 469.335 0
672.483 547.76 0
686.287 581.24 0
678.009 550.035 0
664.699 537.583 1
1045.87 447.965 1
1028.49 432.652 0
982.67 466.081 0
880.623 563.1 0
874.112 666.292 0
881.45 642.377 0
1105 588.648 0
1109.08 636.882 0
1108.6 689.186 0
1095.55 694.346 1
1882.46 445.901 1
1880.75 379.121 0
1782.59 404.809 0
1593.72 481.607 0
1618.02 537.296 0
1671.63 557.744 0
1721.95 578.695 0
1716.1 599.547 0
1753.46 605.721 0
1752.9 592.768 0
1676.29 611.143 0
1669.9 559.776 0
1715.89 441.303 0
1470.05 571.81 0
1438 681.928 0
1410.02 511.143 0
1414.84 491.73 0
1388.22 444.373 1
1412.9 726.026 1
1354.84 947.636 0
1306.16 1009.92 0
1256.24 1023.1 0
1413.65 1119.87 0
1441.45 1192.12 0
1465.33 1325.26 0
1996.69 833.889 0
2013.56 838.117 0
1955.85 880.285 0
1940.3 815.621 0
1973.54 850.509 0
1976.19 930.263 0
