-95.4693 153.682 0
-26.6409 138.915 0
-41.6671 124.243 0
-27.5496 125.602 0
-71.5973 111.091 0
-92.8118 131.322 0
-65.4111 150.965 0
-118.424 124.882 0
-218.507 94.784 0
-255.45 77.5366 0
-275.08 86.4429 0
-270.273 59.4194 0
-313.985 81.3088 0
-403.214 111.274 0
-337.52 193.958 1
-389.922 226.47 1
-429.363 221.874 0
-300.083 178.033 0
54.9153 66.381 0
68.3633 34.0324 0
88.6529 240.52 0
4.08193 250.959 0
-15.9505 300.332 0
205.285 38.5457 0
217.587 -42.1551 0
244.524 -14.9068 0
240.286 7.62399 0
256.996 17.9232 0
374.574 73.8562 0
518.09 142.983 0
-338.86 836.335 0
-132.653 614.686 1
-166.416 713.972 0
-124.911 669.313 0
-86.5506 710.336 0
-56.7696 612.526 0
-133.29 837.371 0
-105.723 911.509 0
-127.674 978.88 0
-163.255 1009.59 0
-306.139 1003.53 0
-351.626 1038.14 0
-391.045 1073.69 0
-375.989 1150.96 0
-373.26 1215.3 0
-355.848 1237.02 0
-247.489 1212.79 0
-172.418 1175.3 0
-212.433 1227.41 0
-192.905 1180.92 1
-141.104 1264.36 1
-99.8517 1243.08 0
-87.073 1225.89 0
-71.2673 1208 0
-104.162 1183.62 0
-169.925 1197.63 0
-165.058 1234 0
-186.763 1228.88 0
-340.738 1206.87 0
-331.508 1217.76 0
-298.829 1202.29 0
-196.488 972.314 0
-209.86 998.959 1
-226.545 944.42 0
-236.883 924.617 0
-264.463 878.008 0
-365.087 836.333 0
-129.302 629.551 0
65.666 581.93 0
71.2039 599.51 0
-0.10569 728.573 0
147.89 733.837 0
219.789 654.599 0
191.537 772.593 0
144.365 824.809 0
260.434 851.387 0
-113.906 724.75 0
-81.5314 711.808 0
53.0029 709.797 0
7.98275 704.147 0
77.6101 732.461 0
-70.3544 706.629 0
-116.022 644.188 0
-116.574 649.508 0
-110.861 657.181 0
-106.699 712.251 0
-73.92 741.371 0
-1799.89 1510.68 0
-1488.77 1547.04 0
-1493.71 1617.95 0
-1521.79 1633.47 1
-1505.85 1674.71 1
-1504.04 1642.04 0
-1544.08 1629.18 0
-2526.37 1965.67 0
-2460.54 1953.02 0
-2497.68 1940.04 1
-2495.19 1926.47 1
-2505.14 1989.72 1
-3828.8 2914.19 1
-3834.58 2900.34 0
-3891.05 2888.9 0
-3844.21 2891.42 0
-4335.83 3014.1 0
-4340.88 3007.95 0
-4386.27 3032.23 0
-4448.58 3078.48 0
-4464.58 3089.87 1
-4492.57 3120.78 1
-4518.21 3117.9 0
-4520.19 3107.26 0
-4516.18 3139.12 0
-4486.55 3132.87 1
-3073.47 3458.35 1
-2948.88 3475.69 0
-3124.22 3515.34 0
-3136.17 3558.61 0
-3107.5 3540.05 0
-3127.2 3538.51 0
-3164.62 3531.06 1
-3208.28 3617.95 1
-3184.92 3622.44 0
-2861.05 3643.22 0
-3195.83 3808.44 1
3923.3 5225.77 1
