-33.1901 -41.0778 0
-57.78 -73.3581 0
46.8341 19.5029 0
116.757 -19.6591 0
-147.152 82.3197 0
-85.5472 154.245 0
-112.98 213.06 0
-38.3226 273.836 0
-26.4095 234.688 0
-30.197 194.182 0
-7.69133 185.785 1
-79.5946 298.549 1
-144.877 283.187 0
-170.284 282.285 0
-117.361 282.51 0
-318.962 104.401 0
-318.697 112.976 0
-327.613 69.9826 0
-335.559 84.3238 0
-391.607 111.115 0
-211.732 127.361 1
383.812 110.595 1
750.568 -106.292 0
745.722 -142.906 0
508.885 -112.927 0
499.439 -114.112 0
467.074 -175.532 0
453.659 -166.666 0
464.006 -152.213 0
294.66 -330.221 0
392.408 -226.424 0
384.596 -219.912 0
241.089 -253.372 1
-11.9688 -235.089 1
-234.764 -160.525 0
-185.714 -383.546 0
274.458 -328.921 0
293.424 -268.834 0
360.948 -269.026 0
345.479 -263.636 0
34.2565 -180.246 0
11.2624 -149.236 0
20.0097 -197.68 1
-527.247 -567.862 1
-467.447 -519.377 0
-459.906 -518.48 0
-485.385 -465.509 0
-521.902 -446.108 0
-517.111 -417.541 1
-502.961 -384.104 1
-522.877 -338.877 0
-487.11 -325.487 0
-540.293 -317.694 1
-640.572 -315.223 1
-665.718 -290.78 0
-670.039 -315.509 0
-682.141 -316.961 1
11723.8 1803.63 1
11766.7 1740.48 0
11707.3 1471.33 0
11738.1 1523.92 0
11770.7 1518.49 0
11848.9 1574.74 0
11855.4 1537.78 0
11843.8 1644.78 0
11823.1 1653.68 1
11811.2 1639.3 1
11739.8 1476.94 0
12109.9 1446.58 0
12157 1445.51 0
12427.8 295.565 0
12451.1 254.946 0
12478.8 219.482 0
12503 210.323 1
12569.9 222.187 1
12603.2 223.68 0
12636.8 230.709 0
12737.7 250.432 0
12744.4 326.186 1
12516.4 427.374 1
12735 628.184 0
12795.7 597.553 0
12803.9 521.23 0
12769.3 628.485 0
