21.0977 10.7344 0
24.9397 -27.0058 0
33.7438 -18.9296 0
-42.1756 -23.9733 0
-7.77531 46.7348 0
0.172108 107.23 0
97.8554 174.7 0
40.0896 180.118 0
77.1574 210.595 0
74.8 219.263 0
87.0085 233.252 0
93.7746 117.411 0
-169.944 61.7047 0
-215.675 178.538 0
-232.684 221.963 0
-224.838 267.715 0
-260.788 285.708 1
-205.232 309.201 1
-197.93 257.878 0
-182.195 211.768 0
-50.6704 -12.5532 0
28.201 -115.253 0
7.5285 -167.586 0
72.8826 -171.161 0
-307.595 -6.17516 0
-364.535 193.143 0
-517.25 222.466 0
-408.499 244.448 0
-360.73 219.515 0
-325.841 221.414 0
-296.48 213.966 0
111.357 192.887 0
120.39 180.784 0
286.517 -110.654 0
229.969 479.154 0
266.293 570.784 0
266.631 624.54 0
286.945 617.493 0
379.397 501.912 0
413.98 409.652 0
374.512 331.987 0
420.887 293.172 0
492.249 286.266 0
533.199 322.887 0
467.715 293.573 0
476.372 287.146 0
480.301 284.893 0
521.297 246.92 1
1037.98 -390.541 1
1018.2 -385.601 0
963.516 -323.179 0
886.401 -318.044 0
804.352 -224.394 0
803.827 -160.86 0
743.51 -197.173 0
741.722 -150.097 0
843.906 -19.1872 0
860.21 -538.14 0
884.249 -523.482 0
1380.36 -1670.74 0
1349.97 -1648.34 0
1315.7 -1622.99 0
1307.3 -1615.51 0
1282.34 -1640.81 0
1262.22 -1637.96 0
1244.73 -1704.55 1
1192.11 -1707.25 1
1161.02 -1629.43 0
1285.36 -1468.31 0
1206.34 -1477.88 0
1196.93 -1477.12 0
1217.81 -1476.6 1
1190.14 -1439.11 1
1175.87 -1450.04 0
1195.75 -1426.38 0
535.842 -1119.5 0
499.198 -1090.47 0
449.23 -1060.65 0
439.857 -978.128 0
492.013 -967.691 0
476.505 -954.403 0
427.668 -872.834 0
423.852 -835.049 0
417.4 -813.648 0
304.158 -423.566 0
318.802 -352.405 0
-209.077 -288.068 0
-208.691 -270.414 0
-169.741 -405 1
196.208 -589.724 1
197.728 -613.907 0
170.349 -643.192 0
155.551 -643.533 0
-42.4491 -692.038 0
-74.4947 -701.613 0
48.7479 -691.084 0
-848.322 -425.253 0
-712.182 -542.907 0
-739.896 -509.354 1
-715.278 -500.887 1
812.955 -1144.2 1
773.408 -1177.83 0
792.835 -1229.67 0
827.245 -1257.46 0
831.021 -1296.05 0
618.869 -1392.03 0
1087.67 -1144.22 0
1141.37 -1149.68 0
1125.42 -1145.23 0
1158.12 -1153.9 0
1891.15 -1354.64 0
1926.46 -1585.84 1
1861.06 -1655.81 0
1928.8 -1642.71 0
1896.16 -1624.11 0
