25.5238 -1.08081 0
52.2794 7.92225 0
77.1382 38.6594 0
151.98 -15.63 0
114.872 87.0344 0
81.8492 70.5456 0
160.858 201.371 0
245.976 138.587 0
244.378 122.195 0
253.134 104.992 0
297.657 40.4695 0
170.131 9.20818 0
204.77 -4.97717 0
212.936 15.2177 0
210.126 24.4332 0
54.2893 9.54916 0
424.098 -34.921 0
467.384 -231.328 0
461.451 -224.162 0
459.438 -226.873 0
436.165 -197.528 0
434.604 -204.286 0
413.481 -160.135 1
362.599 -149.133 1
546.864 -137.499 0
587.755 -0.306961 0
558.786 67.4367 0
519.953 160.352 0
480.552 169.765 0
447.297 142.595 0
458.521 125.186 0
458.403 64.1013 0
369.344 7.41577 0
248.166 13.9235 0
240.194 -63.5352 0
322.987 -110.365 0
479.746 -79.3888 0
354.088 -87.8968 0
459.005 -62.1943 0
458.949 -55.6059 0
299.492 3.19982 0
310.263 -22.782 0
145.897 -38.0172 1
-2658.04 -124.573 1
-2676.06 -131.035 0
-2433.4 -6.61832 0
-2433.23 -36.538 0
-2342.82 19.0552 1
-62241.4 1925.21 1
-62274 1928.24 1
-61810.2 1909.09 0
-61855.5 1781.32 1
-62770.5 1669.44 1
-62976.3 1640.58 0
-62062.6 2320.35 0
-66597.9 2395.55 1
-66553.5 2384.61 0
-158902 -10169.8 1
-158863 -10187.2 0
-158884 -10236.6 1
-158904 -10243.9 0
-158903 -10240.9 0
-158951 -10217.8 0
-158933 -10157.5 1
-158874 -10141 1
-158854 -10165 0
-158805 -10170.3 0
-158759 -10187.3 1
-154527 -9297.63 1
-154584 -9241.36 0
