12.4804 3.89959 0
-24.8071 -1.71951 0
21.5452 -23.1476 0
48.5515 -11.7034 0
79.3493 -7.26796 0
100.219 -30.5983 0
125.161 -59.7043 0
154.478 -131.241 0
131.678 -101.355 0
139.335 -107.338 0
28.3325 -69.1532 0
46.8794 -53.3707 0
54.5031 -15.506 0
50.6835 41.9631 0
31.1687 109.009 0
95.6575 179.239 0
250.851 284.359 0
425.403 330.072 0
380.708 352.756 0
403.887 360.392 0
399.785 352.882 0
407.05 294.394 0
384.357 259.232 0
377.276 252.378 0
187.306 321.05 0
188.664 391.267 1
291.925 -108.274 1
256.152 -48.9455 0
255.607 5.86585 0
243.82 14.3637 0
323.476 50.5084 1
284.169 17.1945 1
275.666 18.2012 0
276.028 72.7715 0
240.167 149.695 0
419.784 9.96594 0
481.42 -2.77368 0
506.204 -22.9673 0
452.826 3.898 0
509.922 -23.3964 0
683.873 -189.967 0
670.33 -189.705 0
