6.77679 8.12113 0
22.2653 -15.1444 0
15.5983 8.3441 0
59.6317 -45.1985 0
46.3963 27.2675 0
-101.131 76.5016 0
-74.0992 12.2111 0
50.2951 -41.1184 0
66.7134 -38.4474 0
63.4436 169.418 0
147.584 -15.8691 0
654.061 -502.07 0
658.682 -482.018 0
690.443 -421.782 0
740.427 -459.783 0
631.273 -385.124 0
675.639 -367.839 0
544.552 -424.428 0
507.93 -428.224 0
482.919 -419.951 0
442.116 -272.341 0
447.161 -270.336 0
491.447 -250.757 0
234.763 -512.579 0
559.018 -457.845 0
378.299 -467.06 0
435.191 -260.52 0
534.019 -565.929 0
582.087 -442.588 0
556.229 -267.575 0
547.164 -141.484 0
638.438 -278.544 1
618.701 -337.388 1
915.703 -379.039 0
953.237 -315.179 0
935.272 -213.141 0
937.371 -272.136 1
1104.63 -278.515 1
1186.23 -228.178 0
1306.17 -385.469 0
1341.32 -373.894 0
1618.38 -758.205 0
1707.63 -948.734 0
1717.69 -917.013 0
1698.37 -907.12 0
1682.38 -1006.81 0
1587.59 -971.983 0
1498.57 -865.474 0
1468.65 -819.021 0
1472.69 -791.932 0
1526.83 -783.425 0
1623.01 -856.735 0
1631.86 -883.814 0
1546.68 -847.945 0
1569.67 -808.677 0
1509.69 -813.595 0
1515.3 -761.523 0
