157.719 -6.15806 0
127.817 -8.73607 0
147.874 -58.5217 0
121.456 -85.7186 0
61.2765 -207.475 0
275.446 -208.47 0
220.95 -201.157 0
207.58 -109.474 0
225.516 -119.849 0
269.995 -113.829 0
302.084 -129.223 0
346.329 -147.777 1
427.18 -281.447 1
386.464 -210.3 0
365.168 -215.386 0
327.63 -142.302 0
312.23 -87.4325 0
337.112 -85.8735 0
417.422 -114.073 0
613.979 -216.729 0
555.94 -242.715 0
651.642 -151.414 0
607.599 -65.3181 0
573.879 39.2278 0
525.693 131.103 0
509.576 137.709 0
512.403 111.695 1
458.488 119.842 1
701.306 -198.531 0
632.022 -165.283 1
489.713 -269.561 1
540.269 -246.803 0
833.054 -95.7155 0
906.583 -202.036 0
890.916 -196.349 0
1088.5 -455.979 0
1094.74 -453.054 0
1086.91 -415.912 0
1071.77 -377.155 0
1130.9 -415.248 0
1274.52 -484.85 0
1342.2 -425.913 0
1421.58 -479.379 0
1378.84 -480.05 0
1378.13 -507.085 0
1410.19 -588.01 0
1456.37 -601.634 0
1539.2 -586.941 0
1580.16 -649.58 1
