-11.5536 11.4612 0
-35.2241 16.1928 0
151.178 45.5178 0
154.474 100.781 0
130.489 104.51 0
97.3627 138.084 0
64.0652 137.149 0
-63.552 115.251 0
170.878 8.55736 1
143.657 9.32697 0
184.619 45.4098 0
14.7403 -41.8696 0
-10.0322 -61.7055 0
-70.8044 -109.55 0
-63.1439 -92.262 0
5.64799 -58.4639 0
91.1374 -146.945 1
-134.271 23.8478 1
-99.3372 34.0217 0
-9.79028 54.5125 0
80.5801 57.5493 0
85.5482 64.8991 0
178.848 -609.984 0
354.451 -610.748 0
345.117 -530.093 0
362.18 -487.602 0
318.305 -418.698 0
317.954 -390.716 0
522.012 -173.712 0
583.54 -239.743 0
554.181 -273.551 0
626.411 -303.624 0
640.649 -298.687 0
950.403 -404.097 0
898.938 -472.686 0
804.244 -381.138 0
817.216 -367.621 0
830.779 -354.53 0
862.899 -368.94 0
814.95 -352.954 0
725.699 -580.759 0
724.922 -616.308 0
643.372 -633.055 0
621.648 -703.021 0
615.349 -719.317 0
385.21 -687.717 0
357.197 -585.689 0
333.307 -526.225 0
327.183 -481.468 1
315.833 -442.126 1
601.547 -378.572 0
653.849 195.267 0
681.819 181.62 1
785.379 187.694 1
1708.5 -481.163 0
1628.84 -512.056 0
1624.71 -515.809 0
