-263.172 -104.653 0
-559.77 -43.648 0
-421.871 -57.4265 0
-401.496 -14.2665 0
-393.688 119.253 0
-349.957 147.676 0
-387.247 164.907 0
-420.601 230.578 0
-521.239 358.27 0
-488.516 326.935 0
-499.09 317.264 0
-730.566 318.82 0
-352.794 287.867 0
-236.373 348.951 0
-247.009 391.748 0
-293.123 373.152 0
-311.612 318.284 0
-337.889 261.367 0
-324.783 262.234 0
-240.671 333.196 1
-223.937 324.761 1
-216.876 317.035 0
-72.2824 422.093 0
-31.7746 299.621 0
379.938 -280.649 0
399.849 -321.886 0
361.789 -285.017 0
338.71 -300.55 0
322.233 -343.191 0
672.644 -481.864 0
692.415 -474.644 0
726.257 -457.097 0
769.409 -462.01 0
719.662 -460.647 0
754.501 -433.957 0
736.947 -403.823 0
697.334 -390.517 0
292.193 -221.178 0
238.44 -208.747 1
690.414 -565.469 1
712.686 -530.369 0
733.691 -549.304 0
741.607 -538.009 0
1304.05 -608.563 0
1252.26 -479.79 0
1230.17 -469.068 0
1193.88 -514.948 0
1178.18 -488.563 0
1240.91 -508.506 0
1303.8 -473.142 0
1137.67 -381.613 0
1137.1 -315.411 0
1104.03 -256.868 0
1125.81 -175.241 0
1131.08 -139.101 0
1140.4 -116.062 1
1192.16 -129.164 1
1218.46 -144.371 0
1225.59 -167.372 0
1250.25 -210.344 0
1258.34 -252.607 0
1293.85 -308.488 0
1331.85 -326.348 0
1344.43 -303.639 0
1354.1 -269.415 0
1386.74 -209.92 0
1393.27 -176.464 0
1812.86 -312.45 1
1551.66 -390.381 0
1548.45 -376.88 0
1550.45 -456.166 0
1647.94 -456.181 0
1736.53 -458.397 1
764.046 -292.583 1
774.38 -264.756 0
1553.88 -192.901 0
1591.96 -456.067 0
1545.36 -436.282 0
1510.84 -440.253 0
1464.5 -386.589 0
1431.6 -364.449 0
1415.44 -264.015 0
1377.6 -235.941 0
1391.89 -216.063 0
1411.93 -211.284 1
1324.08 -434.992 1
1297.67 -516.187 0
1432.43 -504.994 0
1445.74 -546.529 0
