-18.7798 -21.02 0
-7.10194 134.829 0
6.73189 163.783 1
80.9985 -196.03 1
75.6892 -203.144 0
71.3894 -193.058 0
96.5329 -380.71 0
97.249 -425.288 0
157.797 -421.917 0
47.1943 -452.287 0
20.31 -394.331 1
70.7878 -258.882 1
112.838 -246.542 0
151.092 -230.653 0
146.923 -74.0225 0
116.934 4.02993 0
47.526 41.9478 0
97.8358 7.7612 0
166.715 -62.4714 0
310.067 -283.763 0
185.786 -171.674 0
159.864 -71.9984 0
155.458 -87.3531 0
181.725 -138.114 0
237.114 -129.383 0
274.966 -188.867 0
570.576 183.185 0
546.745 167.202 1
600.194 184.221 1
533.159 348.64 0
495.902 329.731 0
634.079 357.701 0
618.107 360.524 0
598.582 364.997 0
-931.855 203.854 1
-939.611 215.141 0
-963.443 201.244 0
-941.643 243.279 0
-887.213 249.045 0
-867.211 249.924 0
-745.701 258.086 0
-830.055 239.61 0
80.9196 524.625 1
114.414 22.4481 1
25.2548 28.3819 0
-357.665 587.513 0
-277.028 1071.26 0
-331.138 1111.45 1
-302.708 1138.71 1
524.613 548.212 1
547.047 451.294 0
548.537 421.398 0
557.52 385.485 0
575.891 405.257 0
673.838 441.69 0
699.723 433.592 0
713.568 417.293 0
697.729 401.617 1
