3.3074 24.632 0
-37.9953 83.702 0
-3.50305 127.37 0
8.5553 123.451 0
18.7483 125.062 1
3.9887 72.4483 1
-10.2084 26.8553 0
68.0084 143.403 0
85.7703 218.806 0
43.1317 268.987 0
0.0937271 401.153 0
356.741 -10.6909 1
335.488 -27.8325 0
319.016 -41.3773 0
380.719 -4.50845 0
345.206 99.7735 0
302.278 7.16898 0
336.742 44.8218 0
392.546 48.8704 0
337.122 53.0012 0
345.542 34.1852 0
298.818 -36.684 0
266.896 -127.824 0
288.664 -205.673 0
299.316 -282.936 0
339.033 -253.294 0
366.759 -274.952 0
212.103 51.5798 0
707.727 -744.579 0
666.491 -440.271 0
617.942 -363.855 1
252.402 -520.178 1
238.369 -490.602 0
203.137 -521.031 0
186.51 -484.832 0
217.954 -453.265 0
245.832 -496.892 1
307.88 -477.64 1
360.536 -522.657 0
372.9 -502.491 0
352.508 -460.792 0
340.212 -427.505 0
322.343 -382.561 0
470.126 -318.216 0
1933.07 65.7874 0
