50.3131 98.0726 0
40.522 175.021 0
106.284 112.267 0
158.392 130.781 0
83.1405 188.623 0
102.403 228.097 0
26.1134 264.382 0
-7.59474 271.309 0
36.7233 278.105 0
55.2089 291.228 0
71.5324 310.39 0
162.697 125.71 0
150.082 143.34 0
151.628 121.896 0
43.897 452.291 0
5.75708 378.815 0
12.9861 196.625 0
-33.961 432.96 0
-72.8444 615.96 0
144.187 386.275 0
163.526 428.058 0
189.772 552.25 0
226.926 574.652 0
138.643 673.946 0
75.9705 700.766 0
101.453 677.02 0
131.357 683.395 0
164.967 496.25 0
298.233 504.838 0
325.741 483.571 0
341.973 494.202 0
339.607 541.235 0
391.068 619.747 0
363.415 625.506 0
372.199 698.318 0
373.959 609.921 1
306.308 575.259 1
242.895 656.085 0
399.042 575.18 0
377.896 554.128 0
374.065 547.922 0
399.448 726.362 0
546.266 976.159 0
497.144 554.112 0
525.902 570.935 0
560.768 593.519 0
1677.65 902.944 0
1756.84 834.694 0
1752.18 984.314 0
1740.75 984.779 1
1836.35 521.646 1
1766.62 546.299 0
1939.65 561.678 0
1929.11 529.65 0
1922.64 613.352 0
1973.22 604.235 0
2230.65 467.171 0
3303.64 -200.594 0
3262.13 -428.659 0
