134.711 7.72936 0
4.26665 36.2975 0
-111.938 220.606 0
-193.974 467.456 0
-216.818 741.028 0
-214.522 650.252 0
-186.43 534.663 1
-303.724 491.404 1
-144.06 1091.46 0
-133.287 1098.02 1
-71.3058 946.951 1
22.8281 943.536 0
-15.7192 948.434 0
-51.6937 1146.86 0
-61.9412 1176.55 0
11.7301 1268.84 0
26.0835 1484.17 0
91.5442 1485.69 0
124.357 1511.69 0
192.15 1443.67 0
167.237 1254.35 0
324.364 885.532 0
346.448 866.891 0
326.883 992.413 0
305.923 1088.86 0
312.284 1146.16 0
336.051 1152.02 0
347.909 1106.87 0
412.508 1131.81 1
180.753 1177.56 1
-114.388 1457.64 0
-53.7928 1336.6 0
-4.6611 1285.74 0
9.0878 1289.38 1
104.537 1324.4 1
124.313 1400.06 0
72.5649 1450.75 0
68.0275 1451.98 0
103.968 1838.65 1
508.949 1886.6 0
451.975 1920.24 0
500.645 1857.26 0
508.286 1835.32 0
571.508 1847.07 0
2943.79 1145.69 0
