28.5691 -45.2468 0
-42.9247 -15.3979 0
-49.5862 59.5976 0
-55.7418 64.7539 0
-69.5058 77.013 0
-82.9569 89.8821 0
-154.325 152.23 0
-92.5216 91.8309 0
-103.779 98.789 0
-104.238 119.74 0
-181.089 202.96 0
-145.845 190.851 0
-137.794 132.878 0
-97.2773 75.9746 0
-120.428 66.9099 0
-89.9717 -66.7482 0
-53.1616 -86.4968 0
-7.23356 -69.6775 0
37.3038 -84.2748 0
60.6991 -78.5325 0
50.6202 -67.4351 0
63.4193 -27.2532 0
30.2456 50.4248 0
-85.0076 222.863 0
55.1433 111.787 0
-195.542 145.176 0
-183.277 163.923 1
952.368 355.576 1
916.401 380.995 0
880.372 426.606 0
886.925 426.771 0
867.223 452.862 0
774.721 521.285 0
872.446 463.45 0
779.839 548.717 0
722.356 553.652 0
684.036 587.713 1
266.124 32.4138 0
335.564 -460.946 0
435.72 -144.297 0
703.489 -184.128 0
650.184 -99.8742 0
650.869 1.04928 0
824.314 69.9382 0
817.055 177.491 0
796.183 211.93 0
820.547 366.028 0
788.413 451.542 1
760.68 425.082 1
774.308 436.249 0
766.241 411.773 0
763.126 388.379 0
781.995 360.044 1
1135.48 535.613 1
1139.84 517.132 0
1203.24 480.032 0
1127.85 537.2 0
1294.66 583.285 0
1412.07 344.067 0
1409.11 269.261 0
1455.51 225.298 0
1417.77 181.969 0
1408.53 304.724 0
1433.01 455.276 0
1352.31 444.419 0
1334.79 447.914 0
1431.56 401.008 0
1342.57 351.525 1
1633.41 856.926 1
1550.38 1071.47 0
1473.96 1235.95 0
1594.53 1125.89 0
-216.24 1922.06 1
-341.965 1990.05 1
-1340.14 2416.58 1
-1424.48 2469 1
-1371.74 2520.68 1
-449.649 2058.01 0
-1617.79 2468.6 0
-1798.6 2551.85 1
7803.83 1666.25 1
