49.8161 -23.5778 0
136.853 -67.8747 0
121.328 -48.1078 0
84.9229 -76.5573 0
-13.7673 -10.3287 0
-86.7122 11.1528 0
-15.6881 25.0068 0
33.4701 -5.95547 0
-22.1339 22.1707 0
41.6197 13.7923 0
-65.0359 36.4408 0
-96.1601 74.3048 0
-161.823 129.948 0
-324.225 141.462 0
-380.32 278.811 0
-393.977 331.991 0
-366.351 440.367 0
-331.145 432.423 0
-148.276 288.012 0
-114.245 323.126 0
-65.4352 348.356 0
-65.6006 334.632 0
-66.9026 411.472 0
-75.5705 480.808 0
-126.916 498.545 0
-195.965 559.589 0
-118.313 433.304 0
-93.8028 335.036 0
-45.079 326.904 0
-28.1699 355.489 0
-40.2661 335.715 0
-57.2298 357.944 1
179.55 193.754 1
146.055 193.152 0
116.383 227.951 0
97.0791 208.337 0
106.503 253.207 1
138.6 171.752 0
145.504 152.637 1
647.018 133.85 0
626.829 140.645 0
607.309 144.618 0
704.787 62.4879 0
290.471 168.553 0
277.334 145.507 0
311.243 136.615 0
292.253 136.426 0
-5.44815 -11.4684 0
60.3336 -23.0666 0
246.347 -10.0961 1
2757.85 -3724.64 1
1774.27 -3433.77 0
