300.557 48.0383 0
284.971 63.072 0
271.998 149.8 0
213.693 46.4789 0
188.206 75.2953 1
475.008 -189.488 1
460.402 -140.465 0
470.666 -64.7651 0
423.14 -49.7987 0
344.919 -0.0986252 0
306.133 56.5256 0
665.443 131.177 0
681.139 122.579 0
690.508 108.555 0
737.398 135.205 0
722.192 123.107 0
699.202 106.977 0
829.222 105.511 1
846.758 53.3071 1
843.5 36.6007 0
890.155 113.32 0
895.72 228.047 0
1128.74 46.8657 0
1140.19 88.3138 1
1135.11 -3.77579 1
1129.79 -15.0324 0
1095.21 -35.7642 0
1094.08 -63.8905 1
1169.58 11.3955 1
1195.1 128.98 0
1225.96 200.849 1
