-19.0133 26.1496 0
26.5723 42.9114 0
1294.05 143.494 0
1448.46 83.4068 0
1414.24 61.267 0
1206.94 97.7671 0
1199.88 70.7757 0
1218.91 26.7733 0
1223.76 -55.8718 1
1106.78 -177.146 1
1015.28 -161.38 0
1037.82 -109.347 0
1021.3 -35.0286 0
1054.23 60.565 0
1281.56 161.542 0
1281.83 160.521 0
1307.89 174.033 0
1302.82 179.208 0
1387.19 129.724 0
1345.66 90.4132 0
1301.1 100.34 0
1210.81 86.234 0
1365.97 36.2984 0
1376.66 -6.83519 0
1458.85 -48.5337 0
1437.77 45.2691 0
1420.72 38.4349 0
1337.88 -13.5318 0
1377.3 -148.929 0
1329.87 -78.0434 0
1324.56 -82.896 0
1424.78 -180.383 1
1501.84 -203.49 1
1135.65 -86.7737 0
1075.38 -37.5411 0
973.462 199.834 0
1029.17 341.246 0
886.433 537.909 0
944.508 698.963 0
950.507 412.191 0
977.582 494.178 0
973.981 551.826 0
1014.72 737.96 0
942.834 775.006 0
954.289 754.803 0
955.733 673.677 1
909.207 726.689 1
887.872 683.557 0
910.033 618.685 1
1168.24 207.228 1
1257.29 171.874 0
1238.06 168.521 0
1255.5 178.873 0
1010.16 259.906 0
996.721 311.142 0
1015.46 348.49 0
1029.39 345.119 0
1015.77 383.048 0
945.81 467.767 0
911.502 757.969 0
-7282.17 19545.2 0
-7209.19 19419 0
-7211.78 19414 1
-7132.43 18520.7 1
-7122.25 18545.4 0
-7091.35 18563.1 0
-6944 18547.2 0
-6821.61 18568.4 0
-6787.05 18590.6 0
-7632.79 18518.6 0
-7532.27 18576.8 0
-7438.7 18339.4 0
-7335.88 18302.9 0
-7140.12 18201.5 0
-6971.84 18132.8 0
-6847.47 19047 0
-6875.18 19072.3 0
-6951.25 19071.8 0
-6926.87 19050.9 0
-6932.92 19047 0
-6895.47 18998.8 0
-6790.74 18994.8 0
-8139.08 19320.5 0
-7867.82 18842.3 1
-6442.78 18545.4 1
-6440.27 18527.3 0
-6376.47 18477.1 0
-6370.02 18428.6 0
