-13.4788 63.2468 0
115.292 83.5687 0
94.7034 56.5121 0
100.075 55.7358 0
-60.8686 -184.56 0
-45.1998 -178.032 0
-14.7699 -180.056 0
-37.6701 -229.328 0
42.9677 -243.249 0
113.09 -245.886 0
191.468 -247.442 0
256.867 -296.245 0
294.234 -357.57 0
332.228 -384.266 1
299.233 -368.992 1
357.44 -320.949 0
359.912 -305.667 0
377.154 -294.563 0
385.252 -261.36 0
453.654 -227.55 0
520.561 -220.466 0
858.919 -138.254 0
895.344 -114.679 0
934.827 -128.811 0
997.16 -148.876 0
1025.54 -162.746 0
1031.28 -227.392 0
997.405 -158.859 0
997.11 -206.022 0
1029.3 -210.726 1
1054.25 -213.456 1
970.433 -361.202 0
1006.09 -282.128 0
1029.89 -226.234 0
1045.9 -181.844 0
1123.14 -190.369 0
1091.36 -202.204 0
1136.2 -200.481 0
1207.62 -227.23 0
1219.41 -227.186 0
1217.8 -216.75 0
1081.33 38.9373 0
1120.2 25.637 0
1390.39 -236.987 0
1354.58 -208.605 0
1395.72 -371.79 0
1389.29 -311.071 0
1377.91 -274.717 0
1383.62 -438.632 0
1452.19 -520.234 0
1284.61 -420.922 0
1736.53 -942.728 0
2113.33 -523.481 0
1953.77 -1129.5 0
2442.28 -1005.87 0
2565.84 -2355.03 0
2527.09 -2306.7 0
2514.92 -2167.06 0
1897.77 -1924.21 0
1384.09 -1827.66 1
1410.32 -1910.4 1
1520.77 -1959.2 1
1631.73 -1973.41 1
1449.58 -1853.5 1
3150.79 -1792.06 1
