60.853 -6.25847 0
88.6006 -11.6433 0
121.535 12.6174 0
321.545 21.319 0
402.948 -81.0765 0
547.11 -59.6224 0
615.965 -7.54693 0
648.91 -19.1781 0
645.814 56.7997 0
639.342 -21.6074 0
576.356 -87.7959 0
550.006 -103.606 0
601.309 -102.204 0
351.272 26.0353 0
343.626 69.4526 0
357.994 67.7178 1
346.835 60.8796 1
407.509 26.8782 0
444.329 21.2881 0
396.11 48.4234 0
560.279 98.6023 0
593.863 15.7699 0
593.037 138.901 0
694.82 -199.697 0
642.47 -180.394 0
600.378 -147.775 0
365.206 32.675 0
574.083 87.9909 1
610.772 118.764 1
653.033 82.5715 0
693.323 71.1175 0
682.682 60.1191 0
639.506 -2.2535 1
2757.3 366.751 1
2695.31 371.025 0
2712.17 305.175 0
2706.84 307.393 0
2694.5 276.309 0
2735.83 307.08 0
2753.22 365.538 0
3374.79 575.852 0
3280.53 569.892 0
3339.64 602.259 0
3321.12 555.492 0
2897.34 435.96 0
2890.34 407.543 0
2891.63 381.811 1
828.55 -980.795 1
785.626 -1015.78 0
770.763 -1021.84 0
728.98 -1058.39 0
886.528 -1137.59 0
1330.01 -1139.95 0
1282.04 -963.55 0
1361.97 -680.491 0
1319.67 -578.566 1
1150.09 -872.396 1
2321.9 -1208.54 0
2283.9 -1224.16 1
2128.27 -1191.36 1
2104.57 -1430.81 0
1748.74 -1054.28 0
1861.1 -1401.6 0
1964.46 -1459.64 0
2036.34 -1451.9 0
2093.58 -1504.01 0
2123.27 -1493.56 0
2103.56 -1463.02 1
3490.65 469.56 1
3440.79 539.597 1
3466.51 476.311 0
3491.54 426.29 0
3483.3 464.614 0
3438.96 505.896 0
3431.21 434.316 1
2700.83 -946.25 1
2712.8 -916.723 0
2665.77 -836.615 0
2722.39 -797.488 0
2689.55 -791.951 1
2748.33 -773.611 1
2782.86 -805.632 0
2889.31 -713.433 0
2896.99 -745.513 1
4392.85 -1018.43 1
4383.25 -1000.78 0
