-143.042 118.34 0
-115.397 99.0066 0
-5.26388 -4.51974 0
-15.2502 10.5932 0
-5.20253 50.3869 0
13.8936 36.1414 0
78.0621 63.0647 0
39.1456 109.13 0
-49.0698 -254.828 0
-58.9556 -213.664 0
-81.7752 -154.453 0
-251.559 -143.464 0
-226.579 -152.395 0
-203.081 -210.973 0
72.6875 -255.988 0
152.148 -308.713 0
167.096 -286.178 0
166.626 -277.169 1
174.174 -112.011 1
186.138 -146.836 0
206.052 -151.919 0
203.205 -78.4042 0
191.767 -155.44 0
195.166 -336.304 0
177.261 -349.226 0
225.569 -379.464 0
112.079 -394.494 0
163.894 -433.366 0
96.4267 -489.798 0
-18.5843 -472.66 0
-6.17388 -465.412 0
318.739 -540.524 0
281.66 -520.718 0
277.804 -487.997 0
379.616 -672.518 0
426.245 764.96 0
412.229 757.602 0
378.478 857.405 1
-2801.29 2460.49 1
-2933.55 2514.42 1
-3923.83 7893.47 1
-3970.03 8082.5 0
-4169.47 8018.97 0
-4423.17 8120.03 0
-3476.08 8343.42 1
-8111.18 9060.82 0
-8251.67 9062.2 0
-8311.28 9065.91 0
-8119.48 9049.88 0
-12445.1 9038.79 0
-12356.4 9038.59 0
-12403.8 9022.35 0
-12404.6 9017.13 0
-12432.7 9031.95 0
-11599.6 8519.51 0
-11586.7 8509.59 0
-11568.6 8518.48 0
-22907.6 2613.86 0
-22917.3 2590.91 0
-22754.9 2687.07 0
-22538 2688.1 0
-23744.1 2967.78 0
-23026.1 1234.18 1
-23052.8 1251.89 0
-32787.7 8051.34 0
-32827.7 8066.73 0
