-11.7609 -7.0238 0
-39.6425 37.0496 0
-49.1013 86.1297 1
12.6992 217.518 1
-39.0298 231.346 0
-61.328 263.349 0
-61.2658 353.527 0
-15.2588 414.716 0
-84.2955 422.513 0
-63.9927 485.729 0
-62.5342 474.69 1
68.3723 174.073 1
100.057 108.082 0
84.4575 128.02 0
69.2938 126.179 0
133.584 750.099 0
162.715 714.023 0
179.888 701.307 0
221.967 624.684 0
246.249 564.252 0
271.759 501.38 0
289.931 466.068 0
283.495 418.647 0
250.41 527.532 0
323.799 615.422 0
314.197 793.344 0
257.479 846.857 0
362.041 1018.58 0
422.445 982.241 0
439.469 929.5 0
465.595 752.165 0
497.205 822.74 0
549.553 818.052 0
697.933 577.108 0
699.024 606.241 0
519.622 718.798 0
435.13 726.204 0
657.999 698.39 0
614.44 725.74 0
