-2.06773 9.59134 0
-11.1599 26.1567 0
29.2426 52.2057 0
643.466 48.946 0
504.997 305.143 1
546.282 413.092 1
565.485 356 0
548.603 328.061 0
555.233 268.25 0
536.441 260.313 0
504.977 218.989 0
485.179 199.711 1
232.062 274.524 1
362.313 278.128 0
372.26 267.671 0
423.857 268.872 0
316.543 280.47 0
389.131 222.288 0
414.448 176.043 0
405.433 171.108 0
387.625 314.444 0
494.898 306.992 0
552.851 348.442 0
663.886 277.423 0
732.468 274.704 1
714.834 290.902 1
760.757 306.71 0
806.368 288.887 0
710.931 173.579 0
692.662 191.345 0
712.604 266.952 0
737.192 300.553 0
777.747 323.12 0
683.048 311.622 0
736.263 345.494 1
884.413 67.8225 1
924.838 53.7664 0
927.629 -27.6992 0
921.41 -59.7514 0
701.577 -357.121 0
678.901 -346.212 0
642.792 -344.971 0
683.352 -313.562 0
678.343 -254.056 0
811.807 46.4871 0
1094.25 -517.685 1
1130.88 -597.448 0
996.828 -1194.51 0
1071.23 -1171.34 0
1095.12 -1123.39 0
1044.83 -1196.4 0
1078.46 -1079.88 0
1185.39 -886.18 0
1175.87 -781.433 0
1162.18 -693.119 0
1142.96 -640.68 0
1172.6 -674.536 0
1203.96 -659.909 0
1399.68 -753.065 0
1272.67 -700.561 0
1313.1 -732.418 0
1334.46 -699.9 0
1350.07 -675.762 1
1334.78 -577.862 1
1437.37 -564.57 0
1459.91 -623.422 0
1468.47 -669.867 0
1453.78 -673.16 0
1405.54 -625.933 0
1522.89 -634.173 0
1503.4 -629.452 0
1523.52 -610.816 0
1604 -698.835 0
1583.92 -662.406 0
