30.4813 93.7955 0
46.3526 96.7218 0
36.3993 35.1617 1
95.3519 -26.9141 1
94.1343 -44.6928 0
156.902 39.5754 0
193.236 199.284 0
114.036 -50.671 0
91.9383 -63.6378 0
44.5635 -120.717 0
84.3275 -207.02 0
211.239 -269.53 0
148.039 1.45337 0
182.715 -231.811 1
275.034 -191.521 0
298.282 -227.121 0
331.231 -202.999 0
229.51 -122.189 0
189.466 -92.9599 0
165.371 -68.7663 0
91.9623 -66.781 0
125.785 -93.7172 0
187.685 -96.3047 0
221.178 -75.3289 0
279.253 -67.7209 0
318.545 -71.387 0
353.772 -92.6169 0
390.105 -127.65 0
424.697 -108.198 0
466.129 -71.1251 0
472.232 -35.0656 0
514.676 570.64 0
483.456 484.313 0
433.81 302.858 0
478.096 218.871 0
509.571 194.208 0
535.913 100.394 0
593.925 157.545 0
631.969 186.873 0
668.536 193.942 0
713.053 309.11 0
715.343 401.888 0
791.412 375.468 1
673.808 715.127 1
670.319 733.81 0
771.174 906.826 0
764.204 852.06 0
816.33 784.243 0
850.521 743.893 0
838.417 735.257 0
823.918 799.119 0
743.571 825.33 0
696.333 796.172 0
585.272 779.763 1
-1832.65 -725.518 0
-1867.78 -781.085 0
-1722.61 -793.668 0
-1760.63 -773.627 0
-1773.17 -772.937 0
-1753.67 -797.659 0
-973.886 1037.92 0
