-24.1409 -89.768 0
-79.9727 -170.894 0
-161.482 -115.802 0
-215.353 -40.7411 0
-170.187 -5.06059 0
-154.532 22.4602 0
-213.561 71.1974 0
-213.197 104.177 0
-193.572 119.342 0
-144.117 44.3925 0
-112.146 -18.1596 0
-186.383 14.0347 0
-382.036 -128.237 0
-397.212 -187.212 0
-385.023 -236.469 0
-356.574 -191.004 0
-286.051 -101.357 0
-241.122 -55.1935 0
-178.769 -50.7302 0
-78.2355 -17.8157 0
-7.50212 -73.6581 0
48.7142 -171.198 0
52.5537 -122.34 0
3.76638 -70.0736 0
89.4171 -126.111 0
150.385 -163.524 0
121.857 -136.901 0
-211.861 -43.6997 0
-157.947 -19.7778 0
-113.099 53.3311 0
-120.669 85.4538 0
-125.939 164.725 0
-104.189 247.049 0
-62.068 316.029 0
-118.566 438.389 0
-108.761 421.353 0
-129.095 422.807 1
-132.59 435.332 1
-227.835 431.86 0
-249.807 449.573 0
-255.314 444.945 0
-76.2266 252.326 0
125.111 183.852 0
67.9328 158.485 0
11.7007 152.558 0
-44.5563 179.409 0
-197.353 211.235 0
-203.968 264.831 0
-213.89 289.84 0
-288.354 421.186 0
-335.192 578.458 0
-315.437 792.059 0
-333.435 850.136 0
-216.329 738.727 0
76.3734 844.875 1
-425.001 1973.58 1
-421.249 1869.13 0
-459.6 1846.12 0
-445.634 2095.38 0
-760.496 3382.87 0
-643.216 15349.8 1
-709.947 15546.4 1
-717.373 15461.1 0
-719.333 15373.6 1
-657.168 15327.1 0
-677.992 15352.9 0
-717.948 15580.2 1
-724.346 15593 0
-766.156 15611.4 1
-744.084 15633.4 1
-699.596 15491.5 0
-684.827 15492.4 0
-670.723 15509.8 0
-627.89 15496.8 0
-601.482 15448.7 0
-637.836 15402.5 1
-640.045 15405.9 1
-685.903 15377.2 0
-715.6 15359.9 0
-732.826 15358.4 0
-729.562 15344 0
-1749.51 15899.2 0
-1777.71 15920 0
-1756.44 15974.1 0
-1602.67 15818.1 0
-1569.58 15764 0
-1579.75 15819.3 0
-1132.91 14692.5 1
-1106.66 14648.3 0
-1151.79 14711.1 0
-1177.65 14744.1 0
-1200.92 14742.6 0
-1210.33 14757.4 1
-1224.98 14705.5 1
-1250.34 14743.7 0
-1088.76 14555.5 0
-1052.19 14655 0
-1013.07 14687 0
-1014.57 14649.9 0
-1103.84 14865.6 1
-330.03 15043.8 1
