8.08581 24.5809 0
11.4269 31.3333 0
-35.5119 31.1491 0
-539.645 -52.5013 1
-577.828 -35.9698 0
-577.576 4.38277 0
-530.775 12.8447 0
-529.039 8.9563 1
-432.22 215.567 1
-453.131 185.619 0
-482.692 178.188 0
-501.554 163.924 0
-504.715 135.696 0
-479.358 145.666 0
-475.555 173.408 0
-702.392 212.215 0
-691.993 192.073 0
-553.249 203.691 0
-542.189 303.094 0
-511.573 350.659 0
-562.078 348.814 0
-646.055 311.387 0
-775.206 409.056 0
-805.798 388.777 0
-810.163 366.027 0
-823.735 334.308 0
-776.331 315.229 0
-672.777 328.934 1
-482.374 354.206 1
209.833 854.022 0
628.387 -1359.25 0
2769.38 -3046.98 0
2784.86 -2989.57 0
2725.81 -3045.13 0
