13.8546 11.8749 0
91.4341 -12.9832 0
100.091 28.1229 0
112.796 -105.564 0
117.254 -188.466 0
86.3851 -115.96 0
95.0908 -26.3726 0
77.3779 58.4496 0
67.9791 136.04 0
87.082 117.408 0
157.554 -103.488 0
135.792 149.626 0
190.228 180.413 0
245.658 88.2478 0
294.173 47.4517 0
348.782 -81.9404 0
403.212 -136.899 0
424.868 -128.971 0
354.772 -112.003 0
350.663 -23.5186 0
529.525 295.251 0
646.214 264.866 0
608.922 169.316 0
524.747 191.879 1
451.605 304.295 1
437.5 324.183 0
455.117 351.929 0
523.468 312.273 0
562.965 273.09 0
595.68 267.622 0
668.139 211.171 0
686.426 243.233 0
896.223 -241.018 0
881.731 -255.534 0
867.126 -275.823 0
869.974 -65.6303 0
831.116 -110.558 0
901.041 116.91 0
1100.45 14.5302 0
1152.11 -208.715 0
1170.48 -212.737 0
1177.32 -266.129 0
1189.52 -334.132 0
1143.72 -369.12 0
1162.73 -370.239 0
1173.91 -352.056 0
1252.19 28.6882 0
1189.64 128.193 1
1568.2 -162.357 1
1572.87 -61.4728 0
