0.840949 -3.13879 0
-43.9801 -10.9961 0
-23.4932 -29.4124 0
-1.6203 -38.9216 0
58.2873 -68.7866 1
24.3514 -12.5535 1
33.0564 -17.6063 0
31.4394 32.5125 0
104.756 47.5071 0
-1501.24 421.09 0
-1891.29 22.6086 0
-1915.77 26.7986 0
-2212.71 60.3964 0
-2221.35 52.6524 0
-2201.55 31.5306 0
-2208.58 30.5808 0
-1808.92 92.4479 1
-2058.97 280.539 0
-2383.28 53.1721 0
-2459.95 80.4262 0
-2294.54 128.93 0
-2309.94 231.466 0
-2241.07 387.665 0
-2235.42 400.364 1
-2274.09 414.979 1
-2282.52 483.547 0
-2350.04 461.346 1
-2388.26 420.849 1
-2374.18 447.501 0
-2405.89 481.671 1
-2031.41 761.143 1
-1942.7 660.106 0
-1951.75 617.727 1
681.566 1003.01 1
703.437 995.841 0
690.872 1043.09 0
707.935 1027.41 1
742.454 955.567 1
799.521 902.744 0
827.548 891.975 0
1049.97 998.796 0
1028.77 980.792 0
655.135 965.512 0
633.857 1028.52 0
646.397 1052.23 0
676.189 1068.4 1
1365.75 903.85 1
1322.48 964.638 0
1327.73 1051.72 0
1304.65 1033.67 0
1307.9 1020.27 1
3077.54 1507.13 1
3063.77 1573.46 0
2998.57 1577.81 0
2711.34 1668.94 1
5286.58 1002.67 1
5264.29 1089.14 0
5750.5 1171.03 1
