-1.40946 -4.85421 0
-80.7471 42.877 0
-137.785 113.173 0
-66.5098 45.4717 0
-48.067 58.804 0
-48.7332 50.3341 0
-14.3924 103.27 1
1.45866 27.8903 1
86.0109 -9.71657 0
165.152 9.93503 0
151.106 19.8352 0
129.152 23.2835 0
74.8198 20.6581 0
96.1729 37.5661 0
-214.778 -101.747 0
-209.239 -67.2569 0
-72.3319 -0.167953 0
94.4677 -38.9238 0
1108.84 287.343 0
1234.72 50.1815 0
1325.37 263.899 0
1368.46 302.342 0
1411.9 315.53 0
1452.9 310.197 0
1550.1 295.565 0
1629.49 321.888 0
1962.34 -31.3587 1
1970.65 -57.1739 0
1987.31 -89.9348 0
2011.7 -75.1298 0
4357.73 -677.734 0
