13.4958 34.04 0
44.0336 60.4203 0
38.5602 46.3933 0
26.0962 17.2759 0
40.9642 -35.2843 0
67.0207 -107.903 0
95.3662 -115.913 0
85.1479 -60.7995 0
32.298 -66.5227 0
-3.67941 -112.277 0
-43.6658 -37.4549 0
-13.3321 -46.0157 0
-9.08963 -3.65158 1
-10.558 -51.4662 0
87.6348 -255.177 1
107.604 -327.306 0
184.398 -285.058 0
169.957 -238.06 0
411.982 -219.411 0
485.544 -410.064 0
345.322 -547.946 0
386.642 -532.749 0
362.52 -558.61 0
326.615 -562.599 0
410.718 -578.241 0
412.588 -538.611 0
403.258 -513.327 0
415.746 -487.737 0
437.461 -503.641 0
442.476 -493.099 0
909.641 -538.891 1
930.479 -477.742 0
945.528 -368.247 0
971.063 -329.391 0
961.789 -329.264 0
978.077 -351.023 0
1086.61 -396.182 0
1127.99 -467.079 0
1036.05 -441.516 0
1037.87 -416.452 0
1020.24 -374.655 0
1001.95 -359.471 0
975.939 -386.454 0
965.044 -343.185 0
1090.56 -290.736 1
882.04 -72.2517 1
898.371 -94.6742 0
868.163 -99.2113 0
875.091 -111.597 0
834.631 -101.9 0
1081.51 -222.509 0
1084.08 -188.047 0
1063.48 -162.64 0
998.475 -134.033 1
1008.22 -55.0859 1
1200.54 92.833 0
1245.08 85.7614 0
1272.69 58.8185 0
1114.57 88.3931 0
1208.5 -94.9866 1
1233.66 -168.046 0
1267.68 -190.631 0
1346.9 -196.034 0
1373.62 -231.121 0
1348.39 -181.977 0
1296.99 -138.646 0
1289.45 -127.136 0
1235.93 -68.8625 0
1161.28 -20.4032 0
1100.37 -33.5292 0
1090.13 -92.0917 1
1209.61 -221.247 1
2524.62 -478.584 0
30986.9 -11744.4 1
106471 -5331.17 0
106777 -1419.52 0
