-8.5544 25.4579 0
-24.2317 54.0007 0
-91.987 177.062 0
-31.3949 63.8719 0
-30.5185 639.196 0
-65.8388 700.432 0
-88.4271 769.264 0
-42.0553 753.796 0
-33.9174 709.761 0
-12.7968 636.378 0
-2.06721 561.025 0
-3.43834 566.846 0
-23.2152 622.342 0
-34.5243 638.081 0
55.8017 464.034 0
75.5979 407.994 0
149.514 269.148 1
130.697 256.123 1
107.578 402.35 0
139.358 544.995 0
243.024 376.836 0
267.622 334.803 0
295.845 355.227 0
341.288 491.08 0
443.753 506.271 0
469.541 514.241 0
432.997 539.338 0
-1091.35 1571.11 1
-1183.96 1708.67 0
-1140.21 1674.55 0
-1138.9 1683.52 0
-769.116 1745.8 1
-759.436 1834.92 1
75.8745 1350.07 1
90.1428 1329.57 0
109.065 1269.03 0
170.231 1216.36 0
439.93 902.159 0
455.324 897.915 0
545.779 679.485 0
589.352 609.527 0
603.186 528.083 0
636.937 522.309 0
324.4 -224.532 1
350.714 -212.318 0
330.582 -224.978 0
377.064 -205.252 0
393.578 -208.75 1
464.272 -135.835 1
530.057 -189.768 0
2373.13 -3640.28 1
6182.97 2759.92 0
