22.684 -77.7938 0
72.0376 12.9823 0
46.4787 0.669722 0
175.757 -37.1833 1
209.584 11.2487 1
194.437 3.45496 0
159.527 151.953 0
139.954 124.362 0
122.257 51.3158 1
250.512 -127.195 1
245.046 -133.662 0
156.156 -165.02 0
244.787 -185.453 0
266.096 -176.181 0
262.036 -149.249 0
275.147 -239.774 0
290.624 -322.932 0
245.631 -341.614 0
298.231 -317.464 0
266.762 -127.75 0
288.125 84.1483 0
319.486 169.09 0
274.947 127.319 0
606.061 573.372 0
591.37 647.988 0
580.964 692.611 0
508.644 549.283 0
473.39 565.474 0
496.515 495.38 0
453.124 526.814 0
461.678 556.06 0
451.175 576.696 0
495.388 573.261 0
518.553 587.62 0
581.334 564.596 0
607.082 531.565 0
629.002 492.773 0
572.73 457.746 0
301.336 563.85 0
344.202 649.883 1
288.412 507.792 1
900.595 847.349 0
921.966 739.885 0
1002.35 720.593 0
1009.72 735.997 0
1007.17 742.207 0
1004.03 747.499 0
1017.03 769.791 0
1118.68 751.582 0
1179.4 747.95 0
1076.08 686.258 0
