44.0094 -9.97519 0
15.6947 36.3619 0
400.177 -43.2458 0
471.38 -157.905 0
541.519 -206.413 0
537.219 -214.589 0
618.214 -267.624 0
881.488 -625.532 0
866.159 -620.71 0
837.451 -615.816 0
821.51 -616.076 0
652.602 -507.388 0
1186.89 -553.937 0
1202.45 -535.89 0
1100.56 -589.21 0
1041.13 -631.314 0
1007.23 -606.172 0
1135.07 -562.737 0
-867.716 -525.67 0
-435.568 -461.69 0
-457.529 -374.532 0
-458.387 -500.425 0
-478.495 -544.452 1
-1186.57 -957.954 1
-1175.76 -931.607 0
-1174.39 -922.21 0
-1193.76 -886.963 0
-1093.42 -783.048 0
-1383.85 -651.483 0
-1350.02 -531.572 0
-1364.2 -1714.44 1
-1400.29 -1815.75 0
-1398.16 -1831.19 0
-1457.98 -1821.16 0
-1519.29 -1766.09 1
-1504.16 -1275.19 1
-1547.04 -1097.45 0
-1726.49 -817.07 0
-2231.36 1837.23 0
-2258.53 1821.39 0
-1999.88 1497.65 0
-1578.98 1578.23 0
-1600.63 1606.89 0
-1686 1715.9 0
-1608.49 1711.81 1
-843.237 1444.64 1
-883.85 1455.28 0
-915.212 1476.45 0
-950.806 1500.24 0
-990.494 1599.64 0
-1026.35 1642.15 0
-1037.74 1706.27 0
-1051.94 1703.21 0
-1128.23 2379.19 0
-1197.94 2387.24 0
-1132.1 2410.05 0
-1031.8 2353.49 1
-17134.2 2353.53 1
-17194.7 2388.5 0
-17228 2411.15 0
-16934.4 2177.39 0
-16871.2 2151.08 0
-16874.3 2137.47 0
-16976.5 2178 1
20725.3 3287.88 1
20473.3 3136.7 0
20571 3124.52 0
20555.9 3056.05 0
20611.6 3023.26 0
20702.8 2979.79 0
20668.9 3030.45 0
20701.1 3054.8 0
20716.4 3055.21 0
20709.7 3079.12 0
20725.9 3107.08 0
20680.9 3079.76 0
20715.3 3136.94 0
20700.6 3135.84 0
20710.9 3149.16 0
20683.6 3151.76 1
20689.9 3226.36 1
20762.7 3281.53 0
21067.1 3239.99 0
21205.5 3249.59 0
22460.9 617.336 0
