15.6613 12.8056 0
-9.33561 -60.4918 0
14.1654 -25.3437 0
-210.985 105.955 0
-130.417 125.04 0
12.2782 151.54 0
-505.985 549.33 0
-530.273 767.887 0
-536.542 732.101 0
-1657.13 724.019 0
-1711.19 779.48 0
-1725.44 796.737 0
-1740.44 785.875 0
-1234.97 807.583 0
-863.676 806.368 0
-811.633 773.995 0
-799.821 834.865 0
-762.572 877.942 0
-608.448 454.745 1
-258.086 279.748 0
10.8474 89.4484 0
23.4528 61.0409 0
-34.347 110.26 0
-15.7301 33.7099 0
-27.375 1.71042 0
-11.0321 -44.1052 0
88.6221 -51.2373 0
181.493 -110.241 0
229.723 -175.19 0
440.059 -481.576 0
354.097 -434.286 0
436.09 -428.25 0
417.175 -375.546 0
446.173 -356.648 0
458.434 -367.522 0
460.106 -423.232 0
552.812 -441.25 1
739.031 44.6882 1
753.441 24.8194 0
830.906 -23.6919 0
854.649 -99.2242 0
926.29 -251.903 0
958.278 -387.61 0
1003.33 -470.284 0
1018.92 -498.667 0
159.063 -551.63 0
320.526 -653.388 0
307.65 -630.877 0
285.55 -636.317 0
235.78 -606.087 0
190.101 -555.064 0
191.582 -561.545 0
233.4 -622.325 0
341.979 -723.558 0
346.145 -788.454 0
381.332 -807.59 0
369.225 -742.132 0
101.433 -464.349 0
140.667 -479.961 0
-1570.05 -1237.72 1
-1683.68 -1225.87 0
-1758.47 -1181.86 0
-1846.67 -1121.35 0
-1998.05 -1233.3 0
-2051.58 -1207.73 0
-2036.12 -1189.92 1
-21705.7 -1325.03 1
-22025 -1211 0
-22091.7 -1087.69 0
-21995.1 -1192.43 0
-20692 -1406.4 0
-20074.1 -1583.11 0
-20638.1 -1016.58 1
-20651.6 -961.832 0
-20686.2 -893.399 0
-20721.7 -785.978 0
-20812.7 -726.296 0
-21086.6 -890.415 0
-20985.3 -928.312 0
-23069 -946.58 0
-23129.6 -986.332 0
-22446.9 -1071.45 0
-22505 -1134.49 0
-22477.1 -1202.37 1
-23865.2 -762.334 1
-23853.5 -767.673 0
-23872.9 -791.161 0
-23894.6 -774.024 0
-23866.7 -802.235 0
-23819 -715.1 0
-23883.1 -514.262 1
-23887.6 -1130.68 1
-23753 -1257.63 0
-23739.5 -1363.68 0
-23743.8 -1397.8 0
-23688.6 -1490.24 1
-23307.5 -1739.67 1
-23290.1 -1729.47 0
-23275.9 -1708.81 0
-23313.7 -1664.78 0
-23350.8 -1611.93 1
-22640 -1747.81 1
-22634.2 -1750.65 0
-22641 -1706.8 0
-22647.3 -1630.52 0
-22515.6 -1547.05 1
-22479.5 -1536.12 1
-22700.1 -1461.76 0
-24068.4 -293.961 1
-23900.1 -251.097 0
-23767.9 -365.101 0
-24443.3 -518.047 1
-24465.2 -490.907 0
-24450.4 -473.732 0
-23291.4 -420.021 1
-23165.9 -508.029 0
-23133.4 -551.838 0
