22.5606 6.3045 0
39.934 -103.361 0
-324.168 -306.136 0
-156.684 -667.125 0
-107.973 -649.44 0
80.3967 -619.642 0
115.951 -576.661 0
-40.0181 -411.57 0
-78.2788 -421.744 0
-95.7043 -363.223 0
-61.3432 -323.078 0
-51.3189 -284.205 0
-406.383 -189.759 0
-434.117 -108.519 0
-366.372 -140.432 0
-404.197 -120.272 0
-491.617 -107.914 1
-411.352 -290.42 1
-203.885 -301.814 0
-311.697 -135.352 0
-285.886 -42.1149 1
347.375 -165.833 1
-1774.18 -1304.93 0
-1762.73 -1261.98 0
-1772.86 -1258.37 0
-1792.22 -1271.19 0
-1807.92 -1246.37 0
-1309.3 -1221.89 0
-1357.13 -1259.44 0
-1376.85 -1224.6 0
-1398.62 -1203.99 0
-1430.66 -1149.74 0
-1432.46 -1091.11 0
-1348.5 -773.636 0
-1383.96 -730.715 1
-1467.39 -670.588 1
-1373.16 -726.871 0
-1346.91 -797.289 0
-1299.31 -819.861 0
-1282.16 -863.571 1
1157.79 -979.368 1
1124.27 -905.036 0
1185.97 -923.166 1
1217.36 -911.727 1
1659.33 -1126.3 0
1638.84 -1119.12 0
1631.71 -1143.43 0
1666.24 -1336.43 1
1677.28 -1301.38 0
1719.64 -1309.11 0
1738.74 -1358.85 0
1715.27 -1391.07 0
1563.27 -1427.28 0
1548.12 -1416.1 0
1540.12 -1349.8 0
1522.46 -1263.98 1
1438.29 -1240.41 1
1675.15 -976.065 0
2468.09 -1642.67 0
2532.45 -1624.09 0
2509.65 -1564.44 0
2509.27 -1580.83 0
2524.82 -1517.16 0
2529.38 -1374.24 0
2443.54 -1147.18 0
2523.25 -1030.87 1
3115.15 -1434.83 1
