14.8636 -9.42108 0
33.9697 8.00177 0
42.8147 23.9938 0
52.9021 -26.7528 0
100.206 -96.1502 0
131.208 11.7155 0
123.808 84.9328 0
87.6908 119.124 0
76.1061 192.808 0
45.6511 249.64 0
29.0953 164.824 0
-41.4419 106.771 0
-9.62475 -9.54585 0
52.1658 42.0047 0
2.99476 8.97305 0
-23.5722 56.9111 0
-39.3261 26.4487 0
-44.3303 9.04971 1
22.245 48.2548 1
76.4751 77.5309 0
607.958 37.9755 0
636.447 19.3306 0
645.767 -5.45743 0
720.295 -79.2329 0
798.547 -96.6412 0
844.003 -130.426 0
854.045 -91.1514 0
749.55 126.426 0
919.689 -66.0485 1
892.751 -80.3837 0
983.4 -19.0604 0
1103.21 141.972 0
1119.59 120.627 1
1473.41 150.118 1
1469.76 152.871 0
1423.81 168.403 0
1417.27 192.637 0
1434.25 203.663 0
1420.21 224.722 0
1389.37 254.673 0
1426.25 270.833 0
1459 269.06 0
1517.2 303.067 0
1615.55 302.884 0
1772.46 164.679 0
1860.26 66.2776 0
1846.99 23.8776 0
