16.7033 69.5971 0
7.62669 49.612 0
18.7098 -28.4641 0
72.2645 -18.6973 0
458.303 -141.65 0
900.624 -280.761 0
1099.34 -352.309 0
1144.16 -415.753 0
1116.71 -430.026 0
1090.95 -451.652 0
1082.89 -432.508 0
1010.67 -414.158 0
961.759 -390.069 0
811.016 -349.692 0
804.639 -288.308 0
737.088 -171.342 0
743.456 -169.594 0
1320.07 -633.21 0
1411.69 -624.841 0
1344.11 -324.715 0
1261 -156.012 0
1079.36 192.518 0
987.385 395.412 0
872.262 548.755 0
976.699 535.14 0
1512.87 285.137 0
1503.93 260.674 0
1473.71 304.227 0
1314.8 335.2 0
1289.72 138.343 0
1292.69 164.482 0
1289.43 264.517 0
1211 512.57 0
1605.86 427.128 0
1566.31 444.6 0
1566.95 451.219 0
1578.45 457.401 0
1739.24 543.351 0
1746.95 624.067 0
1673.11 683.584 0
1689.35 753.237 0
1775.37 785.593 0
1777.13 802.732 0
1821.57 826.432 0
1742.92 794.321 0
2039.72 742.823 0
1976.58 769.69 0
