22.0704 16.7472 0
2.81666 129.469 0
64.5537 167.925 0
132.518 190.184 0
128.496 154.728 0
226.434 163.112 0
228.813 170.356 0
239.04 185.565 0
177.203 238.69 1
144.554 269.455 1
197.31 205.544 0
250.057 145.381 0
274.206 67.863 0
267.381 -60.3727 0
-20.5054 -608.624 0
-69.6387 -664.104 0
-71.1206 -639.653 0
26.3805 -613.896 0
6.42685 -626.864 1
862.891 57.4059 1
763.35 284.902 0
814.005 325.586 0
822.88 384.521 0
806.737 384.404 0
866.894 382.117 1
897.93 380.681 1
965.366 382.452 0
903.904 401.053 0
863.758 398.403 1
1479.72 157.166 1
1959.97 1050.58 0
1960.18 814.158 0
1976.33 1181.16 0
1896.46 1184.82 0
1846.02 1134.4 0
1827.41 1058.01 1
1874.32 1090.3 1
1829.99 1081.94 0
1938.37 1120.01 0
1904.78 1155.05 1
1916.35 1200.19 1
1891.81 1144.53 0
1963.48 1016.79 0
2003.12 991.404 0
2045.5 1034.68 0
2028.93 1091.81 0
1978.7 1099.08 1
1805.08 820.107 1
1694.77 786.839 0
1801.4 757.761 0
1782.59 837.993 0
1920.38 1003.48 0
2109.45 946.998 1
2118.3 984.242 1
2090.17 1014.09 0
2134.5 1005.66 1
2214.81 1003.3 1
2601.64 1880.94 0
