18.3082 70.8124 0
38.2712 27.7762 0
74.5533 -41.0491 0
80.4071 -77.5548 0
71.5546 -57.1822 0
82.4516 9.2315 0
179.651 35.3522 0
190.291 -18.0662 0
143.06 33.1371 0
67.7688 24.2864 1
103.692 75.8026 1
211.011 -87.4737 0
254.984 0.11496 0
440.749 63.5409 0
556.21 -70.5824 0
592.846 -127.042 0
628.765 -130.492 0
546.621 -111.182 0
507.339 -99.0944 0
506.857 -135.753 0
450.611 -195.231 0
451.326 -237.906 0
427.314 -211.974 0
433.362 -176.646 0
400.088 -155.491 0
483.56 -133.435 0
623.27 -295.77 0
533.616 -249.796 0
516.5 -198.38 0
534.836 -93.8831 1
722.764 -110.66 1
2847.34 -427.895 0
2765.83 -389.995 0
2761.22 -397.552 0
2757.12 -390.398 0
2867.83 -483.316 0
2551.11 72.984 0
2586.81 56.2718 0
2592.7 31.6212 0
2614.68 -4.18127 0
2575.35 -4.43491 0
2564.33 48.944 0
2569.47 120.756 0
2583.94 92.7678 0
2479.39 446.427 0
2517.48 409.817 1
2636.95 -189.131 1
2668.75 -183.86 0
2557.31 -173.303 0
2556.93 -147.538 0
2549.34 -119.061 0
2555.87 -115.426 1
2489.24 -103.009 1
2500.73 -21.3991 0
2567.88 -29.9271 0
2545.14 451.406 0
2513.87 441.318 0
2467.76 415.034 0
2428.82 399.957 0
2357.52 503.824 0
2295.54 595.395 0
2318.72 684.294 0
2223.08 688.927 0
2321.18 642.768 0
2302.94 609.821 0
2303.73 503.598 0
2283.82 449.15 0
2319.21 391.667 0
2288.52 414.974 0
2293.91 406.665 0
2692.41 -79.6913 0
2725.7 -72.4201 0
2719.52 -107.296 0
2714.7 -176.801 0
2748.42 -329.648 0
2755.78 -410.322 0
2696.36 -482.318 0
2271.09 -820.922 0
2583.75 -743.998 0
2547.59 -725.659 0
2514.34 -703.273 0
2456.23 -820.594 0
2439.65 -854.88 0
2407.84 -909.883 0
2378.12 -921.569 0
2374.26 -921.063 0
2396.01 -979.651 0
2474.91 -986.228 0
2551.55 -1014.78 0
2770.54 -1043.1 1
