6.35875 -52.5595 0
59.1485 -8.65528 0
2.53094 19.3096 0
24.0845 61.8367 1
63.6434 86.7825 1
92.9078 18.9806 0
83.2592 -3.86115 0
94.0684 -0.457993 0
62.4175 -29.1955 0
66.3891 -21.1629 0
72.9869 -32.4887 0
-72.6557 127.951 0
-80.1972 176.648 0
-71.4916 180.503 0
-44.2085 119.392 0
-57.8207 47.9978 0
-170.014 105.646 0
-79.2184 -42.2227 0
-30.4937 9.82727 0
-59.5863 15.9502 0
-34.5975 48.518 0
13.3851 112.344 0
11.2185 201.799 0
63.403 280.188 0
83.785 229.305 0
144.089 257.912 0
200.174 241.539 0
275.194 177.905 0
280.748 238.388 0
346.752 245.977 0
345.802 297.153 0
265.94 299.15 0
235.721 262.208 0
190.163 231.992 0
174.798 217.759 0
241.923 194.049 0
229.408 227.381 1
-193.412 -300.677 0
-241.174 -267.368 0
-271.587 -250.441 0
-303.491 -258.696 0
-355.545 -260.574 0
497.405 -731.212 0
293.621 -468.295 0
50.3194 -819.188 0
943.518 64.4166 0
1087.56 119.087 1
1177.39 184.349 1
1267.31 153.572 0
1346.9 119.717 1
1181.16 -131.832 1
1125.87 -77.1792 0
1080.68 -15.8716 0
1137.98 118.274 1
1068.78 110.728 1
3486.65 -263.158 1
3425.75 -137.115 0
3428.46 -195.787 0
3434.03 -207.201 0
3446.59 -193.638 0
3428.8 -182.836 0
5750.88 -553.652 0
