-6.46167 70.0479 0
4.00074 43.323 0
13.1838 -43.6844 0
50.993 -26.2866 0
93.3447 33.7713 0
134.071 81.862 0
90.0762 148.67 0
40.0202 242.161 1
35.1045 -78.0766 1
40.4981 -59.1267 0
69.1427 -13.4626 0
106.661 -3.23115 0
33.582 -147.299 0
59.07 -167.875 0
226.627 -219.261 0
228.762 -250.201 0
191.6 -252.177 1
-1702.64 377.947 1
427.84 510.894 1
381.473 552.585 0
385.185 546.937 0
335.283 317.15 0
360.322 295.347 0
384.087 248.662 0
487.902 54.9127 0
490.733 58.6199 0
519.683 190.354 0
471.343 258.021 0
450.967 299.035 0
439.84 386.529 0
460.278 452.369 0
391.888 476.197 1
419.945 437.372 1
443.494 509.735 0
542.772 398.464 0
706.192 173.511 0
723.963 499.25 0
692.543 644.057 0
141.956 654.835 0
78.2235 702.852 0
114.985 792.879 0
134.077 769.364 0
389.183 474.649 0
532.28 537.331 0
646.225 656.194 0
577.608 705.969 0
412.061 1787.42 0
173.481 -5048.86 0
