-20.1241 -9.5762 0
-25.6248 -1.90732 0
-52.6035 -38.8097 0
-72.05 -39.3584 0
-63.7824 8.44176 1
-164.568 61.978 1
-189.334 68.2474 0
-154.93 126.862 0
-155.091 117.935 1
297.348 147.459 1
307.99 147.512 0
267.976 79.2614 0
251.885 45.718 0
259.907 57.2798 0
271.572 151.35 0
308.659 162.631 0
330.241 188.962 0
337.028 185.739 0
453.297 149.662 0
443.604 97.4452 1
496.378 -36.3951 1
476.843 -50.4713 0
468.331 -79.7844 0
466.097 -74.2766 0
490.18 110.981 0
226.332 206.606 1
16893.9 -6464.86 1
20825.4 -9203.03 0
20796.7 -9214.21 0
20787.5 -9196.83 0
20767.9 -9060.91 0
20795.8 -9044.44 0
20791.8 -8949.27 0
20864.4 -8120.69 0
20930.1 -8061.01 1
20928.1 -8159.23 1
20622.7 -7417.85 0
20699.9 -7371.98 0
20698.8 -7336.86 1
21062.7 -6617.73 1
21058.6 -6615.07 0
21074.4 -6576.2 0
21093.6 -6807.07 0
20985.8 -6625.91 0
21002.5 -6589.13 0
21049.8 -6521.64 0
21064.7 -6525.04 0
21069.6 -6530.65 1
21017.2 -6575.41 1
21040 -6578.82 0
21110.9 -6756.35 0
20956.3 -6495.51 0
20962.7 -6525.16 0
20913.2 -6501.57 0
20896.2 -6456.37 0
20992.2 -6441.47 0
20934.3 -6655.28 0
21052.8 -6690.97 0
21024.8 -6640 0
21135.8 -6660.99 0
21139.2 -6671.45 0
21147.3 -6700.97 1
21200.2 -6681.4 1
21205.4 -6648.51 0
21220.2 -6615.85 0
21245.4 -6657.7 0
21222.1 -6594.78 0
21210.3 -6582.26 0
21205.8 -6575.36 1
21029.5 -6791.82 0
21042 -6761.34 1
21058.6 -6794.65 0
21069.2 -6851.46 0
21106.9 -6896.34 0
21129.1 -6898.89 0
21120.8 -6898.21 0
21824.4 -7280.1 0
