-4.01945 32.663 0
-74.4173 64.075 0
1.53194 -71.2493 0
-15.071 -39.6738 0
20.8134 45.5981 0
28.5471 20.1385 1
31.846 -51.5144 1
168.894 -160.261 0
280.353 -385.016 0
222.656 -371.284 0
287.417 -390.425 0
318.671 -487.754 0
240.302 -371.851 0
296.634 -335.606 0
263.754 -356.909 0
862.305 -645.93 0
885.252 -633.982 0
857.07 -605.561 0
761.064 -549.382 0
866.217 -658.261 0
856.319 -672.794 0
855.82 -659.501 0
832.282 -602.28 0
717.469 -565.277 0
732.178 -608.418 1
715.314 -642.019 1
743.248 -635.695 0
1133.92 -794.78 0
827.98 -574.269 0
1115.12 -733.44 0
1053.85 -744.669 1
1254.17 -550.479 1
1278.4 -523 0
1285.72 -534.779 0
1709.27 -825.372 0
1678.24 -825.38 0
1683.55 -853.053 0
1651.69 -870.856 0
1536.17 -977.976 0
1465.23 -1026.68 0
1432.02 -1057.37 0
1394.58 -1071.85 0
1014.42 -1152.56 0
947.631 -1063.02 0
947.237 -970.212 0
954.556 -909.492 0
1192.27 -793.583 1
-21948.7 -6198.66 1
-21916.3 -6141.17 0
-21881.2 -6106.96 1
-21784.9 -6091.5 1
-21792.8 -6045.19 1
-21840.1 -5999.59 1
-21775.1 -6055.37 1
-24341.9 -5980.59 1
-24382.6 -6020.67 0
-24291.2 -6331.46 0
-24248.1 -6385.04 0
-24015.3 -6407.93 0
-24066.6 -6385.98 0
-24038.6 -6147.24 1
-24534.2 -5945.43 1
-24527.8 -6191.96 0
-24444.3 -6236.99 0
-24285.8 -6306.43 0
-23744.7 -6297.6 1
-23764.6 -6334.18 0
-24108.7 -6325.45 0
-24060.5 -6324.16 0
-24100.4 -6362.88 1
-24121.1 -6344.2 1
-24123.1 -6301.27 1
-24089.4 -6247.73 1
-24654.7 -6539.52 1
-24707.3 -6533.61 0
-24808.9 -6512.64 0
-24861.6 -6516.68 0
-24874.7 -6532.35 0
