37.139 15.5991 0
16.3358 -10.2636 0
-167.224 -37.8174 0
-102.773 -35.5932 0
-70.9602 5.68942 0
-72.7114 22.1446 0
-26.993 18.1761 0
-0.975708 41.7349 0
13.1839 73.9089 0
-1646.95 685.852 0
-1648.91 693.96 1
-1672.1 722.532 1
-1440.23 922.454 0
-1622.8 991.536 1
-1614.72 1044.38 1
-1796.77 608.732 1
-1892.03 735.064 0
-1662.42 606.368 1
-1647.73 615.562 0
-1631.87 645.989 0
-1682.68 616.283 0
-1750.77 577.705 0
-1856.51 566.851 1
-1888.72 582.598 1
-1863.22 571.863 1
-3625.86 584.921 1
-3432.83 483.004 0
-3084.42 510.755 0
-2613.3 396.334 0
-2602.79 367.023 0
-2636.49 327.167 0
-2747.33 338.526 1
-126482 -3089.84 1
-126451 -3248.98 0
-126434 -3277.05 0
-126434 -3291.44 0
-126430 -3273.68 0
-126503 -3502.68 0
-126610 -3366.22 1
-125982 -3068.3 1
-126543 -2831.5 0
-126849 -2762.66 0
-126906 -2642.63 0
-126838 -2648.38 0
-126783 -2601.61 0
-126963 -2327.01 0
-127189 -1930.81 0
-126795 -2074.2 0
-126657 -2190.89 0
-126647 -2216.69 0
-126626 -2209.83 1
-125455 -2676.29 1
-125508 -2681.24 0
-125534 -2692.4 0
-125487 -2634.65 0
-124815 -2194.16 1
-124827 -2089.71 0
-124775 -1973.71 0
-124644 -2069.71 1
-124616 -2180.85 1
-123261 -2638.65 0
-140009 -4382.16 1
-140024 -4345.31 0
-140019 -4388.15 0
-140018 -4418.38 0
-140081 -4347.23 0
-140102 -4281.95 0
-140116 -4245.59 0
-140132 -4239.26 1
-140045 -4353.52 1
-139693 -4497.35 0
-139303 -4505.01 0
-139254 -4611.57 0
-139301 -4605.03 0
-139269 -4594.84 0
-139213 -4618.42 1
-138832 -4607.22 1
-138853 -4634.24 0
-138821 -4639.76 0
-138486 -4601.11 1
-138482 -4605.12 0
-140084 -4049.95 1
-140012 -4215.84 0
-140290 -3918.49 1
-140446 -3711.59 0
-140532 -3581.72 0
-140593 -3428.67 0
-140560 -3374.78 0
-140564 -3406.31 1
-136735 -3457.49 1
