105.528 38.452 0
138.867 0.366695 0
162.947 -46.7133 0
186.992 -25.776 0
208.77 17.4433 0
239.161 75.1166 0
270.652 137.351 0
258.734 96.216 1
220.266 55.3192 1
217.969 23.4109 0
206.216 18.1936 0
214.169 3.68046 1
96.7909 -67.3237 1
90.8276 -43.1212 0
80.3014 -8.77578 0
112.109 54.4766 0
215.972 37.4222 0
256.308 -3.54087 0
327.787 -70.3184 0
296.263 -148.033 1
2649.61 44.5512 1
2633.71 36.0042 0
2581.98 61.215 0
2655.43 69.5309 0
2400.65 233.116 0
2503.09 408.359 0
2499.16 395.487 1
2760.77 571.335 1
2746.24 466.539 0
2719.01 349.276 0
2563.04 374.741 0
2604.85 471.352 0
2650.85 471.936 0
2641.16 460.738 0
2625.3 457.609 0
2574.08 442.623 0
2604.36 369.325 0
2701.87 316.604 0
2684.12 275.173 1
2573.66 240.823 1
2546.69 332.549 0
2520.5 370.993 0
2487.67 382.236 1
2772.42 54.5159 1
2778.67 72.4159 0
2854.17 107.827 0
2912.69 177.047 0
2902.96 224.858 0
2886.14 296.38 0
2889.08 347.362 0
2829.42 386.271 0
2810.18 438.977 0
2799.88 502.476 0
2884.59 306.574 0
2879.16 249.127 0
2961.25 53.7544 0
2992.66 2.90009 0
3001.12 18.159 0
3001.8 88.9408 0
3005.95 162.712 0
3030.51 227.415 0
2987.18 229.586 0
3012.61 195.454 0
3072.31 150.894 0
3125.53 158.43 0
3139.41 228.845 1
3021.14 422.34 1
3026.06 329.747 0
3062.5 352.236 0
3060.73 447.905 0
3070.9 416.596 0
3676.04 335.625 0
3536.2 383.116 0
3461.41 340.961 0
3424.15 350.268 0
3419.08 385.283 0
3409.05 386.582 0
3358.56 137.465 0
3247.97 689.994 0
3319.53 640.829 0
