-220.798 585.907 0
-178.299 626.545 0
-168.331 687.804 0
-193.468 705.713 0
-197.745 745.139 0
-190.238 744.497 0
-884.461 357.411 1
-876.83 347.866 1
-865.48 301.029 1
-2664.42 1602.87 1
-2276.42 1504.56 0
-2323.03 1586.27 1
-2249.09 967.836 1
-2211.39 944.011 0
-2228.01 953.467 0
-2291.39 1005.16 0
-2227.92 1029.22 0
-2230.32 1037.78 0
-2117.65 1040.11 0
-2109.83 1090.54 1
-1263.68 1278.53 1
-394.607 1278.56 0
-467.5 1295.94 0
-530.765 1301.23 0
-538.438 1318.33 0
-600.239 1307.66 0
-924.951 1258.75 0
-973.476 1247.56 0
-960.897 1199.53 0
-800.398 1241.03 0
-939.944 1269.37 0
-1306.05 1275.43 0
-1276.66 1300.85 0
-1200.53 1342.06 1
-1118.04 1410.22 1
-1043.25 1366.16 0
-1035.41 1343.56 0
-616.922 1309.51 0
-632.014 1272.11 0
-566.881 1318.63 0
-603.331 1350.62 0
-612.036 1367.08 0
-585.153 1072.63 0
-696.456 1030.52 0
-675.721 940.305 0
-692.791 854.422 0
-708.603 877.212 0
-714.335 911.883 0
-786.488 845.471 0
-868.089 814.37 0
-819.974 837.324 1
-1112.53 762.307 1
-1074.26 795.875 0
-1045.09 843.46 1
-2299.15 1020.66 1
-2234.44 1010.51 0
-2226.74 1045.02 0
-2115.57 1403.71 0
-2112.03 1255.61 1
-1399.63 1762.35 1
-1366.72 1712.31 0
-1230.21 1847.43 0
-1247.55 1876.98 0
-1238.58 1862.33 0
-1260.83 1792.18 0
-1232.96 1722.73 0
-1286.86 1739.85 0
-1296.24 1855.12 0
-1232.72 1997.6 0
-1217.26 2026.67 0
-1238.25 1968.65 0
-1235.76 1901.44 1
-1350.14 2274.27 1
-1341.7 2269.33 0
122.041 1982.48 0
-232.958 1315.78 0
-314.602 1475.32 0
-306.613 1552.51 0
-326.621 1676.54 0
-484.393 1411.82 0
6.32397 730.286 1
29.462 733.185 0
104.207 726.091 0
255.242 686.424 0
235.654 677.674 0
195.974 640.716 0
142.03 672.591 0
170.891 288.8 0
200.514 283.306 0
218.686 241.997 0
198.724 249.661 0
175.239 252.53 0
216.8 258.792 0
225.604 314.698 0
258.424 383.193 1
5773.81 -354.477 1
