-5.13886 32.8711 0
-64.5246 110.49 0
-78.6881 208.652 0
-143.223 392.664 0
-116.937 439.831 0
-88.0466 442.518 0
-87.8276 453.549 1
-45.9713 443.788 1
-4.93316 473.245 0
37.473 480.026 0
-1.02209 550.974 0
-76.3677 587.86 0
-71.4065 561.863 0
191.706 232.476 0
210.814 210.793 0
433.3 97.2303 0
550.305 49.6398 0
605.29 56.3796 0
556.579 81.6334 0
600.206 62.5562 0
482.914 102.785 0
567.079 190.318 0
583.176 273.678 0
569.264 353.149 0
488.848 382.206 1
3887.82 5243.16 1
3549.44 4824.53 0
3858.15 1786.44 0
3782.51 1734.38 0
3741.25 1726.15 0
3725.71 1732.72 0
3680.52 1698.99 0
3648.19 1690.94 0
3658.15 1719.31 0
3641.77 1752.95 0
3600.97 1798.64 0
3681.14 1881.92 0
3811.14 2071.26 0
3836.25 2139.87 0
3856.39 2201.75 0
3861.33 2260.76 0
2860.15 2513.73 0
2769.84 2525.84 0
2903.78 2468.25 0
3205.27 2259.95 0
2547.69 2530.24 0
2910.33 2557.83 0
2900.23 2576.11 0
2927.35 2595.83 0
2908.74 2578.85 0
2914.82 2545.36 0
2892.39 2435.6 0
2842.2 2442.54 0
2830.54 2492.09 0
2821.28 2427.86 0
2808.67 2515.27 0
2821.95 2447.48 0
2775.3 2447.7 0
2726.69 2473.54 0
3047.6 2593.87 0
3215.3 2384.05 0
3407 2428.78 0
3314.16 2310.25 0
3303.32 2364.75 0
3313.35 2635.34 0
3618.1 2767.85 0
3608.61 2794.51 0
3594.86 2805.99 0
3673.52 2788.25 0
3253.46 5024.83 0
3351.25 4958.6 0
3328.79 5005.97 0
2991.51 5073.16 0
2994.72 5027.48 0
2990.13 4975.47 0
2918.69 4819.47 0
2884.01 4739 0
2599.88 4679.35 0
2817.1 4756.75 0
2709.26 4779.4 0
2670.3 4730.56 0
2679.44 4754.9 0
2606.72 4698.94 0
2720.46 4864.33 0
2694.52 4883 0
2612.65 4658.62 0
2631.42 4618.95 0
2648.18 4624.68 0
2675.82 4622.06 0
2696.3 4590.24 0
2685.44 4615.5 1
2939.08 4016.3 1
3103.25 4052.75 0
3566.64 4269.51 0
3501.73 4410.83 0
3511.54 4500.49 0
3425.71 4470.17 0
3364.27 4471.57 0
3314.84 4515.62 0
3185.61 4724.36 0
3435.79 4742.68 0
3423.81 4712.15 0
3361.48 4636.75 0
3379.56 4656.83 0
3346.4 4597 0
3340.56 4512.79 0
3457.9 4638.46 0
3432.89 4690.22 0
3363.3 4771.18 0
3339.9 4836.25 0
2765.57 4150.58 0
1840.29 3787.51 0
1825.56 3796.32 0
1854.5 3786.84 0
1804.78 3794.64 0
1795.37 3796.53 0
1759.31 3787.76 0
1759.74 3769 0
1795 3777.67 1
1818.23 3861.63 1
1769.89 3924.53 1
1824.84 3955.99 1
-21449.3 2336.34 1
-21486.7 2415.95 0
-21531.1 2456.36 0
-21487.4 2470.82 0
-21420.9 2398.79 0
-19727.4 2090.91 0
-19801.6 2141.83 0
