-1.70661 -23.9669 0
-11.5372 -46.7232 0
-44.4974 -89.1685 0
79.9491 -22.7512 0
45.9572 -16.3292 0
8.14453 96.4303 0
23.2608 177.258 0
0.988842 187.711 0
-11.0586 206.739 0
-71.0787 97.9889 0
-14.6951 -131.978 0
-19.3577 -129.925 0
-23.1559 -85.3947 0
25.6569 -79.9179 0
117.906 -250.274 0
-1056.26 267.7 0
-1078.15 372.674 1
2616.93 420.251 1
2606.16 294.043 0
2592.93 264.424 0
2626.43 303.362 0
2578.09 344.203 0
2493.07 360.954 0
2498.3 378.603 0
2519.22 409.061 1
2600.71 364.921 1
2608.1 356.843 0
2635.66 342.681 0
2633.61 318.699 0
3074.48 -32.157 0
3066.47 -64.5003 0
3062.48 -64.4758 0
2858.49 -79.5636 0
2812.67 -69.574 0
2827.16 -70.4171 0
2780.6 -27.9943 0
2725.59 -46.3429 0
2206.01 -177.022 0
2187.93 -131.075 0
2230.22 -72.7751 0
2251.24 -31.1832 0
2264.43 13.5069 1
2303.6 -19.1462 1
2330.55 -11.9093 0
2347.68 -13.2801 0
2459.67 389.442 0
2447.6 420.421 1
2984.74 51.2414 1
2977.18 119.208 0
3201.2 158.229 0
3228.31 115.61 0
3286.18 22.8011 0
3113.91 580.918 0
3208.67 477.144 0
3143.17 463.569 1
3154.75 891.243 0
3118.34 967.13 0
2386.94 853.899 1
2566.66 27.6865 0
7597.17 -409.009 1
