42.101 15.0666 0
71.2184 -45.0544 0
5.19511 -14.6682 0
241.776 -146.338 0
567.28 -390.285 0
554.667 -436.578 0
511.275 -450.015 0
482.564 -444.576 0
475.702 -521.146 0
438.377 -470.504 0
419.581 -429.788 0
417.368 -376.773 0
426.912 -315.972 0
467.867 -299.944 0
475.901 -285.357 0
522.724 -229.41 0
573.225 -212.381 0
622.752 -245.083 1
-41.4818 -383.097 1
-70.0652 -373.245 0
6.63318 -441.192 0
-22.372 -480.047 1
26.0504 -474.5 1
391.086 141.033 1
392.811 140.421 1
353.474 154.655 0
324.245 197.398 0
350.083 186.601 0
218.061 285.361 0
209.623 286.266 0
536.627 213.401 0
503.944 229.426 0
516.923 237.306 0
610.97 233.093 0
661.906 245.155 0
649.463 259.869 1
1697.56 79.9644 1
1689.12 80.0061 0
1615.1 14.1638 0
1578.06 -61.1816 0
1584.06 -95.3733 0
1658.49 -161.85 0
1726.06 -138.578 0
1770.39 -162.61 1
1813.95 -176.859 1
1796.53 -169.512 0
1945.8 -248.999 0
1948.93 -272.195 0
1988.97 -223.506 0
1969.12 -98.2263 0
1993.76 -91.2229 0
1972.1 -47.0385 0
1982.38 -61.5166 0
1947.04 -151.846 1
1858.17 -66.7349 1
1832.48 -102.067 0
1738.12 -214.464 0
1780.7 -283.232 0
1790.12 -365.645 0
1781.14 -423.315 0
1844.91 -445.712 0
1817.29 -454.557 0
1674.7 -395.481 0
1655.06 -459.262 0
1684.64 -441.225 0
1673.03 -397.483 0
1647.73 -314.067 0
1659.55 -261.573 0
1654.28 -315.55 0
1625.18 -330.756 0
1659.75 -242.53 0
1777.93 57.6377 0
1826.61 103.284 0
1784.56 89.7711 0
1792.02 31.4667 0
1870.41 37.1947 0
1912.08 -75.4859 1
