-22.5507 6.20844 0
4.0502 -16.9051 0
107.973 -143.599 0
56.8262 -125.427 0
186.609 -214.032 0
-123.798 90.8173 0
44.4435 11.7573 0
54.1391 35.5704 0
0.723385 -12.6471 0
43.5515 91.3141 0
58.2272 117.501 0
44.866 41.9881 0
-2.82574 -451.799 1
27.7704 -580.086 0
35.5738 -598.064 0
23.0837 -562.548 0
118.117 -552.574 0
103.044 -551.26 0
90.7175 -534.417 0
151.899 -497.131 0
-52.1495 -316.072 0
-88.4317 -258.417 0
-139.575 -208.753 0
-155.228 -165.155 0
-189.244 -197.293 1
-190.2 -130.393 1
4.39291 -86.6191 0
39.3447 -80.0974 1
18.7708 -66.7555 1
27.1395 -77.1726 0
39.6381 -47.7285 0
68.9895 2.40244 0
84.2091 19.1778 0
72.4767 22.748 0
145.709 -7.8717 0
154.446 -2.65887 0
185.246 -28.7505 0
265.33 50.598 0
-113.702 90.1385 0
-104.245 169.797 0
-59.2924 205.711 0
32.8088 235.351 0
30.1481 199.748 0
1.63589 145.09 1
167.369 43.7331 1
23.7014 -309.693 0
94.2556 -365.612 0
98.8151 -401.58 0
111.985 -378.743 0
569.195 -356.094 0
458.102 -422.02 0
591.293 -441.811 0
548.526 -423.067 0
521.925 -344.247 0
-9.85815 -229.125 0
-71.9429 -223.677 0
-29.8224 -164.327 0
24.9822 -26.8674 0
271.8 -193.162 0
291.753 -113.02 0
400.664 -69.9314 0
485.839 -79.9823 0
512.786 -52.3877 0
2461.69 -16.1832 0
