58.8759 7.6622 0
137.464 -54.7354 0
224.846 -90.9347 0
1213.21 -1845.23 0
1171.39 -1823.43 0
1037.29 -1697.88 0
1186.78 -1619.84 0
902.295 -2517.44 0
992.842 -2799.26 0
1185.73 -2680.62 0
1125.65 -2443.07 1
1069.27 -2392.22 1
1089.85 -2342.94 1
988.495 -2203.6 1
992.686 -2212.45 0
1012.95 -2207.35 0
1004.35 -2175.41 0
1128.03 -2307.98 0
1093.23 -2307.88 0
1262.56 -2356.79 0
1239.17 -2394.67 0
999.251 -2199.86 0
959.42 -2152.95 0
1280.69 -2204.5 0
1571.98 -2146.86 0
3114.11 -2666.35 0
3020.45 -2594.21 0
2994.79 -2637.75 0
3008.57 -2616.23 0
3118.57 -2812.85 0
3121.48 -2752.46 0
3288.09 -2789.09 0
3939.45 -2931.07 0
3972.14 -2995.38 0
3937.07 -2948.09 0
3901.87 -2925.86 0
3874.56 -2855.63 0
3896.22 -2778.17 0
3854.81 -2701.39 0
3787.01 -2687.11 0
3833.13 -2656.98 0
3794.03 -2489.99 0
3757.26 -2589.8 0
3707.78 -2653.76 0
3730.24 -2529.61 0
3697.64 -2542.48 0
3610.4 -2607.46 0
3574.58 -2752.03 0
3710.1 -2776.75 0
4262.72 -2914.2 0
4254.18 -2855.19 0
4144.91 -2894.58 0
4046.85 -2895.85 0
4083.04 -2831.61 0
4117.78 -2737.36 0
4761.41 -2848.41 0
4791.62 -2803.6 1
4743.13 -2751.9 1
4688.17 -2726.9 0
4666 -2686.5 0
