-12.2042 14.9637 0
-22.7829 -46.4246 0
-11.977 -19.6458 0
-52.431 175.339 0
-32.5556 122.044 0
-35.878 177.174 0
-27.6226 198.025 0
-9.90169 184.135 0
-73.9711 197.819 1
-68.7377 169.924 1
-67.6123 141.625 0
-63.0088 86.5558 0
-55.3327 60.5723 0
-43.5791 14.1953 0
4.09833 34.0373 0
12.3652 40.8636 0
-49.0276 19.2957 0
-18.7503 67.4133 0
54.3129 127.077 0
-27.0858 184.012 0
-71.4285 216.797 0
-10.1934 261.265 1
-96.7527 110.082 1
-83.2853 70.5733 0
-141.873 53.7373 0
-224.236 -82.2331 0
-235.309 -57.9635 1
-154.781 -120.868 1
-445.198 367.336 0
-808.557 290.061 0
-846.904 340.963 0
-785.301 309.585 0
-710.079 262.131 0
-732.755 217.324 0
-437.372 119.716 1
-504.442 101.788 0
-531.025 88.6768 0
-618.951 54.4212 0
-648.482 44.675 0
-694.798 108.965 0
-724.868 140.049 0
-602.416 249.334 1
-694.345 160.228 1
-740.384 149.225 0
-736.609 136.899 0
-709.626 130.497 0
-666.458 87.0623 0
-643.277 71.5998 0
-511.148 136.631 0
-413.922 442.361 0
-371.733 511.5 1
-1389.5 558.504 1
-1484.85 563.757 0
-1406.44 537.369 0
-1058.02 504.957 0
-4877.25 1553.8 1
-4806.59 1441.4 0
-4830.35 1440.17 0
-5341.16 1421.66 0
-5367.24 1428.59 0
-5368.28 1446.22 1
-3938.46 1566.47 1
-3960.37 1619.67 0
-3976.71 1664.33 0
-3912.26 1672.65 0
-3919.84 1684.6 0
-3787.82 1547.7 0
-3743.58 1589.41 0
-3775.53 1607.72 0
-3814.64 1610.28 0
-3663.25 1535.69 1
-3590.97 1458.5 0
-3592.91 1456.61 0
-3616.77 1422.01 0
-3696.81 1487.58 0
-3772.16 1504.72 0
-3719.22 1527.35 0
-3730.45 1505.38 0
-3799.62 1511.02 0
-3722.54 1501.82 0
-3790.93 1500.02 0
-3803.99 1530.13 0
-3869.83 1582.08 0
-4016.3 1601.44 0
-4069.25 1729.49 1
-3983.32 1740.68 1
-3844.15 2036.87 1
-3779.31 1919.49 0
-3739.36 1642.33 0
-3707.29 1672.03 0
