4.63414 -19.9556 0
-2.3982 2.95234 0
48.2741 28.1058 0
84.1169 63.4389 0
61.9753 125.177 0
103.571 211.357 0
81.8022 284.871 0
69.887 295.667 0
213.692 288.057 0
200.592 198.322 0
119.267 241.17 0
82.1863 334.354 0
107.173 347.296 0
185.136 469.539 0
154.384 528.075 0
147.779 500.59 0
150.568 469.445 0
215.221 455.189 0
205.311 398.725 0
111.808 284.657 0
79.82 193.816 0
92.3517 116.883 0
192.499 205.145 0
173.354 162.99 0
198.73 70.2465 0
210.577 67.3273 0
296.142 60.8977 0
361.055 25.6583 0
302.212 79.816 0
130.571 217.794 0
-221.703 673.442 0
-241.412 451.31 1
-190.529 455.868 1
-345.859 781.671 0
420.401 2075.06 0
444.301 1591.94 1
437.943 1599.64 1
561.02 1491.18 1
584.287 1446.6 0
934.652 1516.31 0
991.479 1462.69 0
991.631 1478.1 0
1089.25 1392 0
1066.9 1382.48 0
1231.8 1372.35 0
1191.79 1332.53 0
1180.58 1457.18 0
1215.24 1513.11 0
1200.37 1552.02 0
1381.69 1610.22 0
1406.26 1594.31 0
1424.19 1658.56 0
1398.68 1680.95 0
1400.22 1717.06 0
1416.55 1769.37 0
1455.85 1818.01 0
1435.43 1800.74 0
1490.89 1742.77 1
1469.43 1745.62 1
1430.16 1761.28 0
1462.04 1831.57 0
1359.9 2049.25 0
1363.16 2037.69 1
1379.24 2168.34 1
1389.13 2053.28 0
1407.63 2138.65 0
1561 1910.08 1
