-2.27026 40.6416 0
-20.9629 100.309 0
-15.1471 104.664 0
11.7595 131.441 0
104.91 217.465 0
114.601 215.542 0
871.813 629.477 0
905.397 701.476 0
645.829 603.976 0
672.119 815.612 0
631.711 815.848 0
742.158 799.925 0
767.103 840.456 0
729.385 770.688 1
399.535 304.974 1
429.57 254.724 0
476.538 278.267 0
477.779 257.183 0
475.133 220.122 1
746.006 498.947 1
777.741 526.567 0
735.222 531.903 0
788.841 520.546 0
739.359 511.141 0
730.337 475.305 0
732.297 490.449 0
750.905 606.953 1
790.871 676.408 1
773.1 858.798 0
793.811 746.164 0
1120.57 660.534 0
1175.19 579.969 0
1151.76 615.352 0
1231.17 614.886 0
1273.88 546.941 0
1299.76 595.475 0
1401.31 697.071 0
1423.3 564.665 0
1406.37 584.082 0
1442.98 601.916 0
1094.81 330.597 0
1129.55 324.517 0
1240.45 342.524 1
1159.72 303.098 1
1162.44 389.314 0
1140.5 443.44 0
1247.27 1031.35 0
1282.31 1161.89 0
1246.38 1115.98 0
1222.97 1032.33 0
1606.71 458.549 1
1581.76 479.819 0
