36.5709 23.848 0
14.3036 61.7202 0
25.5184 66.9292 0
133.154 23.0731 0
10.7536 208.895 0
-3.88745 210.917 0
-32.247 224.089 0
2.46622 250.881 1
-1.92377 234.582 1
31.609 5.05537 0
-80.625 446.224 0
-12.7259 333.995 0
3.99281 398.521 0
-7.08599 483.739 0
-48.0344 529.644 0
-146.663 752.736 0
-175.819 831.439 0
-236.273 800.216 1
-219.533 757.264 1
-212.933 651.579 0
-228.307 617.388 0
-304.75 723.379 0
-290.816 764.439 0
-310.462 757.618 0
-296.428 814.627 0
-266.459 783.121 1
-159.086 658.758 1
-198.936 656.812 0
-215.761 639.713 0
-209.409 657.531 0
-230.191 721.785 0
-253.931 817.797 0
-315.756 851.891 0
-405.047 648.678 0
-334.043 486.804 0
-194.228 420.328 0
-202.686 393.013 1
334.593 372.468 1
353.795 338.354 0
1128.99 -1443.57 0
1105.44 -1415.11 0
816.701 -1152.63 0
740.021 -1694.37 0
-1871.95 -695.535 1
-1888.5 -646.598 0
-1295.07 -1916.7 0
-1228.41 -1987.38 0
-1215.31 -1987.17 0
-1147.6 -2041.02 0
-1108.44 -2034.33 0
-1067.13 -2039.23 0
-1040.99 -1992.94 1
-1046.22 -2032.49 1
-757.356 -2062.42 0
-504.371 -2061.35 0
-463.265 -2085 0
-412.557 -2030.17 0
-437.338 -1942.32 0
-505.534 -1873.78 0
-564.885 -1839.4 0
-653.079 -1798.14 0
-627.018 -1879.36 0
-592.753 -1971.86 0
-557.981 -2077.24 0
-581.963 -2140.44 0
-568.42 -2176.34 0
-545.578 -1955.68 0
-498.942 -1833.9 0
-563.984 -1709.63 0
-513.754 -1650.99 0
-454.763 -1634.3 0
-407.731 -1602.63 1
-414.061 -1035.78 1
-460.39 -1035.97 0
-545.798 -1027.26 0
-396.118 -1184.04 0
-364.751 -1307.67 0
-244.563 -1263.41 0
-103.23 -1290.55 0
1557.2 -595.762 0
1463.43 -555.598 1
1381.25 -661.457 0
1378.9 -712.284 0
1382.53 -698.273 0
1459.92 -786.289 0
1567.21 -771.642 0
1597.26 -802.938 0
1669.9 -771.915 1
1728.08 -719.976 1
1805.66 -641.294 0
1617.61 -808.787 0
2880.39 -38.7982 0
