41.4474 -112.428 0
58.6923 -142.932 0
101.477 -274.302 0
17.5859 -307.615 0
-5.64304 -269.97 0
-64.2551 -263.905 0
-96.7758 -253.726 0
192.444 -273.077 0
227.481 -314.186 0
-162.853 312.966 1
-73.598 141.536 0
-73.7926 185.273 0
97.4816 3.91209 0
75.5949 79.9556 0
70.5347 135.39 0
228.711 31.5487 0
165.519 184.691 0
198.818 175.622 0
236.069 190.333 0
150.365 250.891 0
123.759 185.706 1
194.779 164.584 1
141.403 254.983 0
129.115 358.397 0
763.849 82.9164 0
752.552 20.7584 0
742.365 -7.60872 0
708.381 -39.1442 0
705.459 95.1847 0
689.994 235.693 0
638.046 275.69 0
599.693 346.126 0
624.598 386.084 0
432.479 660.28 0
456.64 781.867 1
-3201.2 -2693.47 1
-3257.93 -2726.68 0
-3294.65 -2740.66 0
-3298.44 -2804.93 0
-3309.01 -2811.72 0
-2375.9 -3059.52 1
-2362.88 -3091.4 0
-2671.97 -4337.08 0
-2677.85 -4330.59 0
-2781.67 -4022.21 0
-2818.1 -4058.41 0
-2735.64 -4041.42 1
-2632.35 -5198.81 1
-2611.54 -5229.86 0
-3807.73 -4074.8 0
-3815.37 -4058.76 1
-3844 -4045.56 0
-3815.94 -4061.5 0
-3837.02 -3959.67 0
-4024.38 -3974.52 0
-4034.49 -4009.9 0
-4021.07 -4067.29 0
-4000.67 -4008.93 0
-4034.37 -4007.32 0
-3892.28 -4142.13 1
-3888.93 -4129.52 1
-1907.29 -4750.61 0
-1169.06 -4674.88 0
-1167.07 -4810.16 0
-1093.78 -4868.63 0
-1125.38 -4921.81 0
-1132.92 -4911.6 0
-1113.16 -4831.88 0
