-4.05475 -39.0341 0
96.4341 -67.1036 0
98.9935 -208.078 0
-64.3435 -76.6502 0
-83.7601 -118.854 0
-117.999 -141.704 0
-93.314 -97.494 0
-60.439 -212.114 0
-34.8545 -208.97 0
-22.0983 -177.71 0
-85.2027 -160.99 0
-115.564 -145.839 0
-176.542 -179.283 1
365.631 -309.639 1
366.918 -292.355 0
346.53 -277.885 0
336.14 -241.424 0
330.771 -219.501 0
264.961 -95.6818 0
215.964 -104.74 0
203.852 -113.944 0
218.005 -128.336 0
285.45 -77.3006 0
307.489 -147.812 0
510.194 -226.755 0
549.822 -277.099 0
449.027 -251.178 0
430.919 -176.988 0
412.386 -114.729 0
435.484 -68.6098 0
556.004 2.28734 0
606.788 6.02882 0
698.27 13.7492 0
699.562 6.3936 0
691.087 -3.09144 0
612.966 31.6583 0
581.976 55.076 0
649.588 72.3559 0
765.748 74.9935 0
740.045 28.4495 1
-359.265 -615.462 1
-407.223 -647.258 0
-399.763 -599.147 0
-505.471 -553.55 0
-475.27 -540.059 1
27.8631 -767.662 1
11.9731 -748.08 0
-88.5673 -451.356 0
-59.1495 -558.473 0
-378.822 -910.121 0
1420.86 -1079.31 0
1380.48 -1112.41 0
1377.93 -1130.19 0
1412.19 -1120.35 0
1836.51 -1306.2 0
1820.71 -1283.32 0
1591.52 -732.213 0
1359.42 424.171 0
1511.36 413.709 0
1458.39 447.199 0
1438.53 496.775 0
1458.83 248.516 0
