-33.3186 12.7498 0
-12.8508 43.9093 0
6.48245 105.343 0
-14.2641 177.104 0
-20.9734 158.332 0
15.4732 -19.7868 1
439.499 179.342 1
432.495 176.815 0
402.803 206.316 0
385.64 159.531 0
376.855 99.3005 0
970.739 192.089 0
1014.59 80.4654 0
1044.42 107.149 0
1048.58 106.105 0
1045.85 147.07 0
1078.55 212.368 0
1135.77 265.188 0
1167.12 331.184 0
1176.75 341.464 1
1179.04 1188 1
1147.44 1209.88 0
1140.89 1179.47 0
1091.93 1099.1 0
1053.86 1016.92 0
1029.01 872.846 0
1052.69 968.649 0
1071.35 1023.26 0
1035.58 1080.24 0
964.355 879.92 1
2974.21 -8064.94 1
2931.24 -8524.62 0
2926.04 -8526.12 0
2910.54 -8528.88 0
2893.11 -8540.37 0
2863.76 -8553.08 0
2848.36 -8549.88 0
2841.76 -8538.65 0
2823.61 -8454.45 1
2001.9 -8610.92 1
2078.85 -8540.71 0
2276.04 -8645.93 0
2326.77 -8665.85 0
2346.11 -8671.25 0
2375.51 -8670.49 1
3029.73 -8759.56 1
