0.912302 9.45967 0
-22.81 69.2245 0
-13.3981 36.5124 0
-89.3909 -16.2661 0
-604.737 36.192 0
-568.777 23.8037 0
-533.441 29.5361 0
-494.255 10.1223 0
-448.168 2.41685 1
-219.959 18.8039 1
480.946 -292.237 0
211.55 -61.0904 0
159.914 -70.1172 0
155.392 -47.021 0
175.566 -86.5738 0
331.924 -161.952 0
285.684 -177.159 0
398.851 -99.6189 0
430.78 -30.1457 0
404.638 -7.84677 0
403.97 -3.78757 0
409.752 48.0855 0
367.268 -42.4216 0
400.058 97.3968 0
381.037 111.949 0
477.03 250.103 0
755.164 142.156 0
638.584 158.571 0
592.413 93.4435 0
615.645 102.867 0
642.969 116.746 0
560.934 155.526 0
549.107 210.824 0
572.134 248.327 0
545.709 276.418 1
894.371 414.62 1
890.831 466.114 0
873.481 528.497 0
918.183 516.008 0
918.78 425.257 0
928.254 453.812 0
953.228 440.102 1
824.814 708.588 1
894.031 631.088 0
831.596 709.21 0
823.748 712.168 0
657.31 752.721 0
693.857 751.733 1
959.242 530.001 1
1031.02 391.509 0
1128.27 299.075 0
1221.92 179.549 0
2494.53 -872.731 0
2503.03 -838.259 0
2506.71 -770.234 0
