-65.7424 27.0756 0
-55.8649 95.9372 0
-33.8223 155.9 0
-65.4798 208.631 0
-106.51 369.35 0
-124.908 470.192 0
-113.953 480.201 0
-157.735 323.994 0
-72.8193 4.45581 0
-89.4111 -97.1545 0
-114.936 -158.155 0
-409.564 -224.445 0
-422.943 -213.302 0
-414.576 -236.597 0
-389.044 -220.662 0
-344.905 -180.114 0
-333.103 -262.451 0
-308.581 -277.596 0
-455.149 -22.0912 0
-512.611 3.59267 0
-323.443 -24.5393 1
-1771.86 2346.11 1
-1731.47 2324.81 0
-1803.12 2314.82 0
-1850.48 2337.64 0
-1776.24 2336.11 0
-1791.56 2400.27 0
-1898.33 2475.16 0
-1997.24 2504.89 0
-1957.7 2535.62 0
-1970.57 2572.94 0
-2030.97 2643.06 0
-2073.64 2684.77 0
-2069.88 2783.6 1
-2576.61 1677.6 1
-2424.99 2014.3 0
-2464.55 2038.9 0
-2472.3 2019.25 0
-2303.76 2075.06 1
-2389.04 2092.04 1
-2750.18 2083.52 0
-2740.3 2114.8 0
-2766.88 2116.33 0
-2884.42 2185.07 0
-1476.79 2092.45 0
-1493.86 2110.38 0
-1473.79 2143.44 0
-1623.51 2133.22 1
-610.261 527.005 1
-609.92 451.551 0
-646.481 345.881 0
-683.315 314.572 0
-701.427 324.035 0
-713.171 346.62 0
-729.089 365.566 0
-767.95 454.821 0
-754.452 770.848 0
-864.706 834.984 0
-846.905 863.803 0
-683.758 858.124 0
-370.549 935.881 0
-822.752 762.116 0
-1726.63 670.609 0
-1738.93 687.849 0
-1730.41 738.42 0
-1951.06 1059.94 0
-1891.8 1029.94 1
-1866.63 1069.14 1
-1995.27 1158.88 0
-2189.3 1304.39 1
-2259.67 1397.37 1
-2162.16 1271.51 1
-2180.52 1268.14 0
-2176.59 1283.01 0
-3017.25 1459.72 1
-2985.79 1387.15 1
-2773.07 1281.8 0
-2442.61 1324.24 0
-2342.79 1286.4 0
-2115.74 1326.2 0
-2091.82 1291.15 1
-24500.7 1226.07 1
-24563.4 1233.9 0
-24618.4 1253.42 0
-24432 1262.77 0
-24449.9 1334.9 0
-24455.3 1407.5 1
-22973 1424.96 1
-22935.1 1418.87 0
-22944.4 1524.74 0
-22971.2 1851.02 1
-23009.1 2321.48 1
-23160.1 3655.03 0
-23044.9 3543.36 0
-23011 3596.62 0
-23144.9 3332.28 0
-23164.6 3320.69 0
-23316.5 2769.77 0
-23173.7 4203.96 0
-23182.9 4160.88 0
-23227 3990.88 0
-23357.1 8962.79 1
-18025.8 161194 0
