3.02813 2.44156 0
34.0789 17.5624 0
46.0587 6.74766 0
102.108 -6.52417 0
97.8997 -6.34011 0
230.487 -7.48258 0
80.7745 -65.8265 0
163.493 -172.722 0
216.287 -259.673 0
122.95 -232.638 0
296.364 -305.987 0
-77.4637 -122.053 0
-44.3023 -121.052 0
1510.8 -201.975 0
1520.2 -227.055 0
1537.82 -242.451 0
1588.05 -245.311 0
1708.15 -70.8883 0
1700.18 -58.9438 0
1994.61 40.0938 1
1900.26 30.7935 1
1929.63 22.4071 0
1936.41 12.6158 0
1820.05 -61.8478 0
2172.5 -129.928 0
2093.71 -184.809 0
2034.53 -253.011 0
2033.33 -271.523 0
2069.74 -295.273 0
2324.42 -382.64 0
2288.19 -396.9 0
2379.97 -667.101 0
2371.21 -584.967 0
2544.22 -499.858 0
2543.44 -392.946 0
2543.56 -363.732 0
2049.64 12.6226 0
2061.13 -38.113 0
2057.07 4.117 0
2141.38 136.347 0
2050.83 -45.4529 0
1993.16 81.6378 1
2586.91 -364.635 0
2601.88 -323.062 0
2586.2 -293.611 0
2627.12 -266.62 0
2062.17 -155.766 0
1962.31 -91.4789 0
1960.43 -17.3625 0
1984.85 -2.79875 0
1961.24 75.6931 0
