113.52 -55.1185 0
121.63 -15.8069 0
85.1272 7.01416 0
101.874 78.3205 1
242.337 -510.088 1
294.193 -495.987 0
290.969 -495.14 0
294.464 -512.559 0
294.914 -520.678 0
308.942 -521.242 0
380.644 -469.193 0
394.387 -433.078 1
443.055 -313.982 1
170.359 -691.289 0
119.686 -681.436 0
167.074 -664.862 0
98.5019 -608.102 0
127.488 -487.244 0
-29.3295 -477.813 0
-32.2773 -509.119 0
-37.2362 -512.085 0
-30.9605 -525.263 0
-9.6612 -512.246 0
231.963 -576.099 0
2.11078 -597.08 1
-7.35154 -645.844 1
-260.142 -582.658 1
-323.854 -619.292 0
-333.552 -622.993 0
98.3438 -737.392 0
-488.75 -393.253 0
-499.632 -289.43 0
-662.185 -313.045 0
-1783.83 -1109.71 0
-1624.63 4412.22 0
-1654.77 9506.69 1
-1732.77 9511.01 0
-1828.15 9523.97 0
-1861.96 9485.3 0
-1998.02 9096.29 1
-1982.08 9066.19 0
-1927.02 8959.6 0
-1942.84 8975.36 1
-1785.13 9102.79 1
-1467.34 9010.14 1
-1393.47 9003.03 0
-1394.71 8970.32 0
-1469.84 8975.04 0
-1593.22 8995.35 1
-1497.96 8983.48 1
257.316 6916.96 0
