-2.16688 -16.1172 0
37.2784 -26.8327 0
280.798 -209.831 0
272.924 -259.235 0
278.41 -255.069 0
289.523 -247.311 0
1936.68 -879.789 0
4376.43 -2466.59 0
4335.05 -2423.55 0
4309.77 -2412.44 0
3975.45 -2172.83 0
3377.49 -1423.19 1
3825.12 -2824.8 0
3887.19 -2852.86 0
3840.21 -2791.09 0
3806.9 -2708.17 0
3799.35 -2666.26 0
3806.25 -2648.3 0
3780.92 -2621.88 0
3855.15 -2595.99 0
3875.32 -2616.29 0
4178.6 -2392.4 0
4207.65 -2504.94 0
4291.07 -2375.55 0
4324.32 -2413.59 0
4305.77 -2438.28 0
4311.52 -2473.84 0
