-17.5979 54.7995 0
-28.2794 53.163 0
4.5197 94.697 0
32.8285 73.9062 0
73.1611 69.5137 1
149.285 53.4909 1
184.231 -0.294273 0
192.788 42.6752 0
206.637 9.34295 0
238.602 -12.7468 0
449.124 -230.098 0
336.922 -9.5296 0
332.406 58.1558 0
338.216 14.0859 0
328.447 -63.675 0
323.959 -116.748 0
219.238 -140.893 0
113.677 -117.96 0
215.639 -159.836 0
240.499 -202.006 1
136.997 40.1897 1
257.929 69.3763 0
340.808 30.5243 0
401.897 6.21674 0
439.879 -28.026 0
462.671 -50.815 0
447.455 -33.8204 0
478.463 -82.9536 0
420.29 1.438 0
408.354 -43.6614 0
415.318 -21.6325 0
414.399 29.2958 0
470.015 131.238 0
515.449 169.425 0
482.832 254.496 0
455.459 344.132 1
246.625 1009.66 0
14230.6 -10800.4 0
