3.83704 -0.952302 0
-9.27384 10.0524 0
0.502476 45.4174 0
-32.8269 24.3418 0
-79.5372 52.1729 0
-89.7703 68.7312 0
-38.898 119.998 0
166.783 241.92 0
140.814 236.995 0
169.091 179.508 0
119.836 161.121 0
147.975 146.246 1
190.157 134.732 1
160.599 202.247 0
234.604 169.382 0
244.645 147.308 0
249.373 120.538 0
285.582 158.109 0
267.546 349.122 0
316.626 314.011 1
345.917 24.1468 1
365.64 -1.01698 0
525.85 179.805 0
608.832 135.848 0
613.649 58.4721 0
621.353 -49.9138 0
625.496 -165.678 0
616.387 -173.358 0
611.224 -170.945 0
604.031 -139.937 0
603.471 -65.8371 1
430.537 112.69 1
460.507 119.915 0
591.339 202.994 0
887.443 -181.686 0
876.133 -132.654 0
789.963 -83.3189 0
815.28 15.2863 1
515.01 484.644 1
1210.68 243.582 0
1192.07 358.074 0
1203.24 232.963 0
