-29.9047 99.2227 0
-83.5739 215.32 0
-17.0405 320.805 0
-82.9509 264.428 0
-98.5215 308.024 1
554.034 248.631 1
1513.56 3010.23 0
1630.92 3031.93 0
1690.95 2867.05 1
1715.15 2819.1 1
1771.39 2785.67 1
1783.69 2759.77 0
1905.4 2556.92 0
1921.4 2539.77 0
1916.9 2509.4 0
1925.37 2303.19 0
1962.41 2212.62 0
1938.02 2211.42 0
1872.52 2265.24 0
1832.81 2207.72 0
2069.33 2350.84 0
2109.2 2401.72 0
2063.1 2630.69 0
2006.11 2630.18 0
1968.55 2660.09 0
1931.26 2674.17 0
1968.32 2657.28 1
1963.29 2580.38 1
1978.12 2559.19 0
1982.42 2588.46 0
1980.62 2550.67 0
2075.25 2708.41 0
2078.89 2711.73 0
2139.65 2651.75 0
1993.63 2312.87 0
2033.5 2245.9 0
2044.22 2223.69 0
1839.07 2655.18 1
1949.26 2043.29 0
1934.25 2140.89 0
1932.62 2217.31 0
1867.31 2228.83 0
1869.62 2260.42 1
-16164.2 3400.25 1
-16229.1 3462.67 0
