-12.9238 -5.86302 0
3.2196 14.3914 1
34.2566 63.9436 1
62.8688 70.2049 0
52.3171 83.8907 0
53.9985 49.3007 0
133.958 12.1723 0
174.112 2.79266 0
170.091 -36.7361 0
292.445 -43.3389 1
297.913 -77.3988 1
288.498 -46.3991 0
266.357 -68.0017 0
241.765 -49.3209 1
259.637 64.3992 1
332.483 43.7103 0
380.53 32.4283 0
461.712 19.2029 0
591.76 -27.0109 1
345.297 7.45645 0
590.381 80.053 0
601.083 115.208 1
620.46 132.476 0
587.656 132.838 1
548.955 188.13 0
516.365 212.096 1
1370.77 269.338 0
1413.97 312.439 1
1401.54 328.246 1
2340.71 197.637 0
2367.73 268.771 1
2287.26 219.796 1
2486.43 32.9834 1
2481.95 33.5804 0
2161.39 335.738 0
2124.96 238.117 0
2112.45 217.017 0
2024.72 230.421 0
2035 290.265 0
2014.72 352.62 1
13486.5 -2553.09 1
