-9.42536 22.9642 0
-15.1986 72.4475 0
245.335 17.4882 0
234.41 -31.5078 0
231.031 -38.5061 0
213.578 -46.262 0
218.637 77.6198 0
212.799 202.197 0
188.709 211.135 0
173.308 230.38 0
197.036 252.301 0
-36.4329 411.508 0
-25.7133 469.755 1
-102.247 -734.665 1
-122.555 -811.558 0
-109 -805.139 0
-117.368 -863.478 0
-123.266 -903.931 0
202.584 -1069.73 1
206.721 -1070.85 0
113.239 -1679.89 0
106.963 -1721.45 0
37.8362 -1439.89 0
47.3687 -1475.5 0
117.31 -1446.85 1
-803.389 -4301.38 1
-791.971 -4340.37 0
-830.456 -4322.35 0
-815.822 -4313.03 0
-814.756 -4291.45 0
-806.819 -4273.34 1
-890.019 -4091.14 1
-1884.54 -4302.86 0
-1887.94 -4347.2 0
-1878.01 -4382.13 0
-1869.96 -4350.3 0
-1900.52 -4347.96 1
8273.15 -4784.5 1
8264.07 -4732.44 0
