32.8426 -54.3529 0
59.8642 -81.5523 0
315.029 -239.099 0
268.985 -243.777 0
304.728 -278.428 0
321.108 -261.602 0
335.607 -240.17 0
340.778 -199.125 0
331.346 -48.0534 0
346.391 -102.029 0
435.598 -360.096 0
423.112 -366.087 0
400.126 -333.366 0
448.162 -303.039 0
430.951 -289.469 0
455.133 -265.081 0
491.435 -284.144 0
480.884 -269.025 0
572.257 -223.363 0
513.594 -131.489 0
487.325 -103.748 0
469.122 -92.421 0
453.145 -103.41 0
424.633 -52.5975 0
410.84 -81.3517 1
367.908 -130.297 1
393.104 -188.43 0
449.673 -192.596 0
499.625 -244.06 0
681.571 -513.739 0
663.458 -513.2 0
661.601 -460.078 0
582.119 -449.419 0
579.657 -383.961 0
551.469 -143.362 0
555.78 -125.543 0
613.992 -132.51 0
657.331 -144.838 0
653.232 -70.0486 0
603.474 -148.963 0
587.25 -148.686 0
552.712 -177.392 0
600.073 -190.542 0
699.615 -181.574 0
781.645 -167.484 0
785.864 -152.009 0
788.039 -161.468 0
826.274 -184.615 0
889.302 -512.126 0
934.531 -590.083 0
973.398 -625.572 0
991.934 -661.121 0
981.484 -708.5 0
954.272 -689.186 0
904.297 -580.522 0
757.874 -557.25 0
718.865 -523.981 0
719.233 -486.361 0
783.649 -455.39 0
799.766 -400.516 0
828.947 -360.22 0
775.335 -299.749 0
800.361 -273.104 0
786.485 -308.048 0
773.363 -334.94 0
638.604 -334.177 0
884.072 -243.634 0
906.872 -182.446 0
880.72 -142.639 0
897.113 -148.854 0
925.614 -116.96 0
995.461 -125.869 0
988.207 -144.968 0
1059.52 -162.609 0
1145.33 -142.539 0
1184.89 -107.35 0
1178.9 -88.1727 0
1119.9 -110.891 0
1126.94 -80.2021 0
1090.41 -82.9307 0
1061.76 -71.9835 0
914.614 -88.8317 0
766.12 -105.066 0
918.021 -105.11 0
918.858 -138.23 0
632.152 -67.9275 0
893.367 -96.5262 0
867.474 0.527489 0
857.59 43.975 0
849.469 69.5645 0
843.403 70.7905 0
903.074 63.9525 1
2788.3 -158.043 1
2760.7 -240.262 0
508.186 2279.76 0
615.068 2254.64 0
-1874.86 2022.73 0
-1868.03 2031.17 0
-1837.84 2024.67 0
-1646.22 2217.71 0
-1594.56 2191.41 0
-1593.68 2195.09 1
-6161.83 3203.44 1
-6232.42 3116.69 0
-5746.19 2964.94 1
-5549.07 2902.73 0
-5616.9 2914.5 1
-5610.52 3450.15 1
-5621.21 3518.08 0
-5607.88 3551.24 0
-5569.73 3551.11 0
-5453.8 3336.31 1
-5467.79 3450.28 0
-5528.73 3447.91 1
-5103.34 3018.27 1
