-28.9414 27.9521 0
-326.061 -41.4747 0
-349.105 -127.916 0
-348.691 334.762 0
-399.023 334.542 1
-364.276 381.314 0
-388.739 450.405 1
-123.039 -153.63 0
-84.0968 -197.677 0
-40.6745 -119.907 0
-130.243 -86.0496 0
233.947 -80.3096 1
192.262 9.71377 0
183.389 54.3048 0
142.023 156.727 0
139.033 150.982 0
148.451 158.941 0
163.44 161.001 0
185.613 162.541 0
213.469 167.162 0
399.04 89.0538 0
393.024 158.693 0
522.212 177.49 0
555.484 130.664 0
580.568 79.108 0
607.277 9.07738 0
632.955 100.142 0
646.607 268.211 0
678.517 293.432 0
508.674 318.501 0
592.84 337.967 0
474.371 17.7269 0
-456.325 718.242 0
-251.519 588.357 1
-323.272 484.114 1
3897.59 508.424 1
3855.95 520.099 0
3866.17 505.991 0
3915.91 472.448 0
3920.27 484.826 0
3926.09 532.099 0
3890.96 587.889 0
3869.48 648.324 0
3865.75 676.864 0
3860.12 727.096 1
3829.68 735.907 1
3792.77 883.711 0
3780.08 972.485 0
3732.25 1021.28 0
3740.38 1144.35 1
3505.18 1067.37 1
3850.43 870.763 0
3866.12 877.137 0
3907.19 787.275 0
3914.5 778.593 0
3911.56 648.624 0
3928.95 644.871 0
3922.95 606.695 0
3889.95 579.72 1
4384.31 638.998 1
4517.59 -758.848 0
4464.06 -723.805 0
4664.6 -808.503 0
3698.72 -702.396 0
4021.98 -638.118 0
3938.12 -794.15 0
3961.98 -782.307 0
3994.69 -758.404 1
3580.75 -898.42 1
3610.67 -908.264 0
3550 -899.858 0
4122.12 -711.031 0
4066.17 -693.867 0
4070.25 -690.604 0
4092.88 -734.749 0
4115.74 -742.035 0
4086.36 -694.497 0
4121.79 -763.102 0
4131.64 -720.293 0
4170.96 -624.624 0
4182.94 -563.677 0
4293.34 -518.502 0
4356.1 -451.415 0
4386.57 -397.66 0
4387.67 -294.821 0
4329.66 -240.501 0
4260.97 -194.306 0
4244.53 -245.888 0
4280.08 -355.255 0
4382.47 -557.831 0
4326.93 -550.589 0
4548.34 -654.895 0
