-9.23731 8.67922 0
-131.875 -12.0665 0
-139.992 -34.5927 0
-106.888 -96.844 0
-101.171 -137.113 0
-111.417 -172.587 0
-71.6257 -135.915 0
-32.9137 -103.323 0
-62.4016 175.422 0
-40.4218 -322.881 0
46.8759 -206.204 0
121.994 -267.681 0
133.414 -255.458 0
145.987 -207.602 0
200.308 119.197 0
151.949 198.486 1
274.435 -254.469 1
356.927 -196.38 0
218.15 -239.888 0
179.832 -239.769 0
78.8981 -354.496 0
201.295 -255.906 0
127.749 -237.17 0
101.01 -212.94 1
1846.27 -882.858 1
1814.8 -813.591 0
1983.66 -882.181 0
2003.34 -901.024 0
2205.57 -881.968 0
2290.03 -1119.12 0
2279.49 -1138.72 0
2280.79 -1176.43 0
2276.79 -1179.54 0
2273.54 -1180.7 0
2282.78 -1021.43 0
2249.67 -962.098 0
2298.98 -897.903 0
2002.81 -1198.09 0
1980.78 -1069.21 0
1980.32 -1058.22 0
1323.66 -403.047 0
-1905.96 -1724.17 1
-1816.21 -1742.38 0
-1835.43 -1726.93 1
-1699.31 -1740.7 1
1919.84 -3023.83 0
