-29.7166 16.0902 0
-85.114 28.0259 0
-772.526 -177.795 0
-1047.13 -432.798 1
-8091.52 -3607.91 1
-8137.12 -3596.94 0
-8121.11 -3544.47 0
-8146.53 -3535.22 0
-8099.12 -3562.05 0
-8005.06 -3576.84 0
-7979.66 -3534.48 0
-7951.29 -3469.26 0
-7971.81 -3351 1
-8048.52 -3354.52 1
-8147.57 -3340.74 0
-8176.51 -3299.28 0
-8257.12 -2994.36 0
-8235.86 -2917.66 0
-7353.2 -3002.74 0
-7693.86 -2785.77 1
-7233.84 -2934.75 1
-7113.65 -2716.66 0
-7368.55 -2800.04 0
-6392.06 -2669.74 1
-6331.8 -2749.14 0
-6341.92 -2767.42 0
-6346.34 -2808.2 0
-6339.38 -2813.24 0
-6319.18 -2844.99 0
-6333.97 -2887.44 0
-6256.08 -2921.69 0
-6272.57 -2678.26 0
-6303.02 -2562.57 0
-6328.36 -2431.13 0
-5822.01 -2802.86 0
-5789.4 -2821.42 0
-5800.7 -3156.12 0
-5771.55 -3084.92 0
-5799.67 -3076.95 0
-5827.21 -3062.91 0
-5735.55 -3090.56 0
-5795.36 -3049.95 0
-5784.22 -3134.34 0
-5784.61 -3166.22 0
-5877.59 -3164.02 0
-5845.91 -3163.61 0
-5782.08 -3161.11 0
-5741.7 -3138.09 0
-5773.26 -2989.88 0
-5515.14 -3263.27 0
-5510.43 -3280.85 0
-5647.66 -3257.65 0
-5712.87 -3059.43 0
-5727.95 -2985.63 0
-5719.67 -2972.95 0
-5702.25 -2904.2 0
-5657.65 -2834.8 0
-5634.19 -2540.04 0
-5751.26 -1888.05 0
-5806.78 -2008.85 0
-5902.75 -2142.07 0
-5939.2 -2134.19 0
-6006.23 -2084.04 0
-5386.46 -2457.18 0
-5418.12 -2526.2 0
-5439.16 -2458.25 0
-5455.78 -2434.85 0
