-272.704 284.232 0
-337.543 366.049 0
-324.323 406.843 0
-343.266 416.514 0
161.385 228.541 0
189.08 196.67 0
219.552 204.511 0
257.751 209.652 0
250.419 198.325 0
184.995 150.885 1
495.996 -706.963 1
497.651 -640.06 0
485.535 -385.73 0
666.747 -227.016 0
946.49 106.019 0
838.805 356.759 0
790.171 303.754 0
754.19 286.731 0
700.103 251.549 0
721.656 214.974 0
644.739 265.006 0
631.911 345.328 0
888.749 449.845 0
883.485 476.68 0
974.85 403.484 0
947.364 340.326 0
926.765 169.293 0
909.413 113.354 0
1074.14 -81.2817 0
1024.69 -55.3143 0
1028.4 -39.0345 0
1005.91 -30.9183 0
968.039 -12.3564 0
919.046 -8.78512 0
1007.7 171.404 1
717.313 -56.7029 1
700.452 -42.8665 0
773.606 -91.6993 0
794.768 -60.5232 0
823.223 -159.514 0
657.013 -332.309 0
708.296 -435.252 0
683.54 -436.905 0
801.942 -75.6366 0
844.004 -51.8922 0
811.471 -74.4809 0
860.161 -107.054 0
870.213 -133.048 0
824.088 -121.749 0
767.202 -78.8106 0
699.432 30.8941 0
694.958 34.2902 0
662.818 48.4696 0
717.512 -64.1768 0
851.5 -160.306 0
971.566 31.1298 0
1175.29 -130.835 0
1194.25 -106.485 0
1179.97 -98.58 0
1120.95 -111.697 0
1027.59 -90.2883 0
859.258 -163.374 0
895.771 -125.049 1
1170.94 -628.539 1
1239.42 -588.647 0
1229.69 -602.494 0
1217.52 -624.981 0
1701.95 -138.848 0
1688.53 -118.643 0
1661.95 -95.9924 0
