16.013 25.6282 0
3.58172 75.6906 0
25.0551 152.583 0
51.1565 148.705 0
97.8553 132.34 0
193.666 80.8264 0
106.645 427.879 0
298.121 530.743 0
317.589 532.913 0
319.722 493.641 0
416.892 399.403 0
445.086 329.871 1
466.244 227.453 1
455.898 240.812 0
439.65 232.637 0
407.541 293.401 1
441.252 270.446 1
417.63 247.242 0
432.419 262.288 0
560.18 329.025 1
547.043 351.078 1
533.396 373.936 0
505.382 335.037 0
485.966 322.119 1
497.924 288.332 1
469.605 262.505 0
459.797 274.057 0
472.868 291.744 0
364.495 353.693 0
425.808 374.298 0
459.09 484.366 0
532.001 535.812 0
541.247 531.987 0
510.682 595.503 1
125.52 -720.985 1
229.498 -798.623 0
373.264 -744.764 0
299.614 -721.099 0
268.569 -724.381 0
284.067 -696.615 0
249.623 -640.721 1
1729.46 -472.543 1
1729.57 -494.958 0
1711.75 -493.046 0
1737.97 -460.212 0
1705.77 -439.73 0
1617.06 -299.447 0
1650.91 -232.594 0
1586.5 -135.914 0
1703.26 1.55508 0
1621.98 52.3525 1
2027.86 802.981 1
2151.32 1422.39 0
2258.46 1267.21 0
2306.83 1223.11 0
2332.33 1146.1 0
2320.35 1126.61 0
2285.75 1131.13 0
2173.6 1147.05 0
2181.6 1155.02 0
2188.77 1156.19 0
2208.72 1164.89 0
2488.33 1043.77 0
2546.85 1002.8 0
2548.86 956.826 0
2635.25 961.739 1
2019.77 1696.3 1
2159.15 1910.83 0
