40.8639 -2.9644 0
28.9643 2.86746 0
53.6111 34.179 1
48.4799 91.9787 1
30.4046 -33.3762 0
-17.3751 -53.8167 0
14.1441 56.2799 0
46.8886 40.806 0
71.4254 8.85698 0
117.562 -54.2137 0
139.422 -53.5649 0
117.479 -192.918 0
293.845 -323.583 0
338.982 -312.582 0
353.922 -277.831 0
332.13 -96.4636 0
331.231 -122.695 0
499.078 -64.9856 0
502.443 -50.8572 0
499.575 -49.0661 0
639.707 147.016 0
697.372 168.073 1
704.354 136.188 1
648.273 -15.7796 0
307.703 -226.505 0
272.628 -193.167 0
264.557 -184.201 0
257.219 -194.428 0
255.605 -192.993 0
286.645 -136.704 0
746.746 -168.086 1
713.969 -143.695 0
696.668 -49.5341 0
603.132 210.039 0
727.261 -25.8356 0
916.714 -85.7915 0
1034.21 -224.189 1
1087.93 -213.639 1
1030.27 -241.889 0
1006.2 -279.843 0
1015.37 -319.797 0
1036.51 -253.512 0
1063.96 -415.026 0
1181.46 -487.474 0
1493.55 -795.358 0
1398.78 -813.73 0
1418.55 -754.436 0
1371.48 -665.735 0
1429.1 -667.021 0
1444.17 -700.52 0
1656.98 -944.15 0
1691.46 -886.071 0
1978.66 -600.426 0
