-70.4663 104.025 0
-162.295 13.4538 0
-120.266 -34.6716 0
-58.9094 -110.198 0
-103.513 -137.039 0
-98.5873 -134.069 0
-105.676 37.2306 0
180.294 -173.977 0
212.611 -197.572 0
225.53 -213.41 0
129.793 -107.805 0
167.32 -99.7888 0
167.044 -60.486 0
166.203 -165.191 0
192.052 -200.263 0
136.194 -180.542 0
48.934 -148.063 0
110.942 -84.7831 0
121.381 -126.823 0
85.7782 -101.858 0
117.723 -86.1159 0
205.879 -352.195 0
191.864 -309.072 0
198.269 -254.06 0
195.47 -226.653 0
209.358 -203.531 0
263.109 -170.759 0
217.921 -129.721 0
174.882 -177.523 0
286.553 -144.9 0
315.754 -152.236 0
43.3616 -640.089 0
31.3415 -655.963 0
70.1165 -627.565 0
-151.668 -361.965 0
30.9365 -439.836 1
122.01 -584.862 0
126.08 -653.651 0
115.794 -720.097 0
133.735 -689.979 0
52.3304 -580.106 0
24.5378 -405.074 0
15.6363 -389.433 0
6.94082 -528.635 0
-32.1504 -431.997 0
-34.3569 -369.544 0
-51.6935 -369.112 0
-102.645 -335.137 0
-121.958 -321.076 1
-207.958 -219.672 1
-140.713 -258.316 0
-70.9869 -262.485 0
-7.88087 -216.378 0
141.111 -247.27 0
137.075 -347.345 0
125.32 -332.574 0
111.696 -328.192 0
95.5786 -329.99 0
75.6462 -503.397 0
146.44 -535.237 0
167.278 -499.087 0
139.605 -433.403 0
99.4584 -350.143 0
151.547 -199.234 0
190.059 -252.738 0
183.28 -224.763 1
246.091 -689.562 1
163.32 -654.019 0
120.681 -408.706 0
145.665 -407.479 0
173.48 -403.289 0
189.533 -414.894 0
188.443 -377.046 0
232.991 -504.389 0
374.788 -756.546 0
164.616 -214.508 0
-441.333 -45.3162 0
101.343 -8.32061 0
1074.94 -2610.91 1
