824.239 -78.7179 0
914.183 -15.1787 1
884.581 -37.3154 1
895.352 -126.646 0
955.166 -147.244 0
880.386 103.32 0
930.493 148.016 0
850.298 111.52 0
842.162 68.4966 1
822.037 39.5014 1
844.165 66.0151 0
855.618 59.5674 0
981.323 -65.9213 1
1020.65 -39.1245 1
924.541 -210.15 0
1196.24 -399.188 0
1177.61 -405.626 0
1201.83 -422.559 0
1142.29 -408.555 0
1088.58 -374.086 0
1094.89 -373.636 0
1107.48 -352.349 0
1144.22 -337.013 0
1194.37 -352.742 1
1320.93 -191.855 1
1295.31 -156.574 0
1364.07 -183.444 0
1443.88 -75.0394 0
1461.19 -153.086 0
1553.3 -203.539 0
1600.41 -206.943 0
1776.33 -189.415 0
1799.18 -254.259 0
1819.14 -287.894 0
1748.42 -291.49 0
1783.43 -300.667 0
1783.11 -304.988 0
1747.99 -286.463 0
1786.5 -317.444 0
1772.41 -332.58 0
1735.51 -295.136 0
1716.99 -193.111 0
1705.75 -162.23 0
1746.21 -117.955 0
1897.71 -112.875 0
1870.23 -47.7771 1
1852.49 -149.994 1
1462.06 -673.669 0
1464.46 -710.851 0
1682.68 -717.196 0
2169.92 -871.177 0
2156.69 -721.106 0
2063.18 -612.167 0
2107.22 -548.466 1
2068.51 -544.97 1
2079.3 -552.086 0
2074.71 -557.339 0
2127.5 -527.85 0
2138.34 -512.667 0
