-30.203 25.3217 0
113.229 193.796 0
-431.024 247.753 0
-447.853 298.422 0
-472.115 369.924 0
-463.352 384.684 1
-279.156 228.322 1
-293.418 212.204 0
-465.196 218.772 0
-543.792 221.051 0
-538.203 170.238 0
-547.782 123.598 1
-498.26 94.4133 1
-238.981 158.616 0
69.7887 116.237 0
118.32 154.328 0
197.389 61.0291 0
180.856 139.048 0
278.883 207.822 0
11.5251 -6.29486 0
-24.2722 22.9205 0
60.9346 -52.1598 0
109.638 -1.65435 0
158.681 -79.4334 1
300.855 519.269 1
219.834 545.671 0
186.466 582.182 0
224.643 569.798 0
258.357 558.445 0
290.163 546.882 0
268.897 460.921 0
239.673 444.767 1
163.079 -284.583 1
146.906 -293.745 0
140.901 -290.564 0
152.715 -279.707 0
79.6267 -261.813 1
-3660.77 -159.517 1
-3406.02 -154.42 0
-3342.85 -222.126 0
-3298.61 -235.964 0
-3186.03 -251.999 1
-2601.19 -237.474 1
-2605.61 -277.161 0
-2602.21 -278.361 0
-2654.98 -234.811 0
-2676.36 -233.241 0
-2714.55 -130.57 0
-2646.19 -63.384 0
-2666.7 -129.513 0
-2659.11 -146.906 0
-2620.43 -547.791 0
-2593.83 -406.563 1
