-11.1451 52.8783 0
14.4712 56.6057 0
0.968718 12.314 0
27.8741 -48.1576 0
74.5392 -99.7104 0
91.3007 -193.077 0
123.714 -158.552 0
111.036 -75.6164 0
105.579 10.9007 0
63.2088 69.3783 0
47.0132 100.2 0
119.059 185.455 0
138.521 242.271 0
126.963 295.814 0
71.236 305.521 0
58.9203 254.054 0
67.2193 222.164 1
86.6032 313.968 1
81.6431 314.966 0
102.39 321.476 0
147.864 311.462 0
90.9668 323.251 0
76.5345 339.963 0
19.978 342.212 0
14.3887 323.266 0
-14.2519 369.002 0
-15.1064 400.567 0
-140.406 514.256 0
-15.5852 499.639 0
76.401 522.01 0
50.088 599.759 0
83.2241 693.333 0
66.1211 706.916 0
162.747 957.93 0
185.449 897.198 1
144.918 777.431 1
143.825 776.077 1
177.553 514.912 1
190.532 522.093 0
161.83 570.431 0
133.727 594.593 0
129.701 656.679 0
124.392 733.987 0
167.897 812.635 0
290.525 900.266 0
241.412 1007.91 0
331.278 694.306 0
309.245 653.484 0
296.494 685.527 0
289.689 715.49 0
218.822 731.726 0
223.498 760.954 0
204.127 746.485 0
225.953 796.185 0
162.265 795.194 0
92.9152 916.26 0
117.294 883.072 0
194.006 835.351 0
-387.832 1481.4 0
-386.457 1582.11 1
-194.018 1164.23 0
-192.412 1178.2 1
-115.387 1429.7 1
-112.035 1476.28 0
-89.1323 1418.17 0
-440.873 1878.92 0
-437.438 1882.13 1
-413.352 1982.18 1
-531.3 1343.08 0
784.438 1498.55 0
746.193 1527.28 0
798.063 1492.35 1
796.281 1507.37 1
788.22 1509.69 0
1131.82 1190.14 0
954.403 1355.54 0
892.416 1418.26 0
783.582 1484.99 0
1010.91 1296.08 0
1010.06 1303.13 0
1039.66 1270.19 0
1110.84 1198.31 0
1279.26 1004.58 0
1254.44 1087.17 0
1247.77 1099.98 0
1239.31 1054.32 0
1289.35 1104.2 1
1266.5 1086.72 0
1197.16 1195.99 1
1473.21 851.423 0
1487.85 760.174 0
1336.87 737.893 0
1373.45 1001.17 0
1597.15 1554.06 0
1420.08 1325.95 1
