-62.5813 -40.6207 0
-81.9697 -92.1038 0
24.4905 -157.296 0
-22.2094 -120.985 0
-15.4848 -197.912 0
-7.74617 -248.391 0
30.7131 -246.976 0
249.367 -172.085 0
216.276 -232.411 0
209.67 -244.286 0
200.676 -254.097 0
190.87 -279.845 0
159.112 -353.307 0
186.492 -377.708 1
176.933 -399.514 1
670.848 37.8395 0
741.755 391.911 0
714.521 369.377 0
620.366 385.171 0
524.4 415.792 0
522.596 406.956 1
637.933 329.648 1
622.599 354.453 0
609.986 355.299 0
687.466 418.756 0
889.649 527.859 1
915.384 512.138 1
923.944 542.236 0
947.515 589.16 0
1018.7 638.067 1
1022.38 615.886 1
1407.99 188.059 0
1414.03 192.186 0
1435.47 212.313 0
1363.79 251.016 0
1379.35 218.42 0
1313.8 245.41 0
1311.36 242.772 0
1324.92 244.073 0
1328.54 250.516 0
1438.07 286.185 0
1412.36 331.073 0
1413.87 367.868 0
1368.27 425.267 0
1383.58 427.264 0
1439.97 440.727 0
1556.66 399.673 1
1581.92 400.919 1
1483.09 425.507 1
592.844 298.274 1
622.451 300.249 0
609.514 337.735 0
521.573 433.992 0
525.43 604.238 0
542.686 525.686 0
532.413 523.144 1
742.014 494.935 1
827.573 482.311 0
837.522 483.67 0
843.525 487.105 1
142.738 775.975 1
222.498 774.395 0
511.73 683.51 0
452.005 713.175 0
612.326 948.415 0
1110.04 685.175 1
1112.54 682.828 0
1173.22 638.954 0
