-206.316 263.791 0
-207.533 344.505 0
-182.309 385.841 0
-157.712 336.841 0
-172.168 305.936 0
-182.59 241.752 0
-91.8989 86.6034 0
-60.692 84.1984 0
-34.5662 50.5262 0
-17.9878 70.5999 0
-49.0439 135.705 0
-32.3611 151.911 0
105.29 169.698 0
124.326 181.546 0
151.596 146.713 0
17.7163 150.961 0
184.998 -218.623 0
-33.3593 -906.493 0
-2.04832 -977.397 0
-60.3252 -989.617 0
-659.321 -695.782 0
-663.63 -624.37 0
-595.184 -591.809 0
-313.205 -496.026 1
-237.669 -496.762 0
-229.312 -453.065 0
-210.914 -409.431 0
-205.899 -339.944 1
5933.83 -4749.78 1
6139.6 -4746.33 0
6132.84 -4759.22 0
