3.05468 -54.3219 0
18.6964 -85.5547 0
62.2719 -73.809 0
110.134 -56.7882 0
120.939 -22.6551 0
117.279 -4.6059 0
53.4379 76.5105 0
42.5919 126.754 0
34.577 125.002 1
155.426 -219.225 1
147.762 -224.233 0
153.495 -234.467 0
171.369 -241.361 0
181.422 -192.92 1
174.8 -156.081 1
298.6 -141.616 0
339.678 -98.0562 0
329.412 -22.7404 0
255.84 9.52527 0
192.686 41.2641 0
361.49 42.9425 0
461.213 135.041 0
443.941 90.8361 0
-784.245 338.006 0
-988.338 684.555 1
-1020.54 616.133 0
-979.499 606.613 0
-956.17 567.513 0
-766.989 540.739 0
-459.369 474.783 0
-458.764 442.221 0
-478.142 493.725 0
-95.5765 636.771 0
27.7209 614.761 1
1323.96 534.299 1
1471.27 642.948 0
1474.01 589.65 0
1495.8 568.776 0
1541.45 569.574 0
2450.35 -217.307 0
1675.82 -107.462 0
1622.21 -107.469 0
2366.5 -199.094 0
2353.59 -209.531 0
2401.46 -194.89 0
2426.89 -149.417 0
2421.44 -145.78 0
2472.59 -97.4565 0
2460.85 -157.079 0
2240.1 322.106 0
3264.09 31.3025 0
