10.1766 -38.7134 0
35.8631 -82.7626 0
53.7989 -87.0089 0
310.355 -304.503 0
190.582 -317.787 0
609.837 -245.29 0
634.454 -343.867 0
811.05 -152.996 0
761.496 -179.293 1
770.886 -170.635 1
775.804 -55.2792 0
783.682 -27.434 0
757.645 27.1813 0
756.08 19.6608 0
771.244 -30.4452 0
797.41 -136.959 0
771.361 -103.859 0
831.221 -96.8991 0
832.147 -138.494 0
824.159 -190.296 0
724.321 -92.9091 0
760.19 -177.706 0
715.903 40.1006 0
709.175 79.8612 0
705.305 104.761 0
901.014 -2.95162 0
998.047 -178.608 0
1145.96 -207.705 0
1183.6 -184.838 0
1261.2 -250.963 0
1267.91 -323.908 0
1374.49 3.03781 0
1361.82 -28.9445 0
1304.49 7.53957 0
1231.41 96.5526 0
1377.06 53.7972 0
1096.09 57.1771 0
1038.33 35.696 0
1014.53 26.2374 0
958.235 20.5053 1
3365.71 -678.909 1
