8.14143 50.3068 0
20.1541 264.049 0
76.8463 291.593 0
131.996 331.28 0
160.666 355.887 0
111.957 328.719 0
120.043 219.531 0
25.271 158.798 0
-33.6414 272.263 0
-78.0787 280.67 0
-38.6528 261.806 0
80.8845 283.348 0
77.74 290.352 0
134.533 236.823 0
50.1362 277.064 1
1765.7 -195.366 1
1660.18 -221.33 0
1578.31 -195.533 0
1561.43 -152.357 0
1470.36 -82.279 0
1494.26 7.32788 0
1418.53 78.3356 0
1384.4 202.272 0
1500.51 140.584 0
1589.2 149.242 0
1597.82 78.3597 0
1572 44.7859 1
689.589 112.723 1
668.299 144.282 0
759.785 150.663 0
793.201 156.737 0
831.589 171.04 0
585.723 196.856 0
510.591 217.946 0
461.313 242.177 0
381.873 231.439 1
398.072 252.376 1
433.297 253.116 0
609.584 238.578 0
-271.219 248.206 0
-272.817 196.477 0
-221.71 169.613 0
-215.522 191.328 1
-4.85349 528.285 1
89.9396 376.991 0
131.069 319.32 0
284.953 284.294 0
307.888 291.943 1
141.6 297.497 1
135.306 291.858 0
42.5579 333.756 0
-4.01248 351.588 0
87.8684 459.057 1
211.016 445.207 1
228.554 474.599 0
268.489 481.09 0
250.696 498.405 0
853.914 525.604 0
818.947 540.788 0
839.799 628.275 0
854.415 732.073 0
933.187 368.836 1
1035.17 292.256 0
1069.39 281.733 0
1104.38 273.944 1
1120.8 272.576 1
1108.65 291.931 0
1108.7 301.196 0
2590.63 -920.398 1
2602.61 -823.334 0
2798.45 -810.773 0
2805.55 -835.31 1
2791.66 -846.411 1
2793.69 -832.18 0
2812.04 -797.829 0
2809.17 -752.219 0
3005.41 -884.824 0
3124.19 -1086.49 0
3138.42 -1025.36 0
3141.64 -1013.39 0
3123.56 -1018.25 1
3022.67 -1203.23 1
4110.54 -2365.4 0
4368.74 -3064.5 0
4378.69 -3116.77 0
4437.37 -3179.09 0
4489.7 -3196.22 0
4507.83 -3198.91 0
4257.42 -3540.53 0
4235.51 -3484.35 0
4195.97 -3454.74 0
4264.03 -3462.14 0
