-13.6247 67.298 0
-31.4979 134.575 0
-91.172 167.316 0
-116.463 175.885 0
-219.21 172.786 0
-267.294 166.022 0
-312.387 259.503 0
-162.011 45.667 0
-162.736 68.0985 0
-84.8178 15.6507 0
-73.1925 -11.9008 0
-172.234 73.6804 0
525.403 -628.93 0
577.372 -772.401 0
503.579 -617.107 0
613.768 -762.584 0
626.12 -782.515 0
619.478 -775.296 0
594.489 -728.204 0
599.633 -672.635 0
500.353 -593.347 0
429.765 -429.053 0
458.212 -421.446 0
611.33 -594.587 0
591.498 -643.398 0
589.938 -588.6 0
585.125 -525.005 0
558.409 -548.421 0
413.166 -614.612 0
414.091 -355.634 0
355.355 -169.753 0
322.064 -160.365 0
308.08 -208.987 0
336.109 -247.307 0
445.251 -266.936 0
642.635 -257.328 0
637.795 -222.943 0
-324.33 -81.247 0
-353.345 -98.5011 0
-266.761 -102.549 0
-239.74 -152.75 0
-268.261 -201.802 1
-295.998 -192.949 1
-312.834 -200.559 0
-316 -209.446 0
-375.667 -214.051 0
-358.833 -215.805 0
-337.142 -207.287 1
-400.465 -158.927 1
-399.827 -134.741 0
-411.794 -112.028 0
-442.281 -75.4348 0
-468.925 -52.8813 1
-106269 -7.26554 1
-106338 40.5243 1
-106368 71.3754 0
-106519 268.258 0
-106514 262.107 0
-106512 239.451 1
-106506 254.299 1
-106898 258.362 0
-106267 155.525 0
-106270 165.848 0
-106290 141.913 0
-106266 166.987 1
-106251 234.92 1
-107016 -116.077 0
-106990 -131.863 0
-106804 -115.605 0
-106719 -132.943 0
-106658 -155.079 1
-117471 -2422.05 1
-117476 -2364.81 0
-117458 -2311.08 0
-120135 -1015.66 0
-120234 -1070.9 1
-120311 -1012.91 1
-120403 -980.705 0
-120404 -952.849 0
-120452 -905.342 1
-120597 -782.241 1
-120610 -742.905 0
-120614 -717.56 0
-120604 -713.753 1
-120486 -616.694 1
-120524 -720.606 0
-120614 -698.472 0
-120649 -763.443 0
-120665 -714.178 1
-120718 -736.565 1
-120702 -717.598 0
-120689 -734.531 0
-120639 -727.414 0
-120658 -754.73 0
-119381 -947.621 0
-119347 -1147.78 0
-119362 -1085.99 0
-119370 -1094.13 0
-120458 -902.741 1
-120272 -1067.83 0
-120302 -1066.69 1
-14814.5 -6489.97 1
