11.6924 115.221 0
30.7919 186.929 0
43.3685 237.692 0
40.1 262.954 0
33.7539 257.378 0
62.9956 320.316 1
28.8071 403.917 0
-8.34681 426.455 1
-66.805 480.725 1
214.29 355.108 0
286.346 365.911 0
348.883 323.208 0
292.449 294.664 0
283.439 269.329 0
265.088 283.44 0
351.495 215.126 0
318.32 213.658 0
198.94 202.344 0
180.823 190.688 0
199.373 261.435 0
199.546 349.742 0
177.722 479.887 0
248.959 706.226 0
305.014 775.721 1
330.389 165.803 1
373.735 177.363 0
235.463 -141.161 0
534.236 -60.2079 0
564.856 -99.2626 0
638.923 -139.353 0
691.617 -234.997 0
680.959 -323.787 0
651.84 -371.528 0
635.839 -217.919 0
604.392 -207.363 0
686.26 -164.814 0
689.289 -121.718 0
330.713 1106.63 0
252.107 1166.1 0
226.081 559.161 0
3093.52 1458.53 0
3123.92 1353.13 0
3129.49 1398.75 0
3162.18 1348.14 0
3206.21 1217.72 1
3957.31 1139.59 1
3956.78 1016.83 0
3955.58 933.743 0
3935.28 856.175 0
3922.04 793.366 0
3906.64 745.443 0
