62.8542 -42.7959 0
183.333 -182.201 0
21.9904 21.2359 0
-8.14814 41.8292 0
-48.091 77.9402 0
151.919 9.79546 0
215.209 -8.08258 0
264.604 76.1977 0
245.278 75.9156 1
127.57 163.053 1
164.675 256.364 0
109.116 275.633 0
121.513 316.239 0
190.35 311.143 1
423.821 25.6042 1
436.879 52.4406 0
388.68 26.1532 0
324.869 2.45797 0
301.229 23.1341 0
243.498 62.7403 0
540.543 104.824 0
545.405 92.8184 0
615.723 61.6285 0
380.156 88.6098 0
562.717 56.5095 0
506.534 65.2642 0
489.943 30.3229 0
369.879 42.5123 0
384.817 11.921 0
364.997 -41.0897 0
437.317 -93.6997 0
557.901 -142.41 0
535.439 -76.5653 0
514.909 -6.31207 0
647.641 -62.9323 0
623.645 11.5925 0
582.989 -13.9058 0
590.757 -23.6066 0
778.242 -424.244 0
772.078 -529.932 0
779.988 -525.327 0
803.151 -549.588 0
941.588 -667.664 0
944.845 -582.04 0
1127.2 -774.065 0
1026.97 -570.359 0
978.984 -545.992 0
1231.59 -764.804 0
1262.71 -827.908 0
1302.65 -939.235 0
1366.82 -904.308 0
531.6 -396.685 0
7467.54 -30147.3 1
