8.35854 136.869 0
56.1958 98.9054 0
97.014 71.2032 1
145.916 -358.832 1
138.142 -287.725 0
23.3344 -254.688 0
6.137 -220.762 0
-26.4386 -251.96 0
-72.539 -336.653 0
-69.0819 -367.356 0
-65.5648 -283.439 0
-96.7585 -185.711 1
286.333 -700.038 1
115.062 -1389.11 0
132.995 -1551.18 0
168.758 -1756.04 0
211.197 -1720.71 0
215.019 -1561.01 0
267.904 -1479.3 0
243.987 -1419.55 0
253.597 -1348.07 0
265.662 -1285.52 0
258.699 -1260.83 0
262.875 -1181.34 1
425.159 -1219.68 1
410.141 -1250.73 0
424.408 -1283.9 0
414.981 -1329 0
-156.955 -1282.76 0
-126.973 -1288.06 0
-32.5266 -1261.54 0
-43.5582 -1867.07 0
159.616 -1721.88 0
-477.657 -1709.13 0
-485.409 -1674 0
-466.022 -1673.88 0
-395.167 -1728.92 0
-365.361 -1734.29 0
-384.806 -1718.15 0
-347.554 -1734.86 1
-399.469 -1719.67 1
-332.697 -1727.29 0
-334.014 -1659.24 0
-335.504 -1685.22 1
3396.54 -1273.09 1
3421.43 -1355.59 0
3366.06 -1356.31 0
3313.56 -1227.73 0
3230.08 -1155.74 0
3235.48 -1103.08 0
3371.03 -1056.89 0
3993.44 -1805.25 1
4061.39 -1806.1 0
4282.05 -1879.8 0
4244.05 -1828.35 0
3823.54 -1668.88 0
3737.01 -1583.8 0
3623.15 -1414.09 0
3574.56 -1365.2 0
3531.89 -1402.74 0
3543.54 -1405.58 0
3834.9 -1560.18 0
3890.03 -1575.21 0
4194.02 -1577.32 0
4317.04 -1673.46 0
4302.26 -1666.13 0
4281.79 -1643.92 0
4121.67 -1582.76 0
4048.7 -1542.39 0
4058.75 -1463.97 0
4061.18 -1400.11 0
3975.85 -1336.99 0
3953.5 -1334 0
4179.18 -1236.72 1
4713.45 -1359.51 1
4712.09 -1358.28 0
4722.73 -1749.29 0
4709.81 -1784.27 0
4758.52 -1835 0
4812.21 -1822.6 0
4903.32 -1766.54 1
4963.52 -1736.67 1
4784.75 -1291.77 0
