62.6808 -78.2597 0
83.6675 -42.0519 0
7.28476 -41.5455 0
84.5872 -12.3755 1
-1.79457 -239.48 1
142.009 -60.1767 0
-37.3783 -34.3476 0
6.13402 -51.1627 0
43.1514 -58.6508 0
38.9569 -71.7402 0
-255.212 -202.93 0
-258.356 -282.448 1
-277.842 -311.404 1
687.282 -117.319 0
821.876 -341.558 0
816.987 -258.844 0
808.56 -262.982 0
873.019 -265.497 0
860.192 -208.411 0
1205.01 -486.262 0
1196.25 -459.198 0
1175.68 -484.442 0
1125.15 -520.537 0
1135.69 -530.073 0
1124.38 -515.667 0
1064.96 -437.564 0
1126.97 -467.342 0
1000.51 -412.375 0
979.106 -373.413 0
921.629 -355.875 1
1255.93 -455.904 1
1246.04 -433.695 0
1306.4 -420.913 0
1325.68 -357.577 1
1559.6 -129.062 1
1533.54 -150.049 0
1532.89 -142.082 0
1381.85 25.2403 0
1389.98 62.453 0
1409.15 131.701 0
1433.82 116.969 0
1451.94 120.537 0
1552.56 58.3124 0
1540.18 3.62222 0
1579.89 -10.7956 0
1614.15 -109.413 0
1599.07 -55.6044 1
