-17.0186 109.897 0
-66.2988 177.012 0
-72.5815 250.22 0
-86.4024 311.933 0
-105.654 334.488 0
-62.7008 284.844 0
-22.0619 195.766 1
-226.172 308.344 1
-269.694 350.015 0
-259.994 183.864 0
-122.886 738.336 0
-16.8054 2014.35 0
-19.8744 2050.99 0
-52.692 2094.84 1
-89.7874 2160.67 0
-137.672 2184.75 0
-116.133 2344.1 0
-210.307 2380.67 0
-146.717 2400.34 0
-159.918 2372.79 0
-341.632 2080.64 1
-384.237 2083.63 1
-80.9968 1952.68 1
271.246 1887.59 0
364.467 1952.15 0
424.184 1963.04 0
473.499 2046.44 0
451.494 2118.46 0
438.55 2185.29 0
469.161 2207.22 0
462.926 2252.98 0
346.187 2590.03 1
149.953 3721.32 1
-801.843 -16475.7 0
