-22.6005 37.8353 0
-24.5404 63.3505 0
29.7067 112.747 0
49.9014 134.588 0
41.7621 170.047 0
48.8468 162.001 1
-114.554 105.938 1
-151.981 123.987 0
-319.317 173.899 0
-409.205 139.323 0
87.9254 179.435 1
97.675 227.148 0
82.0292 293.081 0
40.2113 311.265 0
34.1703 359.214 1
133.486 439.974 1
137.059 465.318 0
867.63 373.604 0
864.259 346.721 0
899.352 288.532 0
768.589 334.451 0
713.046 355.931 0
737.225 382.26 0
730.876 374.244 0
922.396 283.376 0
750.585 386.388 0
717.016 441.898 0
738.974 426.068 0
767.043 341.239 0
775.872 390.338 0
832.407 301.658 0
990.115 152.064 0
1021.92 49.3417 0
1004.24 78.0999 0
880.693 167.282 0
994.951 159.542 0
946.658 389.556 0
1105 245.291 0
1091.24 207.68 0
1286.8 194.17 0
1295.33 170.887 0
1467.16 366.161 1
1477.4 340.432 0
1521.77 369.417 1
1531.12 408.639 0
1096.02 499.222 0
1132.61 518.065 0
1129.17 764.88 1
1114.11 756.06 1
