0.603741 18.6648 0
-2.04386 56.4448 0
-2.67814 82.9287 0
-12.5485 91.3856 0
192.89 22.4818 0
174.812 23.2974 1
178.874 6.36224 1
176.226 34.1495 0
166.312 10.2841 0
192.208 -54.2261 1
251.438 -246.069 1
247.516 -234.834 0
294.959 -164.584 0
275.887 -75.2683 1
474.666 46.2584 1
491.825 15.0454 0
492.298 10.8692 0
606.433 1.77785 0
655.62 -134.828 0
654.608 -151.592 0
679.923 -187.881 0
695.836 -202.301 0
816.251 -220.15 0
839.051 -212.686 0
836.968 -233.547 0
824.18 -196.604 1
777.926 -165.225 1
758.07 -87.1233 0
759.454 -125.275 0
826.984 -57.3577 0
860.81 -44.0025 0
911.961 5.34439 0
862.648 30.1811 0
899.449 42.9137 0
975.631 5.37508 0
994.864 68.034 1
960.388 111.622 1
958.647 102.332 0
968.333 110.818 0
923.311 98.1546 0
886.925 -241.905 0
951.529 -204.673 0
998.175 -145.689 1
917.278 84.378 1
938.565 99.6574 0
931.561 48.1289 0
892.961 46.9277 0
1375.23 -134.245 0
1375.71 -74.0328 0
1370.25 -143.076 0
