-32.2388 -0.699676 0
-54.852 -21.2084 0
4.10975 -64.3176 0
-42.2172 -28.8637 0
50.3167 37.2982 0
-18.7134 44.3125 0
0.54689 142.761 0
111.393 228.956 0
176.181 352.7 0
270.244 366.408 0
260.32 308.148 0
217.255 286.362 0
255.723 287.378 1
291.509 392.051 1
326.814 417.571 0
337.859 428.121 0
353.131 453.055 1
257.931 256.336 1
1052.8 266.738 0
2232.77 507.14 0
2395.39 -438.071 1
2362.83 -644.088 0
2390.77 -680.152 0
2414.53 -693.233 0
2368.89 -420.835 1
2277.65 -452.698 1
2524.06 585.403 0
2533.76 577.926 0
2512.08 593.815 0
