-77.6895 5.85821 0
-34.0262 54.1037 0
20.8212 53.5674 0
-59.2371 -34.7298 0
-16.8176 -90.5321 0
26.8543 -182.537 0
101.647 -544.188 0
75.2466 -562.315 0
41.1361 -682.523 0
68.3172 -459.569 0
145.948 -473.893 0
-44.9129 141.791 0
-13.8058 360.873 0
-84.5156 407.757 0
-94.2938 369.785 0
-75.7915 265.008 0
-54.4058 314.401 0
-34.3428 336.327 0
-88.151 239.285 0
-93.5659 260.046 0
-77.6487 293.246 1
423.941 1149.05 1
244.758 896.34 0
207.595 663.842 0
362.699 193.163 0
367.621 241.413 0
368.609 255.295 0
390.782 223.103 0
433.918 213.037 0
424.765 244.244 0
425.162 265 0
420.477 216.71 0
-1245.19 -311.783 0
-1226.97 -380.785 0
-1176.06 -420.781 0
-1144.3 -416.188 0
-1139.78 -371.603 1
26420.6 496.439 1
25977.8 27373.7 0
26127.3 32309.7 0
26165.6 32332.9 0
26209.9 32338 1
26164.3 32381.2 0
25843.9 32359.4 0
25832.8 32308 1
25800.3 32340.9 1
25759.9 32352.2 0
25731.7 32416.2 0
25740 32458.8 1
25811.4 31516.8 1
24622.9 35487.6 0
24553.5 35553.1 0
24549.9 35514 0
24512.3 35320.2 0
24519.7 35277.7 0
24450.7 35289.8 1
24426.2 35359.9 1
24723.3 35363.1 0
24675.8 35456.9 0
24685.9 35458.9 1
24917.4 35517 1
24939.6 35531.8 0
24901.3 35515.6 1
25379.3 35225.8 1
25385.9 35256.9 0
25221.8 35506.5 0
25210.4 35532.7 0
25519.8 35571.2 0
25670 35498.6 0
25730.7 35187.2 1
25760.7 35190.6 0
25786.3 35175.5 0
25813.5 35188.7 0
