17.9523 8.6546 0
31.4501 -32.3649 0
11.8324 -29.016 0
47.9439 -39.4636 1
133.7 -84.4369 1
163.463 -133.45 0
166.986 -138.649 0
98.6992 -187.723 0
82.9938 -121.272 0
103.084 -44.2265 0
112.929 -39.531 0
174.465 -48.6277 0
80.7862 68.6802 0
96.0513 91.2789 0
141.111 89.9359 0
161.721 74.576 0
117.929 88.6549 0
102.229 100.834 0
90.6415 122.737 0
85.2141 77.6303 0
41.9102 64.7488 0
-14.0116 106.369 0
216.411 229.287 0
210.753 159.573 0
198.919 72.4115 0
203.403 -6.12507 0
189.25 43.2841 0
425.068 36.7265 0
393.507 -18.0477 0
414.912 12.5622 0
408.033 69.2369 0
487.539 53.6903 0
509.371 39.65 1
566.198 5.31651 1
-825.12 1390.09 0
-813.795 1567.4 0
-1477.45 1523.22 0
-1542.96 1573.93 0
-1475.71 1553.51 0
-1321.99 1506.76 0
-442.97 666.962 0
-505.912 1024.13 0
-564.501 1055.85 0
-603.968 1112.79 0
-649.803 1129.47 0
-667.622 1142.05 0
-274.14 1154.07 1
-240.627 1065.86 0
-222.759 1021.08 0
-159.315 1045.29 0
-130.823 1061.54 0
-109.096 1060.4 0
-104.02 1085.92 0
-58.8216 1134.02 0
126.512 900.455 0
227.661 838.423 0
273.054 802.944 0
219.143 828.349 0
843.423 619.1 0
749.641 737.582 0
