-55.441 -1.56063 0
50.318 -30.3227 0
50.0856 -28.5861 0
51.2652 -34.04 0
142.95 -52.0915 0
220.234 -260.269 0
205.915 -284.492 0
98.4196 -273.074 0
123.468 -283.27 0
125.928 -175.885 0
68.2796 -15.2118 0
-90.1046 360.42 0
-73.7519 272.422 0
-49.7321 373.08 0
-40.5779 345.627 0
142.106 518.248 0
142.648 519.995 0
180.595 530.814 0
576.932 -283.898 0
612.34 -330.094 0
461.901 -404.861 0
454.677 -381.224 0
527.854 -361.054 0
534.861 -342.052 0
622.628 -367.871 0
654.862 -395.144 0
632.924 -390.69 1
518.707 -345.232 1
557.097 -333.296 0
435.563 67.914 0
-2452.78 7088.13 0
-2443.04 7221.47 0
-2623.36 7007.08 0
-2652.16 6941.93 0
-2639.88 6920.89 0
-2530.59 6709.89 1
-2602.09 6255.53 1
-2581.6 6263.55 0
-2639.8 6280.02 0
-2085.12 6546.57 0
-2126.64 6557.13 0
-2248.12 6580.38 0
-2310.62 6556.5 0
-2342.74 6549.63 0
-2377.22 6600.72 0
-2376.38 6683.84 0
-2387.06 6704.37 0
-2355.55 6761.08 0
-2380.63 6811.85 0
-2381.84 6863.95 1
-2886.26 6340.33 0
-3049.53 6212.65 0
-3018.8 6166.85 0
-3005.68 6138.95 0
-3013.29 6092.98 0
-3054.8 6056.2 0
-2977.02 6067.53 0
-3149.69 6058.46 0
-3094.15 6049.71 0
-3066.22 6109.24 0
-3017.46 6098.56 1
-1814.04 6496.67 1
-1726.85 6528.96 0
-1729.45 6508.75 0
-1704.04 6472.59 0
-1668.71 6424.85 0
-1621.05 6379.16 0
-2386.12 6551.67 0
-2311.7 6527.73 0
-919.394 9517.95 0
