10.5659 -3.51739 0
16.1561 -16.41 0
60.8643 130.055 0
35.485 138.933 0
26.2632 113.208 0
32.0186 65.7491 1
31.5494 -141.33 1
19.0515 -147.075 0
15.7982 -147.826 0
65.3041 -63.8605 0
-333.575 51.0554 1
-271.111 -8.75743 1
-348.371 -38.4829 1
-354.157 -80.8737 1
1238.65 -643.269 1
1202.77 -650.191 0
1148.52 -651.861 0
1092.58 -635.494 0
1082.41 -609.955 0
1023.82 -687.449 0
1010.35 -718.298 0
991.84 -731.002 0
995.971 -751.094 0
993.542 -764.987 0
1028.99 -796.432 0
1277.26 -635.384 0
1354.1 -693.067 1
1366.16 -695.841 0
