-37.0174 55.173 0
-38.6297 27.2503 0
-29.0482 7.88111 0
-24.2823 5.16811 0
-349.257 226.438 0
-426.638 278.675 1
878.285 440.283 1
1239.71 200.516 0
1000.24 189.669 0
667.877 62.9114 0
403.679 -202.887 0
485.461 -232.032 0
509.459 -299.391 0
544.931 -315.631 0
593.962 -376.004 1
574.63 -352.327 1
536.315 -373.457 0
938.194 192.483 1
837.166 -271.583 1
843.667 -265.601 0
1086.27 -212.352 0
1095.72 -209.895 0
1127.26 181.013 0
1109.98 263.564 1
3384.89 -1592.19 1
3354.49 -1547.64 0
3335.61 -1534.51 0
