-10.836 -38.6434 0
-20.4538 -57.8472 0
56.5595 -146.934 0
68.4968 -65.6668 0
77.4828 10.5798 0
64.3011 20.4746 0
27.555 102.816 0
-15.8535 176.671 0
-16.0926 139.944 0
93.4818 16.7348 0
46.4642 72.7272 0
42.9918 16.4752 0
64.4885 33.006 0
90.8557 60.8379 0
84.3805 118.936 0
828.878 95.5857 0
887.737 13.0404 0
817.017 -105.072 0
1013.98 -337.696 0
1047.31 -373.004 0
1064.94 -395.64 0
1082.79 -347.645 0
1083.73 -272.497 0
1086.14 -159.346 0
992.657 -110.272 0
992.309 -54.8205 0
1085.36 -4.94312 0
878.195 -12.7819 0
918.579 -42.4326 0
912.297 -41.1437 0
943.988 -79.9567 0
1048.46 -142.157 0
1081.19 -121.269 0
1553.79 -40.8079 0
1533.57 -55.1714 0
1113.5 432.639 0
1102.68 635.102 1
1018.73 852.614 0
942.548 882.729 0
908.452 899.112 1
833.892 913.029 1
822.026 860.873 0
823.379 835.084 0
828.909 734.11 1
818.398 616.922 1
832.692 648.719 1
1147.53 -12.9528 1
1163.18 2.41837 0
2018.44 -384.466 0
2010.97 -369.958 0
1989.2 -331.754 0
1982.23 -253.931 0
1966.56 -201.305 0
1994.02 -222.048 0
2044.88 -388.502 0
3176.69 -945.707 0
3317.45 -946.503 0
3247.66 -819.936 0
3213.49 -715.654 0
3326.16 -822.4 0
3381.99 -959.493 0
3380.35 -1013.15 0
2977.75 -87.915 0
