217.572 4.42376 0
217.321 25.9535 0
175.761 44.4637 0
222.617 22.4628 0
250.507 67.665 0
231.609 180.79 0
246.401 153.144 0
407.02 118.692 1
361.507 143.124 1
376.976 204.991 0
310.729 272.073 0
254.927 397.424 0
285.734 358.134 0
262.44 264.269 0
248.986 224.19 0
340.057 141.238 0
325.568 39.8251 0
316.645 8.29081 0
334.588 5.0658 0
365.744 15.7516 0
474.748 -36.0467 0
407.365 -53.9186 0
532.32 119.206 0
607.528 454.986 1
576.31 492.367 0
565.587 496.935 0
584.22 365.975 0
574.459 316.284 0
641.028 246.482 0
692.706 164.057 0
666.544 139.893 0
635.802 163.164 1
642.797 94.6191 1
631.522 132.419 0
636.891 133.383 0
655.649 179.053 0
689.174 133.551 0
1198.63 -97.3648 0
1225.99 -177.051 0
1217.82 -354.157 0
1154.2 -340.715 0
1090.43 -230.541 0
1137.02 -135.242 0
1145.07 -94.5012 0
1127.75 -64.0228 0
1186.86 -1.54858 0
1089.83 89.9309 0
998.87 88.216 0
975.81 104.011 0
969.392 106.761 0
947.772 114.013 0
993.292 109.529 1
578.537 -228.269 1
585.519 -171.511 0
580.538 -150.627 0
606.194 -168.412 0
764.343 -180.989 0
796.833 -178.319 0
837.372 -155.095 0
876.03 -88.3304 0
900.943 -35.1263 1
873.69 68.8217 1
877.913 87.1339 0
950.636 64.1061 0
972.101 53.8571 0
887.835 28.9387 0
919.183 -16.6484 0
934.22 32.3719 0
935.479 143.058 0
922.788 200.077 0
910.652 263.534 0
940.826 321.283 0
948.908 354.896 0
1007.77 407.571 0
1055.92 411.611 0
1089.85 395.683 0
1094.9 667.489 0
1113.56 628.546 0
1137.31 602.763 0
1109.05 611.323 0
1149.45 628.173 1
1110.41 666.958 1
1120.44 612.753 0
891.026 756.104 0
899.027 811.978 0
949.228 871.577 0
1579.8 1004.64 0
1486.72 1231.94 0
1462.98 1294.49 0
1759.3 1244.42 1
1617.03 804.512 0
1877.64 1095.35 0
2369.66 1022.79 0
2030.15 839.355 0
2402.8 639.483 0
2833.8 220.164 0
2524.03 438.273 0
2491.88 452.226 0
2482.49 490.459 0
