-6.55128 11.2454 0
-40.1815 -8.23103 0
-38.906 -42.6105 0
0.1875 -28.0626 0
28.7516 -2.48659 0
194.516 44.075 0
193.37 86.0153 0
176.398 89.3151 0
178.256 104.486 0
183.91 103.854 0
225.357 128.427 1
191.542 106.696 0
196.418 198.815 1
220.995 233.017 0
348.442 130.773 0
318.925 85.6009 0
1097.18 -284.246 0
2892.02 566.888 0
2865.67 636.673 0
2857.24 637.188 0
2823.55 652.717 0
2779.67 576.112 0
2616.81 -73.8742 0
2518.15 -402.428 0
2743.07 -267.788 0
2793.88 -301.974 1
2971.93 -412.139 1
3000.97 -455.865 0
3128.92 -431.288 0
3223.64 -493.817 0
2840.79 -330.797 0
2897.82 -245.997 0
2975.31 -224.938 0
3005.51 -215.034 0
3041.81 -239.453 0
3041.29 -231.791 1
2957.06 -43.6149 1
2951.18 30.6529 0
3162.96 23.0439 0
3233.06 -455.254 0
3200.51 -542.345 1
2903.98 -665.548 1
2884.56 -694.205 0
2888.56 -686.223 0
3264.36 -405.736 0
3252 -377.734 1
3280.35 -357.574 0
3266.19 -167.219 1
3293.13 -133.209 0
