25.0188 -25.6942 0
-196.071 337.339 0
-281.732 522.541 0
329.837 624.227 0
281.721 632.236 0
289.22 649.721 0
344.445 617.942 0
501.432 390.046 0
1829.51 -11.5021 0
1872.31 44.9035 0
1854.04 107.332 0
1889.4 83.924 0
1896.12 61.345 0
1968.77 -43.0078 0
1988.78 -97.5549 0
2052.15 -119.989 0
2060.88 -52.8634 0
2025.65 -16.7986 0
1985.57 18.4909 0
1976.18 19.0849 0
1932.68 50.0114 0
1968.76 63.3083 0
2014.25 72.9526 0
2053.23 79.4611 0
2068.38 50.3067 0
2103.71 21.4215 0
2092.99 27.3719 0
1872.84 -626.01 0
2397.37 -449.974 0
2355.84 -346.334 0
2344.82 -260.713 0
2338.34 -165.867 0
2318.83 -135.287 0
2347.92 -31.277 0
2367.31 -113.501 0
2420.34 -300.838 0
2407.41 -366.543 0
2295.35 -237.861 0
2498.44 -253.941 0
2431.08 -205.389 0
2434.8 -135.904 0
2660.78 -146.499 0
2623.06 -87.6189 0
2645.58 -77.5529 0
2609.19 -62.7668 0
2562.74 -47.6642 1
2679.5 47.8442 1
2673.76 43.8212 0
4154.17 559.927 0
