35.6155 22.0194 0
1.7289 34.0633 1
-144.537 -132.036 1
-133.996 -127.946 0
-202.513 -96.0875 0
-142.124 -113.616 0
-115.352 -126.042 0
-89.6189 -155.371 0
-15.5809 -121.464 0
17.3474 -50.406 0
18.1736 -48.9288 0
29.3732 -102.998 0
93.5068 -232.855 0
84.8751 -184.714 0
134.5 -273.108 0
119.75 -170.179 0
63.4527 -65.8347 0
55.9889 -86.095 1
904.463 -52.8182 1
927.756 14.1443 0
942.303 25.842 0
939.722 -31.5793 0
865.115 -95.5273 1
740.121 50.0607 1
721.776 100.88 0
699.66 178.56 0
692.983 272.907 1
372.584 399.275 1
356.917 443.533 0
321.475 514.213 0
311.061 594.267 0
224.291 598.789 1
266.461 580.132 1
-892.865 1918.28 0
-888.545 1871.81 0
-855.888 1810.41 0
-769.902 1878.78 0
-818.536 1981.01 1
-95123.1 136221 1
-95225.2 136278 1
-95228.9 136267 0
-95178 136182 1
-95171.9 135306 1
-95133.5 135312 0
-95102.7 135371 1
-94929.7 135679 0
-94890 135686 1
-94719.8 135726 1
-94534.9 135714 0
-94417.6 135588 0
-94442.7 135806 0
-94985.7 137873 0
-95098.6 137789 0
-95177.3 137737 0
-95159.9 137707 0
-95196.8 137755 0
-95199 137734 0
-95208.8 137711 1
-95195.5 137725 1
-95193.1 137705 0
-95159.9 137642 0
-95140.8 137699 0
-95222.4 137758 0
-95252.7 137713 0
-95194.4 137615 0
-95164.4 137599 0
-95123 137587 0
-95074.8 137575 0
-94983.1 137614 0
-94926.9 137633 0
-94856.1 137651 0
-94777.2 137641 0
-94792.4 137657 0
-94412.8 135437 0
-94349.7 132956 0
-94352.7 133033 0
-94343.9 133114 0
-94585.6 132269 0
-93293.6 133191 0
-93335.6 133270 0
-93339.1 133394 0
-93331.9 133458 0
-93330.2 133461 0
-93324.7 133460 1
-93301.8 133448 1
