4.70283 0.257831 0
70.1515 99.0201 0
30.2783 121.317 0
34.4445 148.089 0
12.0675 211.067 0
30.6751 233.189 0
39.18 238.736 0
-98.0368 236.502 0
-120.499 231.469 0
-147.087 265.193 1
19.1294 421.11 1
48.9614 411.114 0
67.0126 374.986 0
59.1079 382.677 0
108.113 283.475 0
107.347 282.251 0
127.616 255.707 0
376.639 -8.49208 0
376.862 33.8385 0
407.245 65.162 0
411.092 70.2474 0
331.831 100.153 0
601.524 -16.9235 0
588.013 31.2832 0
634.53 130.188 0
648.392 165.362 0
625.213 179.489 1
576.439 214.805 1
569.434 248.571 0
502.705 227.596 0
538.563 228.577 0
713.105 124.234 0
742.545 134.287 0
815.123 112.872 0
1241.76 -25.3466 0
1219.29 -39.5993 0
1166.23 32.7981 0
1155.5 85.0959 0
1155.04 123.406 0
1149.67 124.069 0
1095.8 181.901 0
1059.05 206.069 0
1031.24 159.061 0
1076.86 136.781 0
1174.15 110.62 0
1189.55 216.785 0
1236.2 286.319 0
1203.66 296.956 0
1197.56 259.276 0
1088.97 228.975 0
1080.27 320.274 0
1070.41 360.149 0
1054.24 379.277 0
1166.38 325.092 0
1173.24 304.924 0
1176.42 311.754 0
1173.89 350.906 0
1211.58 365.674 0
1153.8 475.703 0
1203.14 496.096 0
1256.01 593.654 0
1316.4 506.186 0
1339.93 480.343 0
1403.03 428.059 0
1399.38 442.008 0
1120.75 562.466 0
1086.18 525.493 0
1071.25 572.77 0
749.083 672.846 0
1057.28 629.401 0
1063.77 577.704 0
943.198 647.862 0
936.607 681.364 0
926.11 707.559 0
902.162 743.591 0
876.002 824.792 0
828.306 907.23 1
13186.3 5127.6 1
13304.2 4946.5 0
13312.9 4921.82 0
13316.9 4876.7 0
13297.7 4843.9 0
13230.6 4761 0
13109.8 4609 0
13093.8 4584.45 0
13083.4 4536.85 0
13082.5 4501.22 0
13074.9 4449.93 0
13046.6 4357.9 0
13068.6 4319.62 0
13150.4 4264.64 0
13186.9 4222.89 0
13244.4 4257.19 0
13298.3 4245.22 0
13360.3 4252.21 0
13386.7 4232.13 0
