3.62592 -11.7584 0
62.2869 23.3724 0
207.435 92.6734 0
2024.32 419.245 0
2519.39 1035.89 1
2478.66 1029.95 0
2389.46 974.317 0
2386.72 948.919 0
2056.18 640.484 0
2066.15 656.132 0
2079.05 702.046 1
3013.7 593.951 1
2992.92 396.57 0
2827.59 443.071 1
2837.45 404.431 1
2717.17 258.216 0
2664.75 228.966 0
2607.12 145.09 0
2576.97 54.5327 0
2531.05 68.7484 0
2532.23 144.804 0
2534.31 198.823 0
2557.75 231.939 1
3189.48 617.004 1
3110.01 703.253 0
3079.65 751.234 0
3074.03 837.168 0
3139.03 806.112 0
3095.86 754.205 0
3019.78 766.589 1
3148.16 897.921 1
3262.04 497.902 0
3350.64 321.286 0
3271.89 551.781 0
3407.37 -48.7844 0
3761.95 -1185.16 0
3714.85 -1144.9 0
3977.3 -985.779 0
3958.32 -945.542 0
3955.32 -905.022 0
3936.82 -859.89 0
3945.53 -835.454 0
3900.2 -877.695 0
3998.75 -1060.81 0
4364.12 -787.744 0
4437.04 -886.05 1
4354.91 -957.311 0
4329.22 -918.829 0
4290.78 -749.664 0
4239.27 -887.309 0
4337.83 -797.653 0
4335.4 -809.255 1
3014.29 -1383.71 1
2960.93 -1354.23 0
3001.52 -1322.59 0
3041.56 -1250.13 0
3620.46 -1075 0
3576.17 -1167.33 0
3523.57 -1384.7 0
3691.58 -1329.03 0
4523.11 -1395.26 0
4449.69 -1437.17 1
4448.08 -1387.36 1
4499.34 -1169.28 0
4495.89 -1150 0
4524.91 -1133.98 0
4575.21 -1161.15 0
