-2.38193 25.5673 0
-17.1886 21.1668 0
43.1376 -90.2256 1
59.9519 -102.956 1
282.725 -70.9575 0
245.24 -112.203 0
265.462 -110.202 0
264.849 -114.438 0
267.487 -74.5314 1
364.917 -161.992 1
376.824 -218.699 0
380.788 -225.33 0
458.857 -275.774 0
401.793 -233.952 0
433.75 -200.53 0
484.383 -233.408 0
664.238 -352.049 0
1035.51 133.653 0
906.658 93.4458 0
865.771 121.279 0
820.007 8.19096 0
874.404 -64.667 0
889.693 -118.072 0
917.609 -125.517 0
1251.98 -332.067 0
1285.95 -349.693 0
1564.91 -340.199 0
1723.33 -361.053 0
1750.04 -294.173 0
1699.79 -293.017 0
1701.23 -229.862 0
1691.57 -303.346 0
1879.71 -504.232 0
1920.4 -492.641 0
1969.59 -444.492 0
1943.58 -382.875 0
1965.18 -200.01 0
1917.63 -267.288 0
2031.74 -150.908 1
2427.72 -233.286 1
2465.02 -272.75 0
