28.691 4.20152 0
12.0337 18.0608 0
23.8712 27.8216 0
23.9706 21.2263 0
197.462 62.2752 1
74.7035 81.8693 1
93.5633 127.915 0
99.8904 144.738 0
-82.6879 131.643 1
-54.9635 124.344 1
30.3466 236.365 0
76.3493 292.656 0
89.2942 307.88 0
163.887 280.653 0
303.295 178.875 0
340.902 113.232 0
299.675 61.3781 0
329.289 98.2571 0
322.48 -40.7559 0
311.943 -66.5642 0
374.52 -69.1451 0
385.85 -83.353 0
544.783 -126.196 0
545.716 -98.0617 0
633.201 -104.076 0
599.391 -83.1966 0
586.537 -67.6951 0
561.588 -40.0524 1
655.154 159.66 1
649.274 120.899 0
633.16 86.5672 0
630.44 66.3963 0
635.577 79.0547 0
676.422 165.971 0
649.854 193.844 0
691.57 223.684 0
736.815 238.997 0
768.509 161.378 0
817.431 134.95 0
830.988 132.461 0
826.676 164.755 0
850.907 209.127 0
813.09 342.876 0
843.952 419.521 0
789.116 421.706 0
682.433 397.534 0
760.003 361.391 0
774.351 297.767 0
885.073 231.391 0
852.824 221.583 0
854.863 210.948 0
829.551 206.092 0
924.877 169.098 0
910.581 81.3782 0
1928.01 -128.453 0
1898.28 -79.8235 0
1755.17 -18.346 0
1809.83 -124.991 0
1777.39 -106.892 0
1717.67 -53.8765 0
1765.98 -11.5655 0
1712.7 21.2537 0
760.575 -520.067 0
672.429 -538.378 0
626.393 -449.026 0
703.814 -393.437 0
803.357 -405.614 0
821.145 -376.552 0
794.51 -400.95 1
