2.44113 -41.2259 0
-1218.74 250.817 0
-1140.62 245.387 1
-1132.58 260.327 0
-1110.73 333.282 0
-1088.49 414.856 0
-1108.17 615.625 0
-903.743 678.552 1
-132.812 748.89 1
27.1867 546.271 0
87.7269 476.886 0
132.952 456.618 0
455.219 142.708 0
452.123 171.141 0
376.294 158.378 0
299.568 52.8005 0
280.247 -14.5289 0
232.514 -61.7036 0
180.82 -117 0
129.985 -100.84 0
71.7567 -45.244 0
253.621 56.907 0
175.734 173.109 0
126.004 188.997 0
143.195 162.595 0
128.979 90.8251 0
123.261 96.5283 0
101.115 103.975 0
25.3501 98.5527 0
63.2615 129.769 0
41.749 168.38 0
22.6376 210.553 0
2.45179 210.294 1
2814.01 861.812 1
2855.5 696.195 0
2751.27 683.084 0
2712.95 667.636 0
2771.92 803.09 0
2694.33 872.24 0
2666.03 783.868 1
2794.41 576.87 1
2809.19 619.534 0
2838.35 645.311 0
2805.91 752.557 0
2799.68 1034.95 0
3142.36 881.232 1
3096.5 849.338 0
3152.07 825.237 0
3221.19 880.426 0
3276.99 904.179 0
3305.52 849.509 0
3310.19 820.851 1
3219.19 834.288 1
3696.15 1037.9 0
3796.86 1135.17 1
3812.91 1174.09 1
3697.18 1174.11 1
3761.38 1054.69 1
3658.44 1033.94 0
3718.55 966.709 0
3766.54 1019.45 0
3863.47 1025.27 0
4033.37 1046 0
3975.09 1089.06 0
3869.67 1073.03 0
3873.04 1070.25 0
3918.22 986.604 0
3880.65 954.916 0
3858.77 957.71 0
3892.37 967.775 1
3894.29 937.844 1
3879.99 935.189 0
