-16.0297 42.5942 0
-18.6787 61.4977 0
-24.453 72.9894 0
6.89665 71.5338 0
51.482 67.6417 0
79.015 31.4395 0
120.156 -17.8551 0
160.815 -86.5344 0
178.429 -101.059 0
145.031 -97.3356 0
139.18 -32.8978 0
58.5285 -27.2774 0
46.8467 37.1582 0
45.5854 77.9889 0
29.9849 -59.8962 0
32.3996 -89.899 0
32.7608 -93.4271 0
198.588 -120.479 0
68.6626 0.499176 0
259.27 -32.4258 0
569.249 -149.243 0
607.279 -175.77 1
577.176 -65.0998 1
596.262 -119.586 0
596.173 -131.511 0
612.683 -138.15 0
633.941 -127.545 0
654.123 -119.276 0
584.187 6.51077 1
981.269 -326.145 1
996.98 -338.764 0
982.172 -294.24 0
986.292 -297.134 1
1146.59 -3.45847 1
1093.96 32.3821 0
1041.36 134.159 0
992.418 174.662 0
852.646 182.346 0
980.339 165.927 0
1256.39 -164.466 0
1253.97 -99.6453 0
1195.7 47.1331 0
1263.41 -15.3578 0
1778.26 -937.887 0
1814.15 -969.918 0
1831.86 -1002.92 0
