1.07534 56.0057 0
-43.3221 43.601 0
-32.8536 61.8673 1
151.368 23.5645 1
136.401 -11.916 0
188.469 -29.6468 0
159.504 -92.2236 0
145.491 -67.9987 0
25.8853 135.135 0
-37.4734 205.099 0
-119.898 220.21 0
34.3062 254.484 0
71.2567 300.987 0
39.4716 304.247 0
2.24515 333.931 0
32.2604 328.135 0
18.388 331.095 0
39.3915 296.073 0
217.074 274.703 0
75.0988 206.886 0
46.8565 128.95 0
14.2859 134.963 0
16.342 173.168 0
-37.0966 225.655 0
-33.094 235.363 1
3867.41 70.8839 1
3824.27 31.0174 0
3844.38 4.20863 0
3848.33 -9.18658 0
3801.41 -30.2515 0
3782.75 -31.2547 0
3707.33 62.1386 0
3850.42 -150.402 0
3895.32 -158.942 0
3964.19 -119.811 0
3933.95 -104.323 0
4011.76 -160.084 0
3948.22 -136.019 0
3778.76 -349.613 0
4090.71 -6.98038 0
4087.85 -35.4057 0
4168.73 -87.2051 0
3313.07 20.5909 0
3269.04 42.4764 0
3252.25 93.133 0
3246.44 107.573 0
3247.46 76.6229 0
3291.09 63.8964 0
3384.77 77.142 0
3345.46 43.7672 0
3324.14 -33.0003 1
18672.2 -7.93265 1
18668.9 -4.89219 0
