13.938 12.3171 0
21.6604 9.03722 0
-22.3259 -162.875 0
43.9226 -268.829 0
72.5891 -279.785 0
123.942 -395.612 0
124.21 -367.776 0
167.761 -257.023 0
185.608 -241.559 0
190.084 -218.392 0
280.256 -244.119 0
168.208 -131.446 0
162.442 -117.688 0
135.96 -98.684 0
103.523 -98.4155 0
54.7232 -90.0735 0
-20.8859 -97.9729 0
-3.11755 -178.755 0
246.613 -241.627 0
272.095 -245.237 1
350.844 -255.502 1
353.089 -258.342 0
349.51 -292.341 0
368.333 -127.549 0
405.68 -159.531 0
375.429 -90.0677 0
405.217 -122.887 1
445.07 -104.415 1
462.937 -129.306 0
868.246 74.3891 0
892.685 76.4145 1
790.356 22.2146 1
772.918 -2.04268 0
757.015 -15.7364 0
1409.18 -40.9799 0
1419.15 -78.078 0
1408.95 -195.389 0
1367.63 -183.02 0
1351.58 -118.365 0
1313.41 -118.334 0
1300.05 -91.2936 0
1292.26 -31.1421 0
1574.95 -222.858 0
1597.73 -290.442 0
1600.28 -381.156 0
1602.09 -433.607 0
1677.39 -505.177 0
1696.56 -454.272 0
1654.17 -446.934 0
1576.05 -424.058 0
1575.1 -454.87 0
1550.71 -468.347 0
1553.59 -470.199 0
1480.57 -465.271 0
1686.8 -435.509 0
2021.78 -1348.84 0
1995.23 -1399.94 0
1974.88 -1429.34 0
1786.72 -1539.38 0
1901.56 -1549.28 0
1917.35 -1500.02 0
1924.9 -1458.94 0
1974.04 -1394.44 0
1931.58 -1328.46 0
1875.31 -938.646 0
1950.43 -926.502 0
1874.48 -930.105 0
1887.37 -889.213 0
1962.6 -870.551 0
1938.13 -805.795 0
1954.08 -845.229 0
1912.28 -849.571 0
1984.58 -847.811 0
1917.91 -919.126 0
1834 -1124.49 0
