198.656 -351.239 0
168.819 -323.982 0
166.231 -266.998 0
168.04 -231.286 0
196.282 -156.636 1
169.498 -224.292 1
185.071 -231.877 0
219.68 -214.31 0
251.551 -228.056 0
421.737 -311.738 1
441.822 -324.165 1
472.804 -340.871 0
440.39 -283.965 0
464.433 -323.069 0
510.997 -332.199 0
966.671 321.818 0
979.998 241.376 0
1080.45 81.6319 0
1267.99 -207.558 0
1241.08 -221.559 0
1211.8 -181.593 0
1258.78 -132.69 0
1194.61 -269.731 0
1229.46 -23.3444 0
1141.05 41.6128 0
1110.49 22.5745 0
1071.7 68.1601 0
1083.76 107.655 0
1075.44 189.029 0
1088.3 276.8 0
1204.48 525.299 0
1267.71 389.686 0
1187.98 559.56 0
1653.49 329.264 1
2206.05 386.758 0
2242.13 383.962 0
2249.54 335.68 1
2265.62 270.392 0
