-71.8336 -95.447 0
-135.484 -135.556 0
-133.236 -98.3075 0
-156.095 -56.3588 0
-195.992 15.9413 0
-694.048 446.859 0
-666.109 460.475 0
-533.255 424.136 0
-496.736 375.396 0
-532.09 403.524 0
-323.445 -129.175 0
-381.719 -132.305 0
-416.012 -138.355 0
-357.493 -122.007 0
-412.137 -61.9846 0
-437.443 -5.02822 1
-344.342 26.1619 1
-879.344 313.405 0
-790.188 292.468 0
-727.994 378.865 0
-681.205 341.526 0
-645.944 324.026 0
-603.926 293.067 0
-683.09 226.257 0
-584.554 154.167 0
-553.853 122.909 0
-557.534 108.066 0
-557.095 106.653 0
-568.463 130.094 0
-590.652 174.595 0
-537.176 198.433 0
-525.048 195.332 1
-1245.03 188.043 1
-1192.38 184.851 0
-1248.72 121.205 0
-1297.34 117.538 0
-1326.67 112.452 0
-1188.09 103.533 0
-553.871 190.445 0
-621.513 231.657 0
-601.129 293.744 0
-601.026 363.757 0
-616.7 348.5 0
-674.916 220.772 0
-792.362 356.197 0
-767.741 387.162 0
-770.025 361.983 0
-752.376 292.281 0
-106.79 -70.8287 0
-76.7008 -33.9248 0
229.995 -332.385 0
281.617 -346.898 0
472.971 -440.31 0
537.528 -337.999 0
612.334 -349.567 0
645.4 -371.383 0
568.892 -311.393 0
485.101 -275.248 0
995.668 -224.488 0
-347.052 -343.491 0
-357.009 -376.31 0
-395.63 -430.634 0
-407.125 -442.394 0
-689.124 -454.655 0
-408.679 -466.078 0
-431.743 -473.536 0
-404.45 -522.894 0
-368.333 -651.361 0
-391.419 -640.669 0
-388.017 -629.728 0
-385.319 -632.014 1
-235.578 -634.347 1
-226.016 -625.087 0
-203.764 -593.917 0
-183.484 -572.978 0
-160.632 -518.461 0
-133.677 -587.857 0
-170.805 -590.154 0
-178.532 -588.217 1
-206.274 -569.899 1
-73.1365 -561.24 0
-108.848 -559.195 0
-112.294 -490.61 0
-92.8041 -456.738 0
-64.8214 -475.163 0
9.17103 -490.393 0
-975.148 162.891 0
-925.643 229.747 0
-881.386 190.86 1
-932.065 86.3477 1
-722.949 317.831 0
-733.824 338.761 0
-644.36 465.953 0
-1279.83 364.882 0
-1256.23 345.901 0
-1308.39 319.344 0
-1444.03 615.714 0
-1536.28 337.6 0
-1531.69 345.554 0
-1542.38 339.787 0
108.882 -105.162 0
165.765 -91.2319 0
236.369 -51.6471 0
316.155 -428.424 0
310.005 -487.932 0
572.516 -572.573 0
594.715 -669.111 0
613.454 -706.934 0
639.249 -485.593 0
559.191 -274.167 0
506.444 10.9582 0
