30.4808 17.4445 0
39.3872 2.23434 0
74.5297 -4.98826 0
80.8107 -42.3986 0
112.996 -63.4297 0
90.8606 -112.866 0
76.4381 -128.654 0
24.7029 -149.471 0
76.5169 -138.733 0
139.267 -141.94 0
135.884 -102.524 0
90.0944 -58.4929 0
16.7242 -9.42725 0
29.2925 -77.1986 1
-62.4519 546.116 1
68.8483 146.378 0
81.4509 763.667 0
160.789 790.955 0
197.557 758.162 0
243.801 721.387 0
253.77 705.073 0
265.011 792.946 0
272.706 862.854 0
184.937 796.311 0
452.976 648.869 0
488.339 608.968 0
496.9 561.127 0
504.633 562.101 0
560.857 549.847 0
693.929 431.294 0
686.766 459.863 0
678.076 479.493 0
720.992 471.478 0
1058.84 548.609 0
957.076 639.783 0
1805.28 111.467 0
1794.85 116.762 0
1790.52 111.507 0
1755.38 100.056 0
1809.62 203.086 0
1723.22 530.095 0
1780.86 535.304 0
1802.8 476.368 0
1849.52 400.049 0
1919.69 332.241 0
2115.78 -10.9203 0
2431.28 -183.738 0
2412.99 -165.065 0
2208.94 79.1548 0
2124.92 116.633 0
1197.49 1336.88 0
1124.07 1591.12 0
451.266 1917.03 0
445.259 1950.9 0
-226.094 -2145.02 1
-158.128 -2068.21 0
-130.71 -1988.69 0
-169.348 -1926.48 0
-375.607 -1758.63 0
219.497 -1765.33 1
-49.653 -1563.64 0
