0.857625 -9.0696 0
99.2619 -387.302 1
119.705 -380.617 0
105.181 -403.502 0
128.438 -326.247 0
144.556 -301.889 0
146.948 -317.141 1
132.653 -303.26 1
118.424 -318.687 0
171.507 -275.98 0
132.125 -184.944 0
25.4251 -173.923 0
29.147 -231.627 1
172.762 -336.97 1
154.673 -346.194 0
143.059 -341.978 0
176.315 -293.718 0
110.9 -127.734 0
26.0799 -157.948 1
-22.9908 -26.3186 1
39.5581 -9.16569 0
80.2316 4.60694 0
72.0979 32.4983 0
307.52 -81.5765 1
315.694 -85.7956 0
359.832 -101.021 0
546.05 -86.5956 0
1204.2 -353.535 0
1184.22 -407.705 0
1191.57 -470.023 0
1086.4 -434.429 0
922.201 -422.781 0
1953.65 -162.29 0
1978.32 -119.586 0
2085.87 -284.582 0
2063.49 -264.886 0
2272.58 -81.3135 0
2324.36 -173.194 0
2169.48 228.024 0
2176.56 246.909 0
2166 250.958 1
2310.17 -984.032 1
1778.72 -856.271 0
1703.92 -792.498 0
1639.35 -616.101 0
1856.98 -670.083 0
1830.15 -748.607 0
1858.18 -721.192 0
1833.86 -736.472 0
1810.45 -731.153 0
1834.63 -747.389 0
1850.12 -791.076 0
1675.85 -856.662 0
1716.9 -1223.83 0
1692.27 -1302.06 0
1697.61 -1224.6 0
1807.99 -1186.67 0
1824.02 -1137.52 0
1846.85 -1073.51 1
2316.92 -995.376 1
2306.25 -978.51 0
3484.75 -1021.53 0
3482 -1024.5 0
