159.069 -20.4116 0
169.378 69.9262 0
214.564 91.728 0
300.511 145.381 0
354.534 215.753 0
402.625 154.86 0
521.973 -76.2243 0
541.676 -142.469 0
550.272 -165.364 0
560.36 -195.641 0
528.563 -255.282 0
529.439 -183.965 0
484.503 -89.1978 0
505.677 -116.49 0
512.8 -124.013 0
513.003 -149.814 0
428.429 -98.7639 0
397.141 -69.4592 0
429.744 -76.7314 0
506.586 -44.3767 1
569.876 -62.0341 1
589.85 -74.2271 0
594.372 -40.1474 0
590.669 -29.1857 0
586.413 -51.7032 0
575.484 -70.5636 0
575.374 -112.333 0
517.017 -79.8527 0
524.409 -58.5996 1
611.867 -76.4999 1
596.995 -87.8028 0
657.755 -238.296 0
596.781 -280.904 0
599.17 -311.152 0
654.809 -352.386 0
699.619 -354.497 0
716.922 -273.971 0
675.376 -185.773 0
767.286 -185.928 1
954.345 -665.34 1
949.004 -671.59 0
963.081 -636.874 0
985.383 -515.323 0
954.349 -476.934 0
935.681 -473.297 0
922.671 -480.494 0
944.171 -354.029 1
860.824 -253.419 1
876.299 -254.425 0
831.635 -224.532 0
904.933 -199.662 0
921.135 -164.645 0
916.022 -132.178 0
918.574 -121.23 0
1066.18 -284.502 0
658.495 -269.223 0
706.135 -245.658 0
889.767 -257.513 0
854.216 -136.08 0
1012.45 -74.5563 0
1340.9 -207.839 0
1289.87 -221.07 0
1293.45 -202.152 0
1168.89 -133.772 0
1184.08 -92.7688 0
1216.36 -112.328 0
1521.86 324.9 0
1467.76 308.184 0
1413.77 271.835 0
1023.82 126.299 0
883.101 20.0248 1
3084.98 294.928 1
3122.75 313.784 0
3186.24 281.07 0
3251.76 219.078 0
3274.42 162.163 0
3266.72 127.125 0
3254.42 112.057 0
3253.3 119.809 0
3234.86 111.002 0
3180.54 182.769 0
3140.51 235.315 0
3130.52 273.919 0
3173.21 292.721 0
3211.02 281.287 0
3152.04 294.829 0
