12.612 1.98141 0
68.3874 -3.95344 0
100.351 -31.1407 1
123.398 18.2891 1
207.646 -34.4399 0
61.9749 -87.7529 0
104.82 -96.9039 0
28.9217 -98.5595 0
2.79682 -65.1434 0
-16.5503 -17.9102 0
404.055 8.80652 0
684.888 -180.376 0
689.715 -139.691 0
586.06 -205.837 0
170.089 -572.858 0
161.483 -547.263 0
158.134 -523.612 0
215.617 -466.075 0
217.828 -321.797 0
159.404 -194.44 0
158.099 -141.05 1
-162.328 -104.609 1
-190.283 -102.024 0
479.352 -196.306 0
887.931 -238.856 0
833.703 -323.328 0
814.08 -349.075 0
794.426 -382.791 0
746.983 -392.562 0
665.202 -394.224 0
750.134 -581.647 0
676.122 -562.697 0
1329.2 -869.375 0
1318.35 -852.314 0
1368.02 -792.94 0
1461.5 -911.221 0
1458.58 -913.003 0
1441.21 -874.751 0
1459.01 -861.158 0
1297.17 -974.747 0
1283.51 -967.265 0
1278.66 -913.77 0
1397.39 -919.12 0
1795.69 -1178.49 0
1875.67 -906.883 0
1880.26 -752.729 0
1848.57 -812.377 0
1883.47 -859.725 0
1874.32 -947.618 0
