8.52699 11.1012 0
13.5543 20.2733 0
6.74515 34.3907 0
34.0815 46.9988 0
74.9371 61.8202 0
71.1744 116.948 0
63.5328 142.046 1
71.5225 184.829 0
75.4273 163.813 1
82.2943 135.408 0
82.5531 133.541 0
129.63 149.684 0
134.729 183.315 0
150.262 227.603 0
231.658 304.114 0
189.135 372.753 0
263.757 373.998 0
259.734 314.318 0
287.849 340.529 0
272.584 130.722 0
911.628 490.346 0
1010.96 332.391 1
969.214 364.853 0
972.456 382.741 0
894.518 387.112 0
853.293 459.591 0
900.314 449.899 0
935.62 467.079 0
916.568 461.342 0
918.867 436.127 0
1009.5 389.581 0
1015.57 368.073 0
946.775 459.775 0
1124.11 384.358 0
1221.71 316.623 0
2165.35 -999.39 0
-3301.68 -1147.31 0
-3220.15 -1252.17 0
-3129.11 -1377.98 0
-3060.11 -1412.82 0
-3051.72 -1464 0
-3065.17 -1479.6 0
-3100.27 -1242.61 0
-3048.54 -1227.67 0
-2965.81 -1236.02 0
-2882.54 -1243.02 0
-2849.02 -1319.23 0
-2533.46 -1704.09 0
-2512.53 -1740.87 0
-2535.09 -1790.69 0
-2697.53 -1369.45 0
-2697.74 -1298.67 0
-2726.85 -1161.81 0
-2951.61 -1126.67 0
-2951.94 -1006.51 0
-3038.86 -860.816 0
-3052.62 -740.433 0
-3169.12 -725.135 0
-3260.5 -736.055 0
-3220.83 -708.694 0
-3187.38 -719.507 0
-3143.37 -748.498 0
-3028.79 -803.858 0
-2952.82 -713.146 0
-2919.05 -855.61 0
-2811.51 -1026.47 0
-2808.35 -1110.04 0
-2743.75 -1227.67 0
-2730.91 -1278.95 0
-2769.81 -1306.28 0
-2586.75 -1349.31 0
-2523.45 -1337.19 0
-2549.61 -1326.9 0
-2538.89 -992.567 0
-2661.12 -533.335 0
-2791.51 -796.989 0
-2722.91 -759.933 1
-1476.48 -853.674 1
-1441.89 -911.943 0
-1470.97 -953.256 0
-1432.04 -996.386 0
