9.9697 53.3652 0
-54.583 26.1476 0
-28.7317 32.2152 0
-55.1136 49.7818 0
-33.5604 85.3457 0
-22.4589 135.187 0
3.14086 141.47 0
35.7169 67.4231 0
32.6305 25.7316 0
-47.5588 66.1295 0
3.58934 23.3355 0
59.0058 -14.8272 0
339.395 -215.444 0
397.18 -186.017 0
408.382 -136.433 0
365.105 -134.122 0
344.931 -20.6171 0
383.678 -1.67861 0
388.546 -62.103 0
149.955 178.726 1
47.7803 180.98 1
203.383 278.998 0
181.287 297.636 0
137.553 301.225 0
273.7 285.623 0
217.299 415.032 0
294.782 367.937 0
254.641 339.057 0
214.511 364.913 0
159.654 396.442 0
-162.887 519.976 0
-166.746 528.035 0
-100.659 434.633 0
-33.6021 383.155 0
54.5369 363.504 0
68.9658 317.196 0
195.97 226.757 1
653.827 59.0167 1
624.681 24.2779 0
671.786 -68.2057 0
707.8 -132.888 0
605.943 -166.177 0
604.102 -132.24 0
533.181 63.6375 0
617.933 79.1673 0
650.301 32.7671 0
706.532 -0.926949 0
727.365 267.902 0
836.261 13.9188 0
1529.14 147.108 0
1539.66 84.9451 0
1593.28 8.41901 0
1600.97 19.6079 0
1488.24 128.603 0
1392.21 163.92 0
1344.56 204.342 0
1371.12 267.677 0
1414.65 234.019 0
1376.96 281.407 0
1477.18 320.784 0
1466.34 344.098 0
1482.36 336.748 0
1534.75 308.795 1
1493.08 337.562 1
1501.65 328.193 0
1486.51 275.564 0
1305.85 273.373 0
1280.5 285.725 0
1274.85 305.947 0
1268.02 354.639 0
1395.67 423.119 1
1391.7 454.898 1
1569.35 394.562 0
1405.05 -61.4904 0
1316.75 -62.6164 0
1331.46 -64.96 0
1323.84 -42.0551 0
1298.86 -15.0113 0
1327.32 -29.6606 0
1380.9 -50.2248 0
1334.31 -73.6611 0
370.989 119.265 0
402.391 67.8734 1
743.03 -113.859 1
794.936 -124.429 0
784.611 -143.598 0
800.991 -156.669 0
810.666 -142.549 1
10962.8 -542.689 1
