207.312 -133.979 0
198.915 -198.082 0
240.01 -172.504 0
247.439 -37.8926 0
265.319 52.5281 0
241.451 142.616 0
204.738 124.887 0
181.889 61.5519 0
197.449 91.2374 0
220.312 126.475 0
212.882 130.579 0
208.681 114.352 0
241.292 129.482 0
258.077 81.377 0
243.251 20.4465 0
384.887 42.2627 1
410.02 37.7466 1
401.511 113.218 0
381.206 108.252 0
358.546 134.482 0
248.768 105.278 0
253.252 165.651 0
245.256 213.747 0
240.259 304.54 0
250.367 282.091 0
238.396 144.399 0
317.287 524.079 0
328.759 564.395 0
321.805 555.022 0
303.791 595.874 0
245.66 583.524 0
247.815 544.724 0
240.116 535.957 0
278.912 551.596 0
250.609 585.233 0
200.79 580.416 0
149.565 571.045 0
302.086 693.583 0
229.257 820.599 0
196.368 805.238 0
232.924 919.472 0
244.983 911.155 0
258.852 950.139 0
211.456 972.841 1
214.342 896.926 1
164.026 798.526 0
219.94 450.694 0
231.585 433.109 0
337.364 376.984 0
344.874 380.933 0
239.485 388.614 0
224.531 354.807 0
183.19 357.192 0
164.749 368.944 0
213.02 360.758 1
155.786 338.528 1
-2019.56 1776.07 0
-2024.25 1904.7 0
-1953.12 1831.98 0
-1943.32 1813.97 0
-1930.73 1835.13 0
-1899.44 1830.09 0
-1882.05 1842.11 0
-1577.63 1840.42 0
-2022.62 1868.17 0
-2004.5 1852.01 0
-3068.27 1677.44 0
-3118.13 1652.25 0
-3153.55 1772.7 0
-3107.83 1735.5 0
-2812 1451.09 0
-2786.53 1404.18 0
-2791.22 1457.77 0
-2844.28 1502.8 0
-2455.74 1592.14 0
-2605.27 1753.67 0
-2671.95 1821.58 0
-2921.64 2060.66 0
-2360.21 2067.92 0
-2179.29 1738.78 0
-1910.79 1103.48 0
-1919.31 1072.21 1
-1927.66 1076.18 0
-1946.13 1083.49 0
-1883.16 1194.86 0
-1877.29 1221.37 1
-1904.11 1319.4 1
-1915.22 1333.34 0
-1933.13 1387.71 0
-1674.89 1585.74 0
