2.55031 -34.5243 0
9.79826 -52.2432 0
9.49723 -64.3922 0
3.5919 -61.0247 0
-18.5608 6.12545 0
-56.5303 65.476 0
-85.3948 80.8387 1
140.538 -42.0011 1
155.03 -98.9432 0
197.429 -176.101 0
226.868 -264.128 0
205.92 -284.88 0
238.344 -281.16 0
263.01 -288.43 0
305.555 -291.441 0
293.682 -315.186 0
324.493 -309.368 0
429.14 -280.577 0
428.19 -281.767 0
124.271 -98.8853 0
43.0309 -25.2961 0
-387.588 91.8235 0
-456.434 154.171 0
-524.626 196.249 0
-560.094 227.893 0
-557.471 214.118 1
1288.78 -1226.73 1
1264.94 -1309.27 0
1238.65 -1363.07 0
1164.92 -1375.44 0
1031.26 -1352.42 0
1021.33 -1316.3 0
1031.82 -1316.57 0
1039.93 -1334.32 0
1061.89 -1342.01 0
1068.17 -1348.94 0
1067.82 -1351.98 0
1085.11 -1347.94 1
1032.04 -1284.38 1
895.676 -847.041 0
856.775 -782.957 0
855.741 -585.44 1
751.474 642.308 1
1364.83 -2187.76 0
1635.41 -2400.76 0
1658.89 -2410.66 0
1715.7 -2419.65 1
1720.7 -2635.16 0
1883.53 -2870.55 0
1957.39 -3133.38 0
1961.03 -3172.51 0
1971.87 -3172.11 0
1960.35 -3138.14 0
1858.93 -2794.5 0
1864.07 -2784.22 0
1895.66 -2796.05 0
2628.81 -3494.06 0
2602.62 -3534.56 0
2468.33 -3082.53 0
3348.82 -2735.86 0
3425.94 -2854.01 0
3466.14 -3010.02 0
3514.53 -3058.15 0
