-42.88 6.53562 0
-66.0459 84.2718 0
12.9963 -6.05136 0
65.9565 -9.00293 0
1140.17 -745.637 0
1107.59 -836.165 0
1136.38 -879.916 0
1120.86 -925.271 0
1113.24 -954.081 0
1122.93 -1001.93 0
1112.95 -1064.57 0
1009.28 -1282.6 0
1038.28 -1336.82 0
962.324 -1364.92 0
933.982 -1398.6 0
939.476 -1365.58 0
914.17 -1336.29 0
914.664 -1044.19 0
945.639 -982.299 0
986.091 -853.896 0
985.565 -901.139 0
949.735 -905.41 0
1155.93 -787.759 0
1120.96 -770.682 0
1154.68 -412.656 0
1397.33 -299.615 0
1247.24 -312.479 0
1258.04 -270.189 0
1309.33 -312.086 0
1305.09 -350.679 0
1257.68 -420.799 0
1137.68 -364.534 0
1081.37 -296.263 0
1091.08 -278.911 0
1044.14 -211.64 0
954.062 -151.545 0
1129.34 -113.595 0
1149.26 -35.7854 0
1262.62 -86.0507 0
1297.65 -135.66 0
1358.84 -164.357 0
1356.96 -145.633 0
1304.44 -130.671 0
1307.59 -131.331 1
1252.85 -58.653 1
1530.87 13.9309 0
1466.92 55.8734 0
1504.87 94.6236 0
1630.28 -101.522 0
802.007 129.796 0
686.208 98.3608 0
620.984 145.946 0
531.877 242.899 0
594.097 106.179 0
571.067 77.7767 0
642.538 8.8925 0
118.969 223.463 0
5.91095 300.693 0
-108.277 283.189 0
-312.284 155.591 0
-457.42 58.8505 0
-383.55 32.2102 0
-431.839 36.2887 0
-274.108 138.084 0
96.2564 190.297 0
46.6298 326.895 0
24.3802 357.12 0
607.101 335.858 1
549.328 397.932 0
416.987 442.44 0
1013.18 207.696 1
1035.41 202.624 0
1828.69 285.049 0
1816.98 441.319 0
1851.63 444.956 0
2457.05 708.838 1
1695.03 786.793 0
1776.9 960.907 0
1822.08 963.546 0
1892.14 949.566 0
1934.79 912.802 0
2401.09 798.451 1
