594.477 -9.51733 0
615.239 -15.4932 1
530.132 -39.9821 1
627.781 -156.984 0
573.438 -76.2695 0
699.774 -1.26182 0
705.498 155.874 1
667.046 146.163 1
749.668 226.482 1
805.762 230.492 1
842.228 261.08 0
864.879 242.779 0
901.191 219.742 0
844.678 236.137 0
807.011 205.506 1
811.002 133.418 0
867.591 44.7454 1
890.083 101.934 0
1009.08 155.021 0
1016.42 228.579 1
1604.15 -55.4907 1
1502.33 -23.5666 0
1571.5 -99.4332 0
1431.43 -268.365 0
1420.35 -289.586 0
1426.84 -365.157 0
1409.88 -364.742 0
1477.91 -278.578 0
1518.1 -349.781 0
1598.54 -338.602 0
1672.92 -313.946 0
1678.01 -294.569 0
961.46 113.439 0
1092.87 53.6079 0
1154.84 81.9679 1
-926.146 -146.946 1
-930.25 -77.1628 0
-930.173 -57.0233 0
-901.2 -23.4603 0
-899.671 -44.9146 0
-414.563 -33.6236 0
-436.455 -12.1923 0
-416.815 2.08317 0
-230.463 -2.72946 0
-201.307 -0.240581 0
-210.779 -59.9845 0
-181.958 -122.514 1
-230.683 -52.2679 1
-274.806 -111.933 0
-258.761 -111.407 0
-167.698 8.10919 0
774.344 -375.373 0
114.208 -54.1523 1
96.7936 -72.8049 0
71.1105 -49.1461 0
202.139 -130.883 0
205.169 -284.437 0
221.793 -223.048 0
-112.489 -178.482 0
-124.983 -111.926 0
-105.475 -68.117 0
-88.9731 -94.1619 0
135.442 -279.755 0
239.397 -367.278 0
174.713 -378.852 0
204.619 -364.533 0
-899.325 140.757 0
-856.282 291.042 0
-905.358 269.078 0
-865.58 320.299 0
-691.395 130.903 0
-689.671 192.463 0
-635.62 149.709 0
-556.416 133.636 0
-564.308 187.764 0
-708.99 236.829 0
-756.467 224.183 0
-1140.64 167.453 0
-1155.85 167.178 0
-1154.31 233.336 0
-1179.26 247.778 0
-1213.94 304.116 1
-3116.65 -248.544 1
-3124.67 -255.908 0
-3051.13 -202.842 0
-2701.98 -33.3754 0
-4723.9 265.757 0
-4205.21 233.857 0
-746.6 4673.59 0
