-17.0878 -28.5345 0
70.1755 -189.794 0
62.0354 -49.8212 0
59.4559 18.5221 0
67.2094 178.973 0
72.8783 236.268 1
77.822 242.86 1
124.367 273.359 0
222.221 277.777 0
1258.58 -33.0321 1
1285.16 -50.8583 0
1300.27 56.7069 0
1329.56 42.9493 0
1331.05 27.0425 0
1318.68 19.3847 0
1329.54 9.84563 0
1480.89 75.7944 0
1552.51 224.616 0
1556.34 236.824 0
1520.74 265.607 1
1501.28 303.197 1
1468.18 287.746 0
1455.49 270.307 0
1463.49 246.082 1
1492.3 68.4982 1
1520.85 -4.36122 0
1599.25 -111.717 0
1586.13 -117.64 0
1504.62 -393.276 0
1486.53 -331.929 0
1454.59 -258.913 0
1511.08 -195.897 0
1398.29 -510.484 0
1275.78 -476.435 0
1355.99 -355.434 0
1342.73 -297.785 0
1300.82 -259.156 0
2199.48 -65.2055 1
2101.52 -97.7012 0
2103.21 -108.291 0
2004.9 -125.375 0
1974.02 -70.6506 0
1968.63 6.74606 0
1985.46 122.189 0
2098.66 106.596 0
2193.53 62.6287 0
2137.97 -11.5379 0
2208.98 -178.461 0
2228.66 -178.145 0
2246.31 -181.964 0
2302.16 -183.394 0
2348.86 -173.557 0
2254.12 -136.65 0
2228.97 -77.1888 1
2304.33 -43.3431 0
2282.26 -45.0195 0
2145.62 426.664 0
1432.51 3308.56 0
