-74.8922 -11.0814 0
-135.791 -76.1851 0
-158.115 -146.702 0
-205.892 -200.089 1
-454.857 -406.632 1
-492.129 -371.179 0
-542.98 -319.747 0
-335.216 -244.849 0
-420.133 -150.947 0
-466.58 -137.023 0
-483.296 -151.178 0
-852.812 -452.368 0
-885.276 -412.671 0
-930.243 -369.41 0
-1002.02 -366.29 0
-999.081 -346.026 0
-1021.82 -312.165 0
-1043.99 -276.374 0
-1070.94 -296.008 1
-330.092 -336.16 1
-481.01 -12.0817 0
-509.121 31.0101 0
-536.717 40.1139 0
-488.476 153.977 0
-570.839 155.382 1
-543.324 55.8546 1
-4.73077 -168.588 0
12.4647 -136.995 0
265.445 -121.677 0
230.763 -28.7447 1
189.997 33.4995 1
1097.02 -14.6657 1
1077.4 -26.5668 0
1122.12 -40.5634 0
1182.14 8.90627 0
1225.32 28.1324 0
1275.93 17.8956 0
1288.5 6.3839 0
1235.4 11.5423 0
1605.83 9.15507 0
1657.01 20.323 0
1681.84 53.8651 0
1574.42 55.6052 1
3730.68 -1517.93 1
