4.15082 57.0087 0
1.79398 103.518 0
1.18866 115.539 0
-6.64266 123.536 0
-24.6182 67.1544 0
6.62931 250.123 0
-10.458 208.182 0
-50.2054 174.592 1
-13.8609 196.837 1
-55.9962 189.25 0
6.45318 202.024 0
111.614 157.253 0
67.9874 200.669 0
76.3665 259.012 0
-7.71989 310.247 1
166.563 236.963 1
224.883 187.979 0
532.438 -136.958 0
555.657 -167.582 0
591.908 -118.833 0
558.223 -144.868 0
476.326 -202.76 0
428.64 -234.443 0
238.68 106.067 0
183.495 -89.2641 0
-179.243 -435.763 0
-181.184 -454.946 0
-201.535 -494.731 0
-214.785 -540.05 0
-213.787 -617.408 0
-184.799 -609.53 1
60.4101 -587.626 1
8.11316 -562.467 0
68.8774 -425.377 0
132.418 -429.173 0
130.33 -458.318 0
133.445 -466.675 1
1971.85 -321.34 1
1922.65 -248.28 0
1866.08 -257.788 0
1832.6 -231.627 0
1638.64 -459.146 0
1744 -724.047 0
1888.83 -770.87 0
1892.75 -689.692 0
2019.69 -939.797 0
1979.57 -1087.36 0
2069.99 -1100.96 0
2123.7 -1050.14 0
2146.29 -963.063 0
2170.51 -907.565 0
2219.23 -862.971 0
2240.86 -848.911 0
2231.64 -791.655 0
2192.58 -764.342 0
1938.76 -541.746 0
1890.51 -553.126 0
1870.81 -544.568 1
1884.73 -561.525 1
1846.03 -538.235 0
1888.2 -529.459 0
1922.81 -547.193 0
1925.45 -552.715 0
1927.73 -559.614 0
1938.64 -546.112 0
1992.54 -459.913 0
1964.62 -436.368 0
1981.44 -418.039 0
2030.98 -401.311 0
2290.34 -379.84 0
2377.53 -360.536 0
2427.35 -404.154 0
2375.36 -430.884 0
2435.04 -472.442 0
2439.55 -610.948 0
2423.27 -655.802 0
2281.61 -581.102 0
2273.81 -573.959 0
2245.93 -551.679 0
2245.21 -537.57 0
2103.03 -498.86 1
-10076.7 -5200.68 1
-10125.2 -5182.83 0
-9590.9 -5058.49 0
-9473.52 -5181.82 1
-9492.53 -5211.02 0
-9498 -5204.48 0
-9583.4 -5235.46 0
-9600.49 -5191.13 0
-9596.41 -5143.05 0
-9529.83 -5058.71 1
-9487.79 -5007.17 1
-9473.58 -5018.08 0
-9442.55 -5017.86 0
-9413.53 -5010.38 0
-9379.39 -4995.6 0
-9362.16 -5004.46 1
75650.5 -5673.15 1
