48.2387 48.693 0
33.5599 34.1875 0
-14.3604 72.8301 1
1893.48 -103.61 1
1797.65 -133.939 0
1756.03 -175.629 0
1694.03 -186.308 0
1626.86 -186.622 0
1705.32 -144.607 0
1609.25 -96.3649 0
1651.86 -43.8298 0
1619.36 -25.7107 0
1768.48 -81.9093 0
1791.47 -55.3448 0
1849.44 -101.491 0
1856.41 -99.5169 0
1732.58 16.0168 0
1754.9 -28.2322 0
1788.07 -69.541 1
2261.22 162.461 1
2802.03 -96.0858 0
2772.73 -162.195 0
2743.39 -260.312 0
2766.3 -289.966 0
2797.15 -343.293 0
2848.21 -362.378 0
2802.33 -310.865 0
2859.7 -310.539 1
2849.32 -255.846 1
2807.02 -249.789 0
2769.93 -225.706 0
2748.11 -221.783 0
2764.84 -164.155 0
2801.3 -166.75 0
2745.39 -144.993 0
2649.87 -103.235 0
2664.16 -84.923 0
2596.13 -99.3007 0
2598.7 -113.102 0
2652.69 -149.807 0
2694.99 -155.952 0
3374.81 -673.32 0
3391.59 -729.384 0
3558.67 -586.755 0
3425.41 -500.071 0
3361.64 -491.751 0
3229.91 -461.876 0
3204.71 -432.835 0
3227.1 -356.93 0
3230.78 -358.594 0
3917.01 -271.907 0
4112.56 -326.348 0
4027.63 -354.9 0
3882.82 -241.265 0
3908.34 -215.051 0
4003.09 -170.504 0
3992.52 -105.926 0
3990.16 -48.5005 0
