10.4077 43.6481 0
47.4328 30.956 0
49.9536 20.7096 1
127.329 -17.9485 1
234.45 -146.694 0
248.208 -132.297 0
605.368 -398.314 0
533.743 -332.927 0
647.386 -343.017 0
114.815 -34.001 0
-184.03 -292.275 1
-205.119 -390.469 0
-199.947 -376.04 0
-188.384 -313.445 0
-201.871 -325.234 0
-141.766 -333.381 1
-6.67859 -136.156 1
-25.5266 -166.333 0
74.6031 -167.84 0
35.5061 -160.632 0
-80.7689 -136.136 0
18.9334 -151.075 0
-49.072 -103.899 0
20.7811 -108.923 0
190.155 -95.2554 0
87.1826 -119.64 0
-26.1179 -144.751 0
34.2058 -112.866 0
44.9015 -137.583 0
-156.426 -176.428 0
72.7537 -211.309 0
181.266 -107.746 0
402.692 -299.868 1
433.533 -199.749 0
423.204 -179.396 1
-631.403 -104.642 1
-402.048 -309.26 0
-912.587 -672.76 0
-864.93 -661.515 0
-856.13 -723.129 0
-835.167 -793.487 0
-889.705 -837.028 1
-483.664 -1051.68 1
-579.957 -890.29 0
-586.464 -830.5 0
-463.475 -769.048 0
-408.451 -765.955 0
-383.286 -748.459 0
-379.39 -722.398 1
-520.647 -769.184 1
-491.776 -730.668 0
-514.51 -750.979 0
-493.35 -732.704 1
182.913 -606.916 1
109.379 -666.242 0
128.66 -723.178 0
73.7048 -736.393 0
-231.109 -362.398 0
-284.263 -346.104 0
-252.032 -355.434 0
-184.731 -334.087 0
-172.36 -314.667 0
-696.095 -257.202 0
-404.18 -280.614 0
-204.986 -162.14 0
1219.6 -263.047 0
1220.15 -293.28 0
1253.84 -307.913 0
1247.08 -329.173 0
1250.09 -334.001 0
1096.45 -557.39 0
1095.09 -525.162 0
1119.27 -481.798 0
1089.94 -483.873 0
1117.26 -456.295 1
1437.98 -238.416 1
1468.38 -232.198 0
1494.7 -228.266 0
1518.29 -230.469 0
1480.12 -237.083 0
1462.58 -267.821 0
1460.79 -299.527 0
1404.77 -261.531 0
1403.3 -249.386 0
1407.35 -264.476 0
1364.34 -261.826 0
1447.85 -392.498 1
1508.99 -571.936 0
532.496 -1954.97 0
530.286 -1994.87 0
524.927 -2001.07 0
538.039 -2011.04 0
548.848 -2007.93 0
547.109 -1999.73 0
517.033 -2005.28 0
535.075 -1968.35 0
