-3.99651 62.4222 0
-69.9194 114.739 0
-3.17558 72.8084 0
60.995 54.975 0
-6.69185 101.542 0
-43.0525 110.735 0
63.0674 29.3025 0
54.061 156.691 0
24.2023 154.671 0
135.051 126.495 0
135.022 81.5113 0
127.6 23.0237 0
188.975 9.67852 0
171.576 56.4621 0
201.63 -153.288 0
-65.489 -341.79 0
-73.4043 -370.839 0
-60.1256 -367.923 0
-34.6261 -398.256 0
-22.3253 -390.675 0
-68.4071 -424.809 1
-1099.44 376.243 1
-873.456 483.715 0
-839.927 479.444 0
-823.394 496.226 0
-787.713 559.442 1
1020.74 -489.753 1
991.561 -494.627 0
970.648 -491.666 0
836.42 -409.569 0
782.021 -365.964 0
754.18 -361.05 0
742.998 -356.782 0
705.949 -317.29 0
697.973 -280.802 0
751.048 -303.597 0
790.239 -334.917 0
803.473 -282.322 1
-2419.77 1245.37 1
-2499.82 1264.55 1
-2522.5 1240.31 1
-2599.68 957.844 0
-2447.08 894.845 0
-1122.73 740.774 0
-1134.96 750.693 0
-1141.13 789.505 0
-1116.36 856.51 0
-1126.3 895.231 0
-1136.79 981.834 0
-1059.73 972.154 0
-1210.31 574.348 0
-1118 359.563 0
-1101.71 323.587 0
-1135.33 215.546 0
-968.091 221.801 0
-965.55 218.378 0
-791.815 359.586 0
-958.544 690.652 1
-974.809 659.622 1
-1110.61 657.225 1
-1115.97 624.704 1
-1178.06 369.391 1
-1257.52 342.04 0
-1268.03 382.62 0
-1302.38 468.393 0
-1090.42 462.701 1
-1048.83 388.287 1
-1101.34 396.917 0
-1203.56 434.546 0
-1205.59 481.373 0
-1240.35 539.635 0
-1274.46 599.303 0
-1296.11 635.32 0
-1318.54 641.963 1
-3563.83 746.138 1
-3651.95 793.966 0
-3865.75 660.203 0
-3638.95 781.13 0
-3676.95 809.593 0
-3837.97 882.411 0
-3843.07 837.961 0
-3757.34 886.343 1
5317.82 558.51 1
