-31.9837 65.1076 0
-65.9453 58.3736 0
-56.7205 86.2203 0
-47.6901 99.721 1
-74.7398 226.122 1
-25.0178 67.4932 0
-145.314 -293.562 0
-114.196 -354.596 0
-163.126 -451.304 0
-202.271 -720.654 0
-171.274 -771.117 0
-117.48 -716.97 0
-63.1957 -662.38 0
-65.8936 -629.774 0
-53.8113 -545.225 0
23.0978 -380.412 0
39.6041 -310.763 0
-14.5401 -265.12 0
54.6509 -128.185 0
-11.1318 26.3614 0
2.8592 92.301 1
90.1577 123.587 1
96.7357 119.467 0
117.7 199.694 0
170.705 144.702 0
118.065 119.519 0
51.5785 162.091 0
76.5604 180.11 0
117.764 218.668 0
148.452 248.202 0
187.378 258.104 0
190.301 261.117 0
204.345 312.156 0
184.755 373.572 1
261.614 -366.041 1
208.62 -507.296 0
206.149 -476.491 0
205.432 -462.674 0
423.049 -467.033 0
442.966 -459.014 0
426.948 -384.949 0
420.484 -329.332 0
457.165 -382.569 0
444.582 -421.025 1
338.948 -76.5043 1
394.119 -77.4721 0
423.655 -28.8019 0
424.764 -0.825396 0
453.405 -28.2622 0
482.764 -56.07 0
470.355 -65.5107 0
473.406 -130.928 0
481.335 -213.644 0
526.755 -248.806 0
544.25 -126.788 0
556.641 -28.4149 0
600.078 -141.503 0
471.222 194.383 0
527.016 438.046 0
600.355 386.679 0
910.958 -21.0065 0
1056.18 -135.833 0
1075.17 -159.48 0
838.592 -254.924 0
762.432 -247.252 0
794.902 -248.607 0
771.155 -294.182 0
769.07 -290.543 0
839.618 -43.2094 1
831.535 -81.8565 1
828.263 -185.136 0
782.136 -145.999 0
768.736 -104.215 0
765.598 -12.1315 0
905.714 -144.473 0
908.419 -126.547 0
952.23 -95.2493 0
969.776 -103.116 0
975.946 -127.378 0
917.833 -44.0483 0
902.214 -153.09 0
779.726 -117.625 0
799.984 -212.947 0
848.468 -286.613 1
