-15.7594 20.3375 0
-31.6886 45.4032 0
-16.0585 62.2305 0
71.1305 -9.11646 0
133.405 30.8008 1
172.302 28.8833 1
-1344.1 -490.807 0
-1346.16 -517.42 0
-1356.69 -523.092 0
-1012.81 -833.452 0
-1028.15 -870.656 0
-1091.6 -904.761 0
-1079.24 -962.731 0
-1075.58 -946.971 0
-810.959 -1273.77 0
-825.183 -1230 0
-906.85 -1217.1 0
-987.691 -1183.5 0
-1308.14 -1151.54 0
-1287.28 -1134.48 0
-1123.44 -1159.37 0
148.992 -948.822 0
106.548 -884.693 0
136.686 -812.665 0
164.731 -796.234 0
92.4905 -738.849 0
28.0689 -752.54 0
-35.9374 -626.653 0
-39.2841 -623.43 0
-31.6724 -623.454 0
-29.1772 -633.909 0
-33.2789 -668.66 1
-907.08 -1287.91 1
-918.182 -1335.46 0
-911.183 -1359.29 0
-1071.64 -1375.2 0
-1097.14 -1357.16 0
-1102 -1329.02 1
92018.3 -1132.83 1
92011.8 -1567.42 0
92031.1 -1518.89 0
92033.2 -1496.65 0
92088.1 -1432.37 0
92123.3 -1353.84 0
92165.9 -901.985 0
92119.9 -705.696 0
92103.5 -639.598 1
91948.9 -987.648 1
91864 -941.083 0
91918 -973.644 1
91601.8 -1152.44 1
91614 -1089.99 0
91573.7 -1063.44 0
91542.3 -1051.32 0
91567.7 -1055.93 0
91540.2 -1075.37 1
91127.3 -1241 1
91097 -1048.34 0
91155.1 -1144.14 0
91021.8 -1073.45 0
90898.4 -1103.53 1
90113.3 -1296.7 1
90408 -1336.82 0
89961.5 -994.236 0
90017.9 -934.577 0
90026.1 -892.34 1
91492.7 -713.862 1
