2.33401 17.5255 0
34.7106 30.5279 0
46.0591 19.6972 0
105.113 -26.5147 0
117.758 12.4305 0
99.4612 108.144 0
-201.618 472.139 0
-207.514 -283.454 1
-261.69 -263.932 0
-694.533 354.274 0
-707.097 -1225.1 0
-340.344 -870.435 0
-289.816 -771.754 0
-274.57 -669.833 0
-354.249 -625.62 0
-335.427 -561.841 0
-354.172 -535.599 0
-395.157 -516.732 0
-397.253 -535.31 0
-492.157 -558.695 0
-485.86 -526.38 0
-503.26 -539.823 0
-525.959 -532.492 0
-501.418 -571.151 0
-449.245 -570.249 0
-359.808 -557.615 0
-260.885 -549.728 0
-210.068 -567.823 0
-159.419 -604.35 0
-36.8068 -795.593 0
21.7894 -820.754 0
51.5531 -833.089 0
25.3865 -780.428 0
16.2368 -437.164 0
-389.45 -730.45 1
-413.331 -961.463 1
-386.768 -892.635 1
-127.687 -858.87 1
-101.441 -884.645 1
162.258 -713.798 1
199.191 -670.28 0
165.568 -567.759 0
174.13 -553.834 0
217.623 -571.92 1
269.917 -576.228 1
209.034 -593.56 0
163.28 -516.689 1
285.344 -555.82 1
315.88 -515.41 0
419.075 -552.098 0
421.633 -512.409 0
503.985 -564.35 0
524.288 -576.364 0
549.788 -507.166 0
521.087 -429.274 0
670.193 -953.657 0
392.57 182.003 0
343.874 196.494 0
298.656 168.286 0
275.029 135.162 0
268.914 148.034 0
255.694 148.872 1
166.417 70.6535 1
207.262 58.4475 0
229.303 8.37361 0
111.127 17.8581 0
47.6339 104.432 1
59.1982 130.858 1
-55.5971 -2.13594 1
-92.0349 11.4245 0
-39.397 -21.0341 0
57.7316 -57.1436 0
81.5762 -29.501 0
