3.24161 7.6114 0
-22.5117 -19.8479 0
-37.4152 -47.329 0
-88.1353 -63.0017 0
-136.577 -51.0291 0
-146.437 -24.9149 0
-176.438 -2.39456 0
-174.73 -53.8497 0
-141.228 34.0644 1
27.1932 655.787 1
10.2642 608.286 0
-4.65711 570.224 0
22.944 511.857 0
4.04262 468.222 0
-93.6893 368.92 0
-62.2544 366.096 0
-52.0858 389.705 0
-23.4739 462.442 0
30.8591 553.875 0
30.0467 614.234 0
13.9691 664.621 0
7.39622 684.096 0
4.13776 688.792 0
-18.7673 690.879 1
71.2787 532.339 1
98.7985 536.96 0
417.97 525.193 0
349.944 542.25 0
297.506 518.695 0
304.796 480.658 0
317.965 493.873 0
288.278 531.003 0
241.823 573.524 0
431.953 587.43 0
439.912 545.472 0
339.666 712.686 0
429.818 705.198 0
411.203 684.468 0
341.935 761.225 0
337.222 801.008 0
295.819 959.177 0
195.262 983.309 0
233.319 973.954 0
238.989 981.543 1
224.611 992.702 1
142.598 1304.58 0
209.65 1377.95 0
185.882 1352.01 0
41.1819 1084.14 0
-10.245 1057.04 0
-144.626 965.091 0
-43.7014 952.142 0
204.121 1021.24 0
215.482 1261.73 1
272.163 1163.15 1
275.605 1125.43 0
772.092 863.272 0
746.272 901.515 0
764.507 898.32 0
761.116 976.344 0
953.669 800.674 0
1764.17 -1302.78 0
3494.35 8046.53 0
3373.7 8403.05 0
3376.12 8393.22 0
3342.24 8278.06 0
3294.75 8221.28 0
2945.09 8112.42 0
2891.26 8156.59 0
2889.47 8223.25 1
2799.15 8196.64 1
2876.05 8137.52 0
2889.15 8009.49 1
3031.61 7147.58 1
2802.65 7100.15 0
2770.38 7108.36 0
2625.47 7012.16 1
4801.75 5250.37 1
4793.65 5337.73 0
