-37.9628 11.0565 0
-120.869 -86.4488 0
-134.94 -23.0004 0
-20.6294 33.6279 0
-0.62631 68.5668 0
63.9105 68.6777 0
58.6961 89.9495 0
1.46376 63.0792 0
47.4022 67.5758 0
51.6544 65.2791 0
55.7203 -41.1369 0
74.794 -98.5294 0
102.831 -73.7365 0
156.417 -34.3379 0
158.766 56.3936 0
133.774 103.333 0
-33.8291 232.434 0
-163.567 383.014 1
4249.79 4246.08 1
4236.87 4251.25 0
4255.73 4266.6 1
4195.73 4310.53 1
4246.83 4370.78 0
4253.13 4423.34 1
4250.49 4414.44 1
4236.44 4400.88 0
4255.39 4372.97 0
4249.11 4356.83 0
4212.54 4372.41 1
5032.23 4524.98 1
5043.08 4488.91 0
5050.62 4510.86 0
5071.75 4565.18 0
5105.04 4605.85 0
5171.44 4639.04 1
5174 4640.25 1
5142.88 4664.67 0
5142.56 4711.29 0
4809.97 4334.93 0
4952.58 4001.41 0
5108.4 4153.29 0
5098.03 4188.67 0
5360.32 4580.8 1
5182.01 4594.34 1
5490.52 4167.59 1
5458.44 4140.56 0
5447.24 4133.59 0
