18.9391 -36.3449 0
-31.9702 4.11501 0
-57.2343 56.067 1
-58.8626 219.521 1
-167.789 228.098 0
-134.123 216.745 0
-162.478 160.997 0
-123.289 152.22 0
-106.657 159.877 0
-95.03 165.709 1
182.026 -4.62372 1
183.243 36.1207 0
201.172 106.031 0
200.52 121.7 0
202.309 133.103 1
240.314 -213.496 1
230.366 -193.91 0
654.537 -712.462 0
614.845 -730.821 0
41.6402 -717.981 0
-2.54611 -689.258 0
-307.132 -747.57 0
-294.348 -744.174 0
-253.799 -877.149 0
-247.402 -945.174 0
-0.826752 -779.872 0
76.6511 -694.95 0
89.4387 -635.654 0
4.79264 -615.011 0
-84.8954 -473.146 0
-978.372 -389.014 0
-1006.29 -426.418 0
-963.037 -434.339 0
-3647.55 -340.155 0
-3678.51 -355.864 0
-3701.57 -262.884 0
-3648.11 -111.576 0
-3219.91 -3024.16 0
-3160.98 -3031.77 0
-3212.94 -3041.84 0
-3223.32 -3054.56 0
-3199.45 -3062.05 0
-3184.36 -3079.55 0
-3081.08 -3032.04 0
-3112.44 -2968.95 0
-3204.38 -2954.16 1
171978 4186.93 1
