106.602 -75.1651 0
-4.79317 -260.295 0
-48.5646 -299.192 0
-96.37 -290.589 0
-23.5479 -250.272 0
540.384 -108.218 0
609.147 -205.879 0
628.562 -236.323 0
694.433 -236.074 0
736.209 -295.927 0
743.328 -273.001 0
712.921 -344.12 0
918.962 -91.6909 0
906.893 -111.786 0
876.617 -133.451 0
1289.28 -307.809 0
1234.48 -234.409 0
1212.17 -210.215 0
1231.14 -276.864 0
1159.2 -266.668 0
1125.36 -333.29 1
1137.06 -341.498 1
1114.45 -333.638 1
1059.96 -260.842 1
1117.73 -302.311 0
1121.84 -247.294 0
1129.59 -178.724 0
1043.06 -115.111 0
1100.01 -268.119 0
1078.91 -323.076 0
1077.21 -384.69 0
1103.84 -434.276 0
1119.56 -513.043 0
1115.36 -596.985 0
1175.37 -666.934 0
1215.76 -694.191 0
1211.85 -701.838 0
1201.12 -552.954 1
1111.93 -463.525 1
1333.97 -360.309 0
1315.8 -381.276 0
1123.44 -70.4516 0
1148.12 23.4025 0
1110.21 46.9746 0
1118.02 99.5923 0
1103.34 131.038 0
1200.08 151.738 0
1265.89 157.576 0
1286.35 5.7534 0
1264.7 -37.2943 0
1268.67 -57.9599 0
1263.06 -58.2074 0
1305.39 -60.4169 0
1332.21 -103.582 1
1343.96 -181.268 1
1342.75 -141.44 0
1364.46 -111.89 0
1358.06 -94.9504 0
1334.77 -39.3524 0
1254.99 -18.1053 0
1239.31 36.0009 1
1131.24 105.606 1
1263.3 -0.819565 0
1284.27 -24.0333 0
1298.52 -69.115 0
1271.44 -86.9052 0
1618.18 -130.001 0
1611.65 -141.066 0
1592.34 -36.1452 0
1467.65 190.198 0
1018.75 249.782 1
1045.09 243.679 1
2518.31 -643.403 1
2485.27 -610.921 0
