-18.8237 -6.80502 0
-13.0179 22.6565 1
-184.022 151.673 1
-207.161 129.553 0
-201.719 145.433 0
-243.494 132.908 0
-253.019 159.573 0
-189.409 214.049 0
59.1905 376.71 0
57.3785 410.56 0
90.4902 442.464 0
62.677 423.298 0
69.1994 405.675 0
143.32 412.028 1
-941.541 60.8734 1
-406.274 59.1058 0
-436.7 26.726 0
-422.891 -25.5637 0
-322.73 19.7756 0
-471.059 54.1146 1
-471.419 146.174 1
-441.254 222.617 0
-329.182 335.248 0
-458.675 423.422 0
-499.258 442.85 1
180.403 -329.031 1
194.829 -333.903 0
212.28 -328.988 0
233.773 -312.517 0
260.256 -366.242 1
285.354 -353.002 1
250.809 -374.541 0
190.119 -459.636 0
208.764 -398.942 0
231.542 -365.765 0
307.066 -347.008 0
523.367 -868.449 1
512.896 -870.228 0
460.417 -910.529 0
561.574 -1011.48 0
599.902 -979.701 0
654.511 -807.723 0
952.844 -588.66 0
-3232.77 342.866 0
-2719.41 349.807 0
-2740.73 330.428 0
-2649.56 198.995 0
-2603.19 174.684 0
-2619.21 131.452 0
-2554.23 380.82 0
-2557.08 443.807 0
-2608.31 632.677 0
-2585.03 743.54 0
-2500.01 921.562 0
