218.95 4.11722 0
291.012 -65.2897 0
295.372 -87.6595 0
307.908 -108.741 0
354.266 -155.736 0
350.481 -198.961 0
360.326 -203.658 0
394.726 -162.666 0
366.312 -0.690964 0
310.272 20.6372 0
396.2 -30.5455 0
459.144 -49.5985 0
479.543 -15.8369 0
464.867 -114.45 0
408.275 -141.243 0
437.031 -153.237 0
449.034 -133.184 0
367.996 -68.7388 0
360.063 -84.751 0
392.801 -32.8227 0
391.876 -60.0618 0
404.999 -71.2831 0
399.548 -31.4031 0
390.704 -18.9313 0
408.834 -24.2578 0
381.989 -101.609 0
363.962 -94.1401 1
382.891 -103.579 1
360.122 -158.966 0
319.107 -104.426 0
323.003 194.456 0
566.514 26.5038 0
611.788 67.1598 0
643.376 -78.6842 0
588.378 -320.702 0
681.934 -677.814 0
693.958 -612.549 0
662.078 -581.456 0
693.407 -560.91 0
692.736 -512.418 0
711.896 -503.937 0
724.255 -474.853 0
699.488 -470.366 0
720.319 -418.452 0
726.512 -398.087 0
766.094 -384.765 0
757.161 -353.322 0
769.771 -349.343 0
709.051 -392.703 0
694.856 -451.441 0
658.603 -468.315 0
655.231 -436.355 0
582.066 -313.523 0
631.454 -307.889 0
711.594 -415.423 0
660.92 -435.431 0
772.945 -380.438 0
823.641 -404.588 0
817.296 -369.239 0
855.053 -395.998 0
836.873 -356.703 0
817.284 -668.092 0
858.375 -326.878 0
786.311 -446.205 0
885.033 -312.542 0
1011.05 -286.453 0
963.887 -200.58 0
845.515 -69.8827 0
816.409 186.75 1
792.994 225.358 1
348.37 499.255 0
489.614 330.433 1
12.7446 1129.9 0
57.4738 1155.97 0
118.501 1139.46 0
-227.251 1045.73 0
-213.245 1056.1 0
-190.844 1036.15 0
-151.389 1073.72 0
-215.041 1163.58 0
-274.086 1221.96 0
-350.543 1182.76 0
291.504 152.64 1
281.428 194.528 0
251.025 270.388 0
186.155 360.352 0
192.868 462.966 0
-1585.62 155.171 0
-1392.35 255.389 0
-1198.36 -115.073 0
-1132.08 -41.2163 0
-787.13 -50.2848 0
-669.543 -65.7598 0
-3005.64 -98.8482 0
-3024.68 -71.7296 0
-6226.28 -722.118 0
-6270.82 -693.532 0
-8245.58 -814.13 0
-8253.38 -818.856 0
-8069.73 -822.214 0
-12226.2 426.405 0
-15238.8 407.534 0
-15186.2 417.214 0
-16953.4 2307.76 0
-16604.2 2214.95 0
-16543.1 2159.85 0
-16484.1 2140.09 0
-16098.8 2063.77 0
-16096.7 2066.52 0
-16095.9 2071.04 0
-16105.4 2067.53 1
-16154.6 2025.14 1
-16157.6 2025.05 0
-16152.7 2025.26 0
-15249.2 3123.94 1
-7605.49 3603.32 0
