-8.62533 -9.56495 0
117.052 -145.902 0
123.652 -77.1902 0
61.0997 -16.2303 0
48.7988 -6.75082 0
48.6797 -23.3269 0
-0.324192 47.2054 0
110.872 59.2303 1
53.094 -160.815 1
70.1129 -193.967 0
117.198 -223.707 0
136.914 -254.137 0
161.301 -237.929 0
99.9629 -123.833 0
77.8482 -66.5871 1
142.407 -73.5153 1
165.211 -38.51 0
155.635 -21.8551 0
253.491 -116.716 0
247.078 -127.595 0
264.139 -52.139 0
246.517 -68.7197 1
199.585 -57.2207 0
198.507 -2.62026 1
451.64 -161.856 0
448.019 -378.792 0
473.427 -391.74 0
486.336 -490.109 0
670.278 -501.164 0
671.871 -514.569 0
687.461 -380.648 0
742.973 -377.936 0
797.96 -335.796 0
897.965 -255.881 0
962.845 -343.553 0
1058.93 -364.193 0
1115.91 -391.114 0
1142.29 -406.083 0
1156.8 -348.924 0
1105.19 -274.986 0
848.033 -219.785 0
881.477 -275.083 0
850.876 -297.359 0
701.955 -530.947 0
717.794 -535.643 0
713.877 -548.958 0
1480.18 -728.787 0
1427.88 -723.59 0
1419.26 -726.594 0
1416.61 -677.297 0
1396.69 -721.644 0
1406.47 -707.239 0
1344.99 -621.99 0
1334.01 -597.404 0
1310.99 -595.056 0
1313.13 -492.049 0
1275.95 -417.077 0
1131.06 -345.323 0
1157.78 -289.166 0
1129.58 -252.02 0
1233.84 -183.221 0
1069.77 -329.626 0
1271.08 -237.626 0
