-13.2878 21.5681 0
-43.1406 80.3399 0
-108.996 94 0
-97.3026 -7.52554 0
7.82629 -55.1481 1
278.028 -453.268 1
276.498 -383.733 0
250.53 -382.181 0
239.934 -391.845 0
213.155 -295.985 0
194.339 -162.092 0
218.465 -156.599 0
232.042 -139.739 0
299.621 -120.884 0
156.06 -80.45 0
176.67 -64.5001 0
199.439 -43.6714 0
208.175 31.8346 0
286.933 79.3425 0
232.463 108.805 0
189.173 61.6369 0
173.879 77.1047 0
109.789 185.817 0
70.5613 194.475 0
98.8464 158.142 0
245.651 225.839 0
287.131 264.882 0
283.363 355.974 1
299.898 511.096 1
388.408 540.747 0
408.572 580.295 0
418.125 619.629 0
330.791 691.607 0
263.798 752.188 0
236.464 811.612 1
689.604 -122.186 1
664.664 -164.239 0
385.124 -224.055 0
435.983 -288.392 0
376.778 -275.96 0
313.991 -261.119 0
346.928 -185.609 0
296.524 -545.764 0
198.101 -311.918 0
187.67 -306.815 0
189.809 -299.807 1
190.606 -273.559 1
-64.6832 -370.982 0
37.6559 -556.348 0
-7.19336 -527.494 0
-15.6182 -537.49 0
-821.198 -989.469 1
-803.288 -1000.01 0
-808.008 -996.824 0
-777.287 -976.459 0
-745.584 -1102.63 1
-651.43 -1112.02 1
-552.823 -1050.93 0
-530.488 -1028.58 0
-736.582 -1057.33 1
-533.512 -1303.72 1
-537.748 -1310.46 0
107.257 -1277.65 0
82.9039 -1268.81 1
-117.411 -1169.97 1
-63.0852 -1248.89 1
-237.316 -986.917 0
-302.611 -633.363 0
206.085 -1019.09 1
193.191 -1060.66 0
197.859 -1075.68 0
208.324 -1087.32 0
201.112 -1097.45 1
