-0.508248 85.0455 0
14.6298 178.401 1
-165.924 152.268 1
-185.764 139.35 0
-165.547 151.298 0
-177.169 195.19 0
-147.654 253.719 0
-148.846 221.406 0
-193.316 114.092 0
-189.825 133.697 0
-225.635 141.329 0
-434.531 155.426 0
-490.012 97.7356 0
-362.658 42.1464 0
-203.652 -152.981 0
-446.914 120.865 0
-136.136 277.625 0
-136.644 295.515 1
45.4553 457.621 1
21.0958 437.77 0
-5.66467 386.64 0
-108.597 155.193 0
-93.9693 153.754 0
-171.952 171.381 0
-208.986 208.83 0
-268.247 223.901 0
-637.962 82.5007 0
-742.472 233.646 0
-832.92 261.198 0
-1248.61 -94.7021 0
-1275.03 -102.832 0
-921.479 -164.064 1
-945.032 -116.626 0
-978.62 -55.3518 0
-996.837 -13.0559 0
-986.165 0.240281 0
-976.249 -30.6259 0
-1016.99 6.60851 1
1181.63 316.593 1
1172.61 190.67 0
1197.16 196.273 0
1205.86 189.648 0
1218.74 221.058 0
1192.33 249.564 0
1195.02 269.498 0
1143.6 346.705 0
1113.55 434.836 0
1079.51 381.71 0
1118.15 364.35 1
960.997 705.127 1
1318.35 371.34 0
1230.49 -44.842 0
1234.96 -140.35 0
1217.19 92.8013 0
1291.62 383.61 0
1301.56 395.617 0
1317.44 402.746 0
1349.86 361.963 0
1424.66 323.261 0
1432.14 284.82 0
2133.08 -133.367 0
