17.5464 -12.9101 0
53.3145 -21.2016 0
78.456 -58.804 0
141.848 -63.0573 1
274.16 -55.1551 1
275.376 -52.0493 0
-983.931 968.988 0
-980.374 1048.74 0
-946.905 911.798 0
-946.864 907.179 1
-260.706 404.964 1
-268.815 442.426 0
-272.555 496.368 0
-279.606 510.159 0
-304.898 511.033 0
-14.229 1102.08 0
-39.6779 1124.71 0
-288.658 1112.32 0
-362.84 1137.83 0
-369.86 1173.94 0
-370.13 1243.85 1
796.367 1480.61 1
764.792 1378.59 0
721.727 1324.47 0
955.327 1155.48 0
989.732 1210.24 0
829.926 1317.86 0
