-1.06393 -7.92283 0
-4.49849 12.3123 0
0.0454473 17.2441 0
5.75815 -32.0546 1
59.8442 -129.472 1
60.7523 -170.721 0
90.7828 -87.0084 0
78.3725 -221.16 0
119.306 -202.35 0
-134.139 -342.078 0
-6.82966 -333.479 0
22.3727 -337.749 0
29.5737 -319.671 0
34.7225 -276.153 0
52.8644 -201.239 0
76.9687 -108.335 0
23.3613 -21.7251 0
36.9264 2.58064 1
655.436 -69.4125 1
698.03 -573.975 0
711.815 -448.079 0
808.71 -323.654 0
893.127 -319.178 0
914.012 -273.052 0
1012.93 -165.235 0
916.107 -167.52 0
976.785 153.118 0
1044.54 55.0342 0
1194.03 -327.415 0
1182.89 -269.772 0
1175.29 -280.723 0
1411.64 -242.071 0
1285.47 -253.088 0
1269.68 -220.191 1
1211.49 -262.437 1
-974.735 1094.28 0
-943.083 1110.54 0
-859.652 975.73 1
-978.809 968.507 1
643.286 1119.85 1
372.277 826.157 0
388.224 821.401 0
398.459 815.901 1
394.604 879.288 1
387.003 852.85 0
345.076 821.019 0
141.908 823.726 0
99.5903 910.602 0
69.3319 932.721 0
50.0662 893.771 0
55.8851 797.725 0
65.4079 786.12 0
243.166 947.246 0
200.536 983.952 1
-805.704 962.821 1
-810.525 998.438 0
-815.487 1017.59 0
-929.801 1048.57 0
-971.618 1100.72 0
-1011.39 1160.33 0
-1046.18 1224.77 0
-1060.03 1237.69 0
-1112.37 1258.25 0
-1142.69 1221.77 1
-1912.26 1085.63 1
-1913.97 1088.95 0
-1878.02 1127.61 0
-1825.12 1145.02 0
-1830.14 1119.55 0
-1591.03 1077.74 1
-1777.06 1153.29 1
-632.834 1045.66 1
-620.222 1139.25 0
-696.913 1251.73 0
-722.137 1315.59 0
-678.718 1361.99 0
-640.073 1353.29 0
