-18.563 45.9154 0
-41.796 154.643 0
-76.7309 189.822 0
10.5382 264.414 1
-7.13154 321.912 1
7.60731 297.616 0
-43.9346 465.528 0
-60.3753 514.7 0
26.1819 551.22 0
-116.112 633.895 0
-131.315 656.592 0
-122.282 673.142 0
-28.6982 641.245 0
-1.95576 565.372 0
-33.0568 534.453 1
-91.5672 620.805 1
-186.019 639.976 0
-202.483 714.929 0
-203.977 863.49 0
-550.672 1239.72 0
-583.826 1174.76 0
-535.747 1118.19 0
1689.67 577.599 0
1843.31 756.703 0
1823.8 776.143 0
1863.8 833.665 0
2044.21 869.477 0
2080.39 842.508 0
2037.35 875.178 0
2050.72 875.236 0
1943.89 911.884 0
1954.56 901.559 0
1967.03 855.718 1
1876.82 1051.8 1
1926.37 1011.74 0
1997.27 1009.24 0
2047.26 1001.7 0
2121.08 987.699 0
2147.54 970.281 0
2125.4 1002.02 1
2168.21 1261.41 1
2134.79 1261.29 0
2152.32 1269.17 0
2192.32 1255.44 0
2205.37 1229.66 0
2142.5 1257.71 0
2203.55 1261.6 0
2108.02 1102.02 1
2221.28 743.66 1
2217.28 778.193 0
2333.9 942.528 0
2035.9 1114.34 0
2119.7 1059.4 0
2271.08 680.245 1
2292.27 632.298 0
2391.23 476.867 0
2454.16 484.603 0
2451.19 687.178 0
2457.44 764.616 1
3141.23 921.057 1
3075.66 1061.67 0
3053.89 1018.15 0
3230.17 793.332 0
