-4.09171 38.9986 0
-43.2821 88.1598 0
-27.6225 140.96 0
125.192 197.82 0
120.253 135.963 0
149.229 122.036 0
163.688 123.439 0
163.414 141.002 0
295.805 80.886 0
700.958 -352.182 0
563.67 -493.276 0
507.812 -622.403 0
534.091 -700.691 0
559.481 -704.94 0
569.248 -752.549 0
605.246 -760.115 0
910.164 -1323.25 0
940.13 -2070.59 0
909.774 -2064.7 0
899.477 -2061.6 0
872.153 -2094.71 0
882.806 -2077.36 0
856.612 -2091.95 0
822.487 -2122.42 0
904.164 -2011.75 0
828.878 -2011.98 0
797.011 -2007.92 0
840.583 -2008.42 0
859.887 -1992.44 0
873.832 -1957.19 0
841.408 -1933.13 0
831.668 -1861.14 0
720.612 -1938.3 0
733.155 -1967.82 1
713.656 -1960.9 1
738.074 -1947.65 0
754.005 -1869.81 0
737.958 -1863 0
733.337 -1882.01 1
831.839 -1968.6 1
1161.47 -1679.13 0
1258.43 -1749.68 0
1262.8 -1833.55 0
1455.52 -1842.74 0
725.611 -1906.61 0
776.503 -1874.26 0
1136.57 -1319.8 0
1087.21 -1315.9 0
264.572 -1591.71 0
338.244 -1711.27 0
514.821 -1717.45 0
711.882 -1745.83 0
835.74 -1760.85 0
2067.42 -1877.17 0
2088.42 -1938.09 0
2042.68 -2072.21 0
2000.58 -2093.71 0
1602.56 -1917 0
1530.5 -1964.44 0
2208.15 -1940.3 0
2224.33 -1980.41 1
1961.45 -2072.52 0
1980.53 -2079.43 0
1965.64 -2153.66 0
1967.95 -2176.43 0
2589.34 -1675.63 0
2585.35 -1646.75 0
2575.25 -1604.68 0
2566.08 -1557.24 0
2547.52 -1565.69 0
2534.04 -1553.05 0
2506.3 -1482.3 0
2567.07 -1721.03 0
2234.4 -1559.01 0
2208.9 -1591.57 0
2253.47 -1544.49 0
2255.2 -1467.12 1
2256.16 -1463.11 1
2267.49 -1416.9 0
2271.69 -1384.04 0
2323.11 -1341.12 0
2385.4 -1314.43 0
2440.91 -1318.81 0
2479.73 -1382.99 0
2327.32 -947.44 0
2323.92 -918.624 0
2305.03 -903.295 0
2294.41 -829.635 0
2354.02 -776.325 0
2371.41 -887.208 0
2389.55 -1071.39 0
2491.82 -1451.33 0
2435.7 -1461.56 0
2369.76 -1453.91 0
2392.47 -1447.02 0
2451.91 -1448.29 0
2475.9 -1434.2 0
2508.08 -1429.11 0
2568.34 -1363.45 0
2523.88 -1122.22 0
2466.24 -1106.36 0
2750.4 -1297.9 0
2611.92 -1002.35 0
2561.97 -1422.02 1
2637.86 -1508.61 0
2630.23 -1539.29 0
