10.2625 82.2352 0
28.8006 163.728 0
134.174 307.327 0
28.8516 504.684 0
58.3709 517.377 0
88.7545 502.373 1
150.207 -78.6711 1
22.815 -116.2 0
39.6038 -136.692 0
101.573 -61.7804 0
109.655 -69.7175 0
149.082 -66.9674 0
179.146 -104.676 0
164.257 -97.3788 0
155.403 -85.6302 0
66.399 -64.1101 0
426.422 -302.347 0
479.513 -382.737 0
530.926 -428.245 0
548.364 -490.975 0
550.016 -538.023 0
542.386 -483.06 0
496.016 -377.075 0
446.655 -230.846 0
411.297 -152.309 0
427.249 -75.9362 0
391.658 -53.0009 0
424.129 -153.754 0
879.007 -542.345 0
1232.64 -641.153 0
1199.26 -712.926 0
537.848 -900.927 0
502.948 -904.44 0
844.716 -827.802 0
913.369 -897.098 0
946.909 -968.856 0
1219.41 -942.18 0
1176.64 -909.064 0
1157.86 -979.394 0
1127.82 -1117.87 0
1082.39 -1168.15 0
1118.45 -1250.27 0
1180.74 -1287.87 0
1159.71 -1266.34 0
1156.26 -1252.36 0
1095.83 -1134.47 0
1099.11 -904.884 0
1340.55 -824.939 0
1864.3 -1273.04 0
1950.31 -2804.93 0
1941.7 -2806.65 0
1942.56 -2782.55 0
1976.04 -2815.93 0
1954.85 -2845.38 0
