-11.8977 -42.9643 0
-200.51 -111.35 0
-602 -821.864 0
-663.672 -760.915 0
-699.058 -759.257 0
-720.285 -742.079 0
-686.339 -781.531 1
317.44 -443.593 1
315.306 -449.244 0
271.401 -495.603 0
284.499 -517.597 0
268.716 -506.247 0
364.324 -587.212 0
277.027 -529.517 0
245.712 -528.693 0
219.411 -549.287 0
214.385 -522.412 0
195.199 -497.143 0
219.488 -499.236 0
189.329 -421.716 1
1165.69 -219.519 1
1175.69 -195 0
1166.12 -177.561 0
1208.56 -141.919 0
1212.86 -183.834 0
1263.91 -353.211 0
1247.81 -394.04 0
1246.88 -410.184 0
1180.81 -194.372 0
1162.19 -198.257 0
1212.57 -168.931 0
1200.58 -152.861 1
1203.13 -146.503 1
1264.64 -735.627 0
1282.15 -736.02 0
1167.28 -1046.18 0
1204.42 -1067.83 0
1206.28 -1070.13 0
1320.25 -1162.29 0
1354 -1123.94 0
1359.84 -1037.65 0
1363.1 -990.852 1
1444.74 -948.289 1
1417.85 -893.286 0
1451.46 -825.138 0
1460.04 -736.094 0
1518.04 -604.392 0
1443.1 -605.105 0
1441.19 -571.201 0
1416.69 -459.5 0
1416.94 -388.949 1
1797.96 -822.349 1
1808.32 -850.51 0
1824.35 -891.104 0
1912.29 -885.966 0
1906.58 -853.089 0
1913.52 -818.739 0
1885.98 -798.616 0
1923.36 -110.531 0
1869.39 -159.151 0
1846.93 -105.167 0
1634.11 -54.9115 0
1625.02 -98.1261 0
1644.21 -115.169 0
1613.43 -151.782 0
1635.86 -111.025 0
1664.26 -162.23 0
1718.14 -263.008 0
1696.23 -139.297 0
1614.46 -110.606 0
1314.88 -432.876 0
1291.39 -426.029 0
1601.83 -457.012 0
1538.33 -480.653 1
1520.87 -531.855 0
1374.16 -400.655 1
1049.52 -1437.53 0
1006.14 -1407.69 0
967.223 -1359.5 0
842.074 -1318.73 0
988.244 -1152.48 0
-665.318 -293.69 0
-649.018 -218.92 0
