7.79656 4.61865 0
60.2121 80.1741 0
40.7593 90.4068 0
45.5412 106.742 0
41.2604 114.771 0
67.0566 126.902 1
-9.06359 -120.826 1
44.3455 410.187 0
29.2716 342.27 0
38.1282 288.636 0
68.9818 234.808 0
120.178 189.127 0
79.1039 255.088 0
134.769 166.114 0
60.1148 179.476 0
175.16 150.551 0
194.268 146.597 0
209.572 138.244 0
301.056 180.902 0
282.634 213.352 1
-255.989 58.4919 1
-261.357 41.5171 0
-221.484 -38.283 0
-189.114 -49.9171 0
-73.6678 -54.4981 0
-92.5433 -23.6927 1
1710.71 564.57 1
1713.41 550.783 0
1691.11 509.517 0
1714.63 485.095 0
1711.48 449.376 0
1555.61 73.2406 0
1558.28 62.4734 0
1629.11 103.247 0
1284.85 160.144 0
1557.07 262.47 0
1525.31 255.366 0
1522.89 242.943 0
1531.05 227.14 0
1535.47 244.455 0
1539.5 199.994 1
3244.41 23.218 1
3319.18 -11.5505 0
3068.54 -308.776 0
