645.072 -584.416 0
584.053 -614.68 0
582.384 -665.99 0
437.696 -737.453 0
431.921 -718.833 0
400.921 -572.674 0
395.53 -472.02 0
339.024 -411.081 0
340.558 -381.513 0
527.126 -491.994 0
625.006 -355.444 0
597.83 -105.864 1
359.83 -352.312 1
2068.41 -931.328 0
2004.91 -890.995 0
2051.45 -809.905 0
2088.19 -730.048 0
2078.14 -658.664 0
2013.02 -600.484 0
2070.01 -547.652 0
2069.88 -502.288 0
2197.66 -519.934 0
2239.02 -563.567 0
2289.72 -474.645 0
2203.47 -549.819 0
2190.24 -538.755 0
2117.67 -546.038 0
2226.57 -555.583 0
2296.63 -558.338 0
2330.89 -566.316 0
2351.4 -585.509 0
2630.8 -735.253 0
2711.1 -620.693 0
2729.63 -731.315 0
2826.26 -1126.89 0
2784.19 -1106.88 0
2785.15 -1129.11 0
2757.79 -1055.4 0
2757.11 -985.599 0
2788.61 -943.168 0
2845.86 -872.974 0
2426.57 -980.191 0
2537.26 -995.38 0
2726.8 -899.182 0
2864.72 -978.99 0
2806.12 -855.036 0
2722.54 -818.163 0
2592.65 -783.456 0
2624.58 -639.864 0
2604.9 -607.869 0
2629.17 -632.71 0
2677.25 -615.084 0
2647.23 -543.164 0
2653.68 -553.999 1
2987.93 -1238.51 1
2967.3 -1239.2 0
2939.97 -1260.63 0
2938.28 -1318.29 0
2969.51 -1345.05 0
2817.9 -1202.72 0
2850.81 -1214.16 0
2917.27 -1219.75 0
2969.54 -1240.23 0
3138.71 -1223.58 0
3057.66 -1179.47 0
3011.05 -1075.32 0
3050.88 -1015.68 0
2998.8 -928.144 0
2992.61 -919.315 0
3030.36 -924.955 0
3127.3 -1006.66 0
3151.92 -1057.65 0
3348.58 -1152.89 0
3249.51 -1167.17 0
3277.39 -1202.63 0
3326.59 -1299.96 0
3340.74 -1265.17 0
3298.05 -1155.06 0
3213.26 -1239.14 0
2845.87 -1083.06 0
2943.24 -1044.93 0
2200.93 -902.682 0
2206.52 -856.171 0
2212.69 -840.774 0
2272.56 -817.726 0
2408.72 -861.827 0
2431.32 -840.885 0
2431.97 -860.46 0
2571.27 -926.613 1
2527.4 -940.537 1
2493.2 -905.585 0
2466.94 -847.474 0
2366.37 -790.62 0
2383.77 -764.878 1
15083.5 -2859.07 1
