54.7162 -133.789 0
-7.47429 -180.956 0
-37.7716 -200.388 0
-77.0075 -161.132 0
-47.2325 -147.311 0
-55.196 -139.289 0
-42.2002 -79.2664 0
-91.1991 -112.175 1
-100.464 -95.6969 1
-99.9322 -53.8466 0
-33.3713 1.51065 0
-29.3814 146.863 0
-117.07 239.434 1
-280.62 701.559 1
381.249 -533.878 0
372.411 -466.841 0
441.271 -451.376 0
423.172 -383.229 0
418.41 -393.092 0
382.848 -402.663 0
383.873 -348.828 0
548.966 -429.723 0
341.074 -327.079 1
234.655 -142.296 0
142.699 -31.4845 0
194.9 -7.13894 0
184.765 69.3819 0
35.4032 -27.3862 0
74.1824 46.9343 0
129.046 45.258 0
312.746 44.9138 0
349.529 190.13 0
316.366 327.429 0
64.4062 671.667 0
19.9594 768.204 0
491.137 519.049 0
1179.61 355.716 0
675.098 2903.15 1
648.857 2945.95 0
623.463 2931.18 0
-942.177 3606.5 0
-1017.85 3628.44 0
-963.344 3637.93 0
7079.35 6298.72 0
7185.02 6076.24 1
7145.39 6076.95 0
6999.78 6062.46 1
6812.42 5727.1 1
6826.99 5707.17 1
6755.38 5727.17 1
6720.61 5821.25 1
6819.58 5838.31 1
6887.27 5824.89 1
7095.29 5910.07 1
7250.72 5761.87 0
7243.97 5789.04 0
7268.12 5870.27 1
7234.24 5798.47 1
