5.81119 24.7414 0
30.8715 89.7617 0
-2.45541 160.706 1
-46.2082 197.256 1
-75.3645 189.824 0
-153.523 167.645 0
-377.753 73.6248 1
2228.88 1360.71 1
2233.87 1344.22 1
2204.23 1296.56 0
2305.54 1242.88 0
2352.8 1233.85 0
2302.92 1177.96 0
2354.94 1204.79 0
2437.8 1179.08 0
2370.12 1325.33 0
2478.99 1274.29 0
2577.37 1324.13 0
2595.79 1216.55 0
2607.24 1111.16 0
2661.46 1110.67 0
2625.59 1082.4 0
2709.17 1138.05 1
2663.34 1409.74 1
2642.27 1379.01 0
2540.33 1235.62 0
2510.37 1221.13 0
2442.66 1199.66 0
2475.02 1163.78 0
2447.42 1171.9 0
2465.81 1161.43 1
3066.7 914.461 1
3084.73 928.575 0
3015.59 872.377 0
2946.41 828.725 0
3053.95 914.543 0
3020.54 1065.98 0
3043.87 1148.25 0
3038.06 1183.65 0
3005.98 1185.14 0
3184.8 1210.2 0
3469.09 1022.56 0
3422.28 1027.25 0
3438.04 1013.63 0
3136.1 1069.57 0
3441.49 1174.59 0
3394.78 1202.48 0
3500.37 1182.31 0
3503.71 1207.2 1
3480.34 1195.17 1
3479.66 1229.14 0
3495.7 1325.49 0
3442.29 1372.47 1
3316.93 1472.98 1
3030.89 1407.7 0
1560.75 1238.1 1
1522.74 1236.54 0
1550.47 1231.7 0
1696.02 1262.71 1
1666.21 1237.76 1
5706.77 1010.16 1
5638.04 910.301 0
