-42.39 71.895 0
-81.4547 166.736 0
-86.3211 268.456 0
-225.808 433.165 0
-258.088 488.906 0
-245.95 382.404 0
-147.738 801.135 1
-211.203 798.538 0
-294.999 779.944 0
-326.176 739.386 0
-379.436 801.887 0
-353.919 797.741 0
-155.826 372.167 0
-179.177 360.524 0
-154.271 361.517 0
-307.613 383.455 0
-357.924 487.905 0
-402.478 1037.55 0
-344.993 699.548 0
-379.224 656.865 0
-501.474 603.319 1
-60106 6258.72 1
-60015 6331.35 0
-59962.9 6412.04 1
-59953.7 6348.5 0
-60118.9 6504.07 0
-60071.5 6533.76 0
-60060 6539 0
-60065.2 6658.79 1
-59927.1 6595.78 1
-59978.1 6661.36 0
-60023.7 6698.73 0
-60072.1 6687.12 1
-313116 28086.1 1
-313209 28022.4 0
-313584 28191.6 0
-313414 28231.3 0
-313400 28222.2 0
-314060 28251.1 0
-313997 28330.7 0
-313696 28348.5 0
-313657 28335.6 0
-313480 28316.1 0
-313471 28387.3 0
-313478 28413.3 0
-313455 28425.9 1
-313507 28403.9 1
-312509 28060.7 0
-312345 27969.2 0
-312638 28034 0
-312662 28090.6 0
-312622 28186.9 0
-312635 28251.3 0
-312681 28251 0
-312721 28325.9 1
-312469 28468.7 1
-312517 28662.3 0
-312413 28786.1 0
-312417 28839.8 1
-312445 28901.8 1
-312638 28892.1 0
-312719 28913.8 0
-312703 28946.8 0
-312038 29243.4 0
-311298 28960.5 0
-311366 29032.6 1
-311464 28753.6 1
-311385 28780.7 0
-311263 28680.7 0
-311244 28655.4 0
-311787 28860.7 0
-311648 28895.9 0
-311687 28877.1 0
-311752 28843.1 1
-304941 28748.8 1
