3.24377 4.25317 0
46.9637 48.7951 0
66.7869 97.5534 0
191.253 163.922 0
312.433 -9.55919 0
52.7166 10.2987 0
20.7118 415.354 0
124.567 514.547 0
123.784 547.29 0
85.8923 576.931 0
121.659 454.047 0
160.359 380.964 0
178.48 514.917 0
437.252 411.508 0
423.746 371.941 0
487.259 362.387 0
475.27 372.378 0
465.463 363.681 0
379.545 395.279 0
404.894 386.861 0
452.641 405.744 1
527.954 550.086 1
509.796 499.713 0
487.675 491.586 0
472.185 480.848 0
830.126 555.892 1
1470.43 86.5993 0
1497.46 105.286 0
1541.23 53.8415 0
1572.6 -14.464 0
1836.78 -418.334 0
1841.56 -399.086 0
1875.4 -326.8 0
1866.08 -310.025 0
1823.73 -336.7 0
1739.82 -393.903 0
1736.56 -421.224 0
1531.98 -355.563 0
1500.94 -318.511 0
1444.14 -267.252 0
1576.08 48.8009 0
631.792 2578.63 1
518.085 2623.7 0
490.688 2524.4 0
519.851 2525.77 0
479.018 2585.47 0
-384.437 2664.04 0
-421.465 2772.43 0
-461.422 2786.22 0
-497.453 2807.51 0
-478.965 2745.51 0
-474.376 2776.28 0
-463.833 2813 0
-472.002 2764.85 1
4601.66 1353.69 1
