195.753 -69.4593 0
216.576 -51.3843 0
232.283 -31.5626 0
195.153 55.2549 0
128.134 208.585 0
238.378 224.475 0
309.884 195.272 0
356.216 152.585 0
67.829 338.49 0
60.8287 323.755 1
355.595 58.7364 1
364.908 34.1788 0
476.986 -21.3039 0
465.305 -5.87679 0
449.984 84.8112 0
420.316 118.555 0
393.782 171.527 0
486.981 166.876 1
1372.87 -151.471 1
1351.94 -105.763 0
1345.18 -42.072 0
1389.33 -3.51275 0
1234.4 102.916 0
1217.25 160.594 1
1235.93 98.4697 1
2709.87 -1807.6 0
2695.37 -1819.12 0
2693.89 -1872.97 0
2656.12 -1887.52 0
2588.45 -1856.42 0
2538.83 -1836.7 0
2525.66 -1818.13 0
2476.35 -1663.15 0
2477.92 -1682.94 0
2492.76 -1591.68 0
2535.5 -1473.5 0
2609.23 -1776.47 0
2582.17 -1703.68 0
2647.42 -1675.69 0
2591.71 -1613.26 0
2448.6 -1695.45 0
2457.31 -1766.91 0
2444.83 -1747.8 0
2463.21 -1816.92 0
2466.2 -1842.09 0
2396.98 -1935.29 1
2527.13 -1900.83 1
2499.47 -1896.84 0
2574.53 -1988.14 0
2758.18 -2251.12 0
3499.87 -3784.41 0
3491.64 -3703.88 0
3456.26 -3614.2 0
3276.23 -3526.59 1
3188.99 -3480.72 1
3134.31 -3441.57 1
-10146.3 770.354 1
-10236.6 740.897 1
-10261.4 773.097 1
-10343.7 759.952 0
-10380 749.375 0
-10397.1 725.31 0
-10431 692.037 0
-10391.8 725.837 0
-10349.5 785.026 0
-10309.8 764.719 0
-10379.6 788.388 0
-10356.9 800.238 1
-9382.17 741.107 1
-9387.41 742.268 0
-9391.39 682.61 0
-9350.93 776.828 0
-9334.8 691.843 0
-9331.96 709.6 0
-9327.5 671.545 0
-9418.22 684.458 0
-9411.47 669.759 0
-9183.57 621.235 0
-8941.24 665.386 0
-8970.28 667.951 1
-8959.14 731.581 1
-8751.52 713.172 0
-8770.85 788.781 0
-8759.46 775.075 1
-8779.95 815.885 1
-8796.15 798.698 0
-8764.33 811.009 0
-8676.89 796.141 0
-8666.57 777.868 1
-8646.89 754.12 1
-8681.3 716.779 0
-8234.15 842.346 0
-8221.5 848.537 0
-8395.92 975.97 0
-8393.04 992.516 0
-8392.64 984.141 1
-8619.29 878.562 1
-8800.1 820.281 0
-8810.5 857.244 0
-8846.03 878.942 0
-8900.18 913.017 1
-77047.6 2968.29 1
-76819.4 2908.33 0
-76829.8 2916.41 0
-76801.5 2920.31 0
-76885.2 2954.2 0
-77065.5 2998.93 0
