69.4233 -179.967 0
90.9324 -272.018 0
207.571 -342.802 0
404.498 -257.787 0
2147.02 -363.794 0
1957.23 -234.403 0
1914.92 -206.447 0
1864.68 -227.661 0
1956.74 -168.281 0
1989.99 -155.836 0
2075.97 -157.287 0
2127.7 -213.556 1
1996.86 -205.2 1
2041.55 -151.696 0
2165.57 -251.775 0
2168.47 -262.425 0
2119.57 -253.738 0
2144.37 -257.578 0
2086.7 -224.29 0
2834.95 -563.656 0
2837.25 -514.842 0
2912.94 -529.13 0
2903.6 -581.906 0
2965.92 -616.037 0
3030.83 -556.055 0
2841.29 -547.488 1
3117.59 -579.156 1
3117.51 -582.552 0
3122.01 -553.572 0
3111.11 -518.207 0
3082.15 -495.254 0
3066.07 -327.836 0
2919.52 16.461 0
2211.48 178.923 0
2230.26 218.268 0
2229.76 276.003 0
2646.75 -273.472 0
2801.33 -397.236 0
3194.89 -537.405 0
3322.1 -609.5 0
3432.54 -750.385 0
3475.12 -815.606 0
3503.61 -903.508 0
3495.83 -908.86 0
3530.45 -850.016 0
3527.62 -833.179 0
3548.93 -821.303 0
3612.03 -754.154 0
3602.4 -715.166 0
3591.42 -686.488 0
3604.56 -703.788 0
3698.16 -790.317 0
3673.28 -821.523 0
5862.31 -1729.62 1
