-8.34913 4.39184 0
-52.3425 19.8344 0
-39.5465 106.449 0
12.231 122.639 0
-24.0082 150.491 0
-32.7896 127.392 1
-143.041 274.893 1
-150.281 290.873 0
-86.2056 275.857 0
-63.0271 273.286 0
-110.477 230.351 0
-125.586 197.004 0
-172.314 186.089 0
-230.036 193.614 0
-180.474 241.487 1
-504.841 268.949 1
-395.182 184.647 0
-385.242 171.935 0
-397.112 210.285 0
-384.282 255.895 0
-362.779 285.563 0
539.89 529.914 0
497.185 555.358 1
460.78 634.449 1
793.724 397.811 0
777.008 408.409 0
1069.67 265.276 0
1030.01 245.678 0
956.919 280.587 0
1085.61 260.534 0
988.622 234.463 0
1269.56 371.48 0
1373.04 379.307 0
1397.98 453.084 0
1456.49 474.141 0
1693.6 539.436 0
1607.4 532.273 0
1601.52 554.374 0
1821.37 501.905 0
2173.02 427.057 1
2191.86 438.962 0
2520.67 254.356 0
2564.61 168.399 0
2588.78 155.862 0
2589.09 188.584 0
2597.46 158.37 0
2594.37 169.871 0
2560.16 202.274 0
2591.05 212.634 0
2512.53 172.76 1
