-1.21651 12.1837 0
3.95975 30.1201 0
-0.592982 98.9117 0
-16.5386 142.002 0
-40.7045 211.932 0
-4.12607 235.536 0
-13.8403 79.3578 0
4.30248 -36.4647 0
21.3036 -144.813 0
418.307 -397.535 0
435.484 -481.967 0
466.491 -496.698 0
357 -525.823 0
287 -539.417 0
294.549 -514.518 0
284.662 -470.292 0
226.925 -437.482 0
232.052 -415.837 0
403.399 -544.613 0
435.622 -605.797 0
513.527 -410.718 0
532.914 -416.627 0
556.797 -423.907 0
563.801 -408.997 0
501.639 -417.29 0
508.541 -319.937 0
545.259 -207.404 0
707.676 -73.55 0
689.348 -151.311 0
712.705 -104.264 0
687.869 -218.795 0
701.099 -243.353 0
830.402 -341.039 0
785.431 -214.466 1
748.3 -167.228 0
772.36 -164.781 0
717.833 -136.127 0
689.2 -146.891 0
706.938 -220.761 0
724.404 -235.589 0
728.739 -229.776 0
710.019 -228.674 0
1531.08 -231.856 0
1523.06 -213.759 0
1390.29 -216.414 0
1449.26 -72.816 0
1483.8 -28.3821 0
1509.31 0.00494576 0
1534.51 28.5365 0
1491.69 30.7933 0
1531.05 17.7023 0
1567.74 59.5814 0
1620.7 -67.9602 0
1688.84 183.819 0
1700.07 263.502 0
1742.47 377.002 0
1746.34 487.881 0
1780.51 509.568 0
1786 511.669 0
1737.04 378.152 0
1702.41 387.868 0
1567.87 337.968 0
1597.7 414.278 1
1638.28 430.988 1
1176.97 360.524 0
1179.77 377.106 0
1191.68 326.666 0
1231.45 302.686 0
1318.01 298.815 0
1380.28 268.791 0
1363.49 256.211 1
