-101.07 -119.944 0
18.0718 -65.2285 0
-67.1729 14.1646 0
-11.0416 7.48022 0
532.335 -59.5745 0
842.392 -150.619 1
850.354 -198.96 0
737.25 -212.212 0
643.535 -191.626 0
540.057 -147.148 1
562.234 -130.111 1
595.172 -158.513 1
-429.11 794.189 1
-405.306 790.078 0
-374.833 767.315 0
-333.778 754.319 0
-325.27 742.511 1
-671.603 883.05 1
-687.564 849.177 0
-710.883 799.274 0
-710.614 746.898 0
-716.069 644.496 0
-389.559 523.93 0
-1074.68 664.233 0
-1037.03 675.393 0
-1006.93 732.402 1
2905.26 847.871 1
2914.53 865.276 0
2934.47 914.271 0
2959.74 911.056 0
2973.57 901.247 1
2942.49 884.249 1
2926.16 862.924 0
3056.61 780.528 0
3178.5 714.713 0
3094.05 805.469 0
3106.14 847.564 0
3207.82 824.098 0
3253.85 765.341 0
3256.91 757.952 0
3226.53 752.774 0
3256.41 766.304 0
3239.18 599.457 0
3279.69 556.144 0
3367.34 568.582 0
3345.62 523.47 0
3225.41 541.703 0
3145.89 568.658 0
3399.83 563.817 0
3412.46 543.167 0
3303.9 -71.4168 1
3332.19 -132.256 0
3375.85 -124.326 0
3503.68 -208.924 0
3584 -274.83 0
2368.85 508.794 0
2424.35 561.646 1
2503.16 587.239 1
2450.85 587.47 1
2861.79 640.353 1
2824.29 611.381 0
2814.45 598.229 0
2808.5 559.099 0
2805.5 574.391 0
2816.75 587.837 0
2798.75 590.293 0
2729.36 451.325 1
4104.43 260.745 1
3978.79 711.45 0
4064.67 583.571 0
4077.89 557.972 0
3120.37 939.469 0
3354.89 1279.04 1
