-94.4086 113.541 0
-65.8232 252.545 0
-32.4377 193.026 0
-12.4172 157.728 0
-35.5941 158.187 0
-51.1822 202.071 0
-77.1684 218.34 0
-91.6553 225.78 0
-139.971 228.103 1
560.37 92.0988 1
556.314 139.866 0
549.29 157.812 0
541.399 159.705 0
309.987 365.703 1
341.146 477.211 0
383.29 485.305 0
435.743 458.473 1
426.248 34.8562 1
420.87 -23.6381 0
394.711 -43.6284 0
725.776 108.094 0
720.057 90.0051 0
742.515 52.1115 0
621.101 97.31 0
612.898 131.43 0
606.087 194.122 0
554.278 249.955 0
551.635 278.747 0
530.39 316.626 0
533.799 318.949 0
529.693 316.012 0
509.976 341.349 0
534.343 408.372 0
515.065 432.261 0
484.679 432.913 0
519.281 461.234 0
501.469 480.777 0
609.161 466.469 0
573.12 490.79 0
436.717 472.973 0
504.54 490.634 0
571.815 573.128 0
616.712 610.642 0
704.213 599.79 0
740.479 590.057 0
691.32 579.033 0
690.57 565.852 1
524.801 89.061 1
524.524 102.055 0
513.206 171.394 0
571.37 222.054 0
389.088 371.663 1
456.735 375.874 1
762.964 271.474 0
792.921 335.891 0
784.202 439.746 0
634.308 396.058 0
574.874 400.599 1
834.536 -281.594 1
979.605 -273.596 0
967.733 -267.179 0
958.472 -222.741 0
894.155 -155.52 1
475.235 1370.74 1
701.939 1565 0
691.62 1674.03 0
687.548 1784.72 0
262.973 1879.63 0
250.548 1919.01 0
226.596 1904.74 1
274.104 -842.381 1
259.448 -765.684 0
319.147 -568.522 0
308.888 -445.48 0
268.327 -431.729 0
52.7766 -317.119 0
152.015 -1287.59 0
208.001 -1361.91 0
279.084 -1447.72 0
346.8 -1547.71 0
480.945 -1675.79 0
566.89 -1727.77 0
565.423 -1737.76 0
