23.7701 33.533 0
62.3457 110.629 0
76.429 126.733 0
73.6626 105.216 0
82.7934 123.544 1
136.695 141.725 1
125.043 132.027 0
188.871 211.711 0
239.928 251.688 0
291.045 257.678 0
298.9 253.572 0
385.444 99.2381 0
443.697 -74.7466 0
261.479 221.127 0
200.125 244.981 0
282.481 288.136 0
294.956 332.319 0
248.876 375.306 0
276.246 451.78 0
261.311 407.458 0
420.178 317.802 0
372.513 371.639 0
381.327 495.217 0
428.32 572.43 0
463.927 637.168 0
495.828 722.571 0
577.205 827.896 0
582.073 828.031 0
498.043 758.442 0
