9.77434 43.4309 0
56.8783 15.1523 0
325.291 -96.6872 0
312.888 -54.5896 0
291.753 -37.4492 0
274.691 -20.9346 0
295.231 5.4552 1
457.704 -408.014 1
442.78 -370.992 0
462.625 -312.001 0
381.015 -339.965 0
352.415 -291.121 0
313.093 -247.115 0
240.952 -190.909 0
197.935 -172.75 0
38.9612 -228.341 0
-3.47236 -233.153 0
-18.3383 -221.217 0
-14.4804 -198.477 1
-57.6553 -128.733 1
50.7828 -129.386 0
34.1767 -94.4165 0
114.797 -76.5048 0
90.0497 -68.5351 0
88.6281 -19.4304 0
69.5911 35.458 0
109.333 80.3096 0
189.173 82.8695 0
174.616 105.376 0
185.93 113.864 1
180.768 15.3822 1
196.713 60.2036 0
249.305 75.278 0
350.386 -37.3179 0
309.513 -78.4053 0
381.466 -53.0395 0
637.079 -91.382 0
-72.3237 607.975 0
-122.192 792.597 0
-145.766 866.155 0
-160.107 918.471 0
-2.75027 774.642 0
81.663 387.725 0
14.8457 356.499 0
-92.1899 353.629 0
-150.536 355.43 0
-227.009 302.255 0
-245.647 255.606 1
-139.098 228.011 1
-148.4 363.044 0
-59.1446 654.033 0
526.816 -479.977 0
8809.04 -3029.07 0
