0.601833 8.75184 0
2.72345 17.1988 0
2.44287 32.1834 0
-12.0825 29.5758 0
4.30593 44.7268 0
243.522 33.7252 0
266.378 -59.5993 0
271.656 -27.9527 0
187.358 15.1738 0
272.295 -28.3284 0
366.692 41.2554 0
-270.449 183.469 0
-152.792 133.186 0
-152.984 116.93 1
-175.522 149.823 1
-202.745 146.286 0
-223.745 93.5564 0
-156.314 75.1199 1
-206.296 176.344 1
-206.029 269.766 0
-198.015 252.286 0
-171 211.788 0
-80.9073 111.846 0
-48.1072 58.2596 0
-17.7923 57.2498 0
6.45628 63.3527 0
93.7332 61.6282 0
135.693 23.9631 0
165.159 24.8846 0
844.343 -78.9739 0
821.937 -31.988 0
805.195 5.00791 0
740.309 13.754 0
813.211 16.9611 1
880.033 -389.316 1
875.615 -397.918 0
803.912 -326.57 0
857.548 -259.9 0
804.14 -248.427 0
833.173 -227.337 0
845.717 -168.226 0
825.425 -135.595 0
748.106 -115.25 0
669.717 -129.489 0
728.718 -172.321 0
693.497 -140.565 0
361.063 -374.061 0
-122.013 -388.243 0
-134.436 -440.035 0
-195.532 -409.486 0
2886.77 -1418.09 0
2796.99 -837.444 0
2854.61 -754.33 0
2914.91 -731.408 1
2929.91 -959.31 1
2972.67 -946.14 0
3067.3 -1104.67 0
2250.45 -2421.98 0
2200.87 -2591.96 0
2233.03 -2654.5 0
2253.92 -2647.84 0
2342 -2291.72 0
2119.89 -1976.17 0
1605 -1749.17 0
1936.57 -1729.49 0
1985.56 -1880.87 0
3043.52 -2214.53 0
3071.08 -2151.89 0
3042.63 -2147.36 0
3007.32 -2097.86 0
2922.33 -2088.33 0
2877.41 -2085.41 0
2788.47 -2096.13 0
3211.99 -1940.55 0
