-24.2937 11.3475 0
-11.6799 61.5842 0
-2.13732 122.699 0
41.1906 113.867 0
89.6954 -44.3807 0
82.0468 -27.5318 0
89.448 -14.6628 0
121.766 -9.15327 0
33.1328 -36.7882 0
14.4324 -46.0566 0
-144.781 -59.1991 0
-133.046 -62.2232 0
-127.163 -56.8323 0
-107.441 -17.4145 0
-81.0576 -53.4525 0
169.83 -166.33 1
150.468 -127.597 0
153.426 -86.3083 0
822.471 -279.041 0
823.627 -180.506 0
956.407 -241.905 0
854.071 -187.199 0
827.455 -22.4358 0
748.403 38.4748 0
537.962 258.222 0
515.777 295.333 1
929.454 -1086.88 1
537.554 -1087.25 0
567.887 -1110.03 0
612.346 -1161.55 0
589.968 -1128.39 0
593.594 -1120.3 0
743.832 -1144.85 0
760.758 -1061.36 0
627.702 -938.788 0
833.506 -918.392 1
910.208 -1102.67 0
917.986 -1156.05 0
923.087 -1199 0
918.137 -1137.15 0
988.929 -1098.66 0
900.047 -993.381 0
938.62 -964.754 0
1138.56 -1076.31 0
1136.22 -1146.69 0
1131.72 -1190.28 0
1087.08 -1143.08 0
1031.1 -1053.94 0
932.847 -906.926 0
857.535 -876.959 0
756.153 -884.749 0
1141.07 -1081.48 0
1109.58 -1041.43 0
1238.28 -1149.14 0
1871.69 -1775.42 0
1871.46 -1767.89 0
1882.46 -1802.46 0
1791.63 -1802.03 0
1749.79 -1746.42 0
1696.05 -1660.41 0
1054.98 -1236.73 1
849.52 -1079.3 0
825.854 -989.926 1
2993.72 -3879.52 1
