33.4878 5.91819 0
35.6954 -46.3081 0
70.9875 -1.96999 0
125.347 10.7916 0
156.14 9.05359 0
267.647 209.037 0
211.669 285.772 0
255.571 316.171 1
251.737 -91.0568 1
246.128 -20.7612 0
260.723 52.7373 0
267.344 71.0611 0
279.682 68.7015 0
308.632 35.376 0
360.873 53.131 0
320.604 104.818 0
312.647 118.08 0
333.873 93.2316 0
680.447 -254.991 0
684.358 -269.989 0
692.167 -345.042 0
695 -375.722 0
768.229 -310.543 0
780.269 -268.024 0
787.358 -230.362 0
724.693 -161.066 0
775.626 -166.234 0
788.205 -152.637 0
369.356 58.5713 0
408.999 108.266 0
408.72 63.8071 0
424.758 139.275 0
443.304 196.471 0
513.023 200.535 0
555.606 209.778 0
1079.29 136.511 0
1038.02 249.801 0
1627.47 446.684 0
1597.64 248.962 0
1597.84 302.694 0
1611.06 314.144 0
1705.5 325.014 0
1700.74 312.009 0
1715.01 258.057 0
1663.13 296.433 1
1668.83 300.245 1
1746.99 303.654 0
1748.41 310.658 0
1750.02 426.761 0
1783.83 240.65 0
1762.56 338.187 0
