-80.2786 4.81686 0
-62.8887 68.1289 0
-74.0899 53.7403 0
-61.5248 155.114 1
-109.442 137.498 1
-122.856 155.902 0
-90.5592 171.083 0
-471.046 144.209 0
-538.466 143.484 0
-537.383 175.054 0
-538.346 181.633 0
-551.937 214.447 0
-551.009 225.36 0
-541.303 235.75 0
-441.036 229.663 0
-358.974 213.551 0
-504.719 506.745 0
-552.119 527.306 1
-604.939 353.935 1
-617.067 331.103 0
-655.165 376.179 0
-610.597 340.364 0
-621.963 335.011 1
278.201 454.922 1
322.074 399.847 0
528.228 292.793 0
568.239 357.798 0
472.567 396.84 0
465.174 420.053 0
464.487 402.514 0
506.105 441.14 0
527.469 438.127 1
511.712 462.075 1
523.404 434.743 0
559.238 391.089 0
589.557 336.833 0
617.845 263.941 0
652.104 325.283 0
656.099 381.188 0
607.136 363.912 0
649.267 345.246 0
609.844 358.427 1
554.693 564.959 1
551.768 576.959 0
542.901 553.953 0
546.924 593.236 0
613.182 603.626 1
618.05 632.287 1
623.856 621.829 0
644.019 622.855 0
666.137 656.017 0
663.726 637.746 0
695.409 684.595 0
666.42 785.538 0
717.078 977.951 0
841.365 1034.67 0
807.527 1025.25 0
769.286 951.818 1
732.116 1062.41 1
676.879 1093.71 0
647.887 895.559 0
458.399 875.041 0
402.371 883.254 0
382.288 889.977 1
398.108 917.342 1
-45.8026 734.774 0
-84.4383 658.183 0
-86.9296 653.455 0
-78.4337 684.549 1
6350.56 930.074 1
6362.54 918.478 0
6493.96 804.538 0
6377.47 726.874 0
6370.71 720.705 0
6356.17 726.417 0
6193.94 748.903 0
6360.09 786.605 1
6405.74 1091.75 1
6423.44 1074.28 0
6497.56 1086.07 0
6453.39 1068.42 0
