-8.97903 34.9386 0
-52.3983 84.7869 0
-123.301 250.968 1
18.1227 153.725 1
-5.9243 174.498 0
-271.105 242.947 0
-183.245 242 0
-131.174 202.633 0
-78.6171 183.889 0
44.6521 125.927 1
1221.11 -512.359 1
1232.85 -515.56 0
1197.12 -539.643 0
1218.4 -538.177 0
1223.95 -560.459 0
1209.28 -603.252 0
1093.14 -632.472 1
1177.27 -631.587 1
1140.99 -633.745 0
1179.41 -651.414 0
1212.78 -644.006 0
1315.67 -689.885 0
1257.24 -699.115 0
1218.44 -685.213 0
1172.51 -594.816 0
1172.97 -634.984 0
1125.17 -646.145 0
1089.6 -690.046 0
1038.76 -727.506 0
1270.8 -961.159 0
1263.71 -1022.02 0
1340.31 -989.666 0
1377.15 -939.579 0
1342.99 -929.975 0
1355 -642.081 1
1442.56 -1231.75 1
1420.11 -1167.24 0
1418.64 -1179.72 0
1423.44 -1153.74 0
1419.89 -1062.36 0
1527 -1055.82 1
1573.78 -1040.96 1
1368.82 -754.509 0
1334.71 -604.84 0
1354.33 -499 0
1396.31 -445.997 0
1401.49 -299.863 0
1461.77 -399.17 0
1483.39 -365.375 0
1674.37 -454.919 0
1791.41 -552.736 0
1829.24 -465.474 0
1807.49 -464.465 0
1830.38 -452.136 0
2186.15 -848.003 0
837.201 498.924 0
706.397 503.934 0
366.371 514.729 0
1725.04 712.817 1
1690.49 671.257 0
1683.94 672.36 0
1716.12 813.07 1
1428.15 1895.74 1
1535.84 1618.97 0
1611.29 1605.35 0
1229.52 1771.38 0
1249.93 1749.85 0
1242.87 1922.97 1
1285.88 1101.97 1
1543.69 1037.9 0
1769.45 1022.53 1
1701.71 1060.36 0
1664.72 1063.94 0
1649.33 1181.76 0
1581.06 1237.3 1
-8723.55 1201.67 1
-8714.72 1292.1 0
-8732.03 1293.3 0
-8741.37 1290.4 0
-8750.38 1320.82 0
-8741.22 1302.49 0
-8674.72 1283.35 0
-8688.78 1256.36 1
-8622.49 1196.34 1
-8658.51 1158.82 0
-8698.08 1176.34 1
-7145.22 805.926 1
