-37.9068 38.5276 0
-30.036 79.1415 0
41.6017 162.178 0
-9.91072 202.335 0
45.0341 246.86 0
56.4545 279.487 0
167.61 284.087 0
91.9684 306.415 1
-57.1195 3.46036 1
-47.713 45.9421 0
-55.4739 93.4949 0
-81.5895 88.7676 0
-333.725 -19.8785 1
3109.73 738.16 1
3044.42 548.521 0
3022.56 520.378 0
2897.58 505.751 0
2823.2 462.647 0
2836.66 447.046 0
2828.67 433.424 0
4313.01 1323.01 0
4314.29 1229.58 1
4309.24 1243.26 1
4303.88 1255.88 1
4369.25 1275.28 0
4493.11 1125.9 1
4779.4 760.889 1
4776.6 760.043 0
4789.55 790.534 0
4801.25 795.456 1
4802.54 790.824 1
