-103.799 54.7302 0
-99.7401 42.3615 1
63.204 -402.536 1
39.9355 -366.902 0
63.1843 -327.479 0
23.6484 -264.278 0
97.2371 -312.407 0
112.852 -365.054 1
197.307 -187.487 1
200.348 -185.1 0
197.999 -189.461 0
312.008 -177.27 0
376.817 -216.213 0
400.762 -227.015 0
377.052 -224.569 0
395.037 -206.731 0
-99.1654 60.4695 0
-144.074 111.493 0
-237.117 114.223 0
-114.976 135.298 0
-102.053 146.454 0
-71.6852 196.635 0
107.374 267.14 0
94.0636 240.982 0
-719.162 40.1237 0
-810.759 109.266 0
-834.847 107.809 0
-891.935 139.834 0
-874.273 167.686 0
-1025.73 251.436 0
-994.999 258.185 0
-970.963 265.521 1
-56347 1569.11 1
-56170.7 1666.46 1
-56243.9 1457.13 0
-56242.2 1455.7 0
-55883.4 1422.54 0
-55802 1396.85 0
-55777.3 1403.19 0
-55783.6 1450.77 1
-55029.9 1387.27 1
-55087.4 1430.32 0
-55097.1 1400.68 0
-55098.7 1361.97 0
-54816.2 1046.82 1
-54838.4 1069.26 0
-54808.4 1118.67 0
-54837.5 1082.18 0
-54847.2 1031.26 0
-54885.7 1075.02 0
-54879.9 939.054 0
-54979.1 883.907 0
-54903.7 915.993 0
-54844.4 912.932 1
-56267.4 1393.41 1
-56358.3 1408.43 1
-56202.3 1028.54 1
-56249.4 988.469 0
-56065 968.337 0
-56034.6 983.37 0
-55988.3 1061.26 0
-55775.4 1229.41 0
-55675.3 1454.24 0
-55690.8 1461.08 0
-55657.7 1481.73 1
-53618.5 1753.04 1
-53630.1 1758.77 0
-53625.4 1718.19 1
-53111.6 1931.41 1
-53304.9 1922.12 0
-53387 1897.43 0
-53641.1 2086.88 0
-53632.4 2127.8 0
-53638.2 2109.88 0
-53619.8 2067.55 0
-53573.7 2108.44 1
-53067.3 1783.3 1
-52940.6 1518.22 0
-52917.5 1525.97 0
-52946.4 1532.1 0
-52940.9 1544.93 0
-52775.5 1725.78 0
-52699.7 1747.47 1
-52665.3 1790.64 1
-52562.1 1790.91 0
-52585.2 1815.03 0
