139.938 22.0797 0
1833.78 515.165 0
1812.84 530.003 1
1643.71 303.671 1
2528.68 244.313 0
2644.39 -284.922 1
2673.33 -270.904 0
2685.25 -257.544 0
2666.73 -219.815 0
2679.08 -174.049 1
-861.551 727.069 1
-1051.57 822.836 0
-215.483 691.277 1
-212.579 670.59 0
66.997 665.745 0
86.843 699.494 0
105.519 788.094 0
25.4895 847.805 0
50.6645 943.351 0
95.0387 1150.42 0
66.4574 1107.58 1
54.9915 1061.42 1
15.7477 1141.56 0
150.678 1149.97 1
169.015 1108.92 1
199.441 1138.84 0
118.32 1174.53 0
112.933 1204.67 0
133.225 1173.04 0
104.129 1081.92 0
50.3088 1009.81 0
-7.23507 1108.28 0
140.973 1159.11 0
123.485 1152.68 0
156.897 1142.94 0
333.477 883.477 0
406.035 1095.33 0
415.498 1109.85 0
456.727 1157.32 0
485.11 1202.55 0
171.082 1456.15 0
118.758 1520.76 1
1182.45 670.105 1
1179.59 705.959 0
1182.03 738.913 0
1057.98 704.804 0
1015.32 733.613 0
1005.9 739.396 0
1026.2 743.111 0
1053.94 725.688 0
1011.51 784.354 0
1004.23 834.037 0
976.889 900.917 0
958.833 1014.97 0
913.463 1059.83 0
1313.28 987.867 1
1315.3 1055.72 0
1726.33 833.004 0
-441.029 1059.7 0
-469.659 1008.68 0
-714.26 922.9 0
-695.308 882.122 0
-507.607 859.73 1
-12510 1173.58 0
-15056.1 1318.71 0
-15010.8 1258.3 0
1244.82 2746.22 0
