-116.135 103.383 0
-81.7117 -10.5441 0
-67.3467 -5.24448 0
-52.1476 -218.036 0
-73.5412 -163.249 0
69.8272 -85.9895 0
214.378 296.097 0
228.348 270.392 0
244.341 274.589 1
-292.379 -73.7661 1
-320.763 -64.0971 0
-309.361 -164.092 0
-247.12 -256.625 0
-291.716 -294.389 0
-312.62 -318.181 0
-315.636 -418.595 0
-276.727 -513.35 0
-341.541 -478.225 0
-286.612 -375.146 0
-265.314 -364.666 0
-230.105 -353.587 1
-247.046 -369.21 1
-146.88 -372.02 1
-128.155 -301.722 1
-136.024 -320.428 0
9.55908 -314.601 0
161.368 449.751 0
-443.767 2126.58 0
-404.871 2035.06 0
-376.13 1895.77 0
-370.938 1873.46 0
-349.259 1902.36 0
