15.451 -0.102319 0
5.78284 -30.0328 0
-70.9501 -94.6219 0
-32.9977 82.0379 0
-50.592 151.119 0
-87.5488 181.2 0
-73.2617 295.172 0
-88.3717 193.655 0
-91.474 199.319 0
-108.413 191.204 0
-74.2027 204.513 0
-33.1889 236.77 0
-60.6656 5.57838 0
-31.9902 -10.7204 0
-77.5853 89.7588 0
-152.422 132.73 0
13.3593 151.296 1
613.026 -326.276 1
627.7 -389.828 0
588.434 -361.947 0
339.212 -46.0312 0
416.392 -160.263 0
281.531 -494.478 0
332.003 -515.331 0
375.7 -469.65 0
326.55 -450.985 0
280.482 -446.453 0
141.974 -500.543 0
200.563 -410.887 1
459.823 -167.75 1
478.188 -197.04 0
516.681 -274.422 0
565.685 -399.629 0
579.498 -440.671 0
578.185 -475.826 0
556.533 -516.827 0
597.085 -531.189 0
590.393 -406.704 0
583.929 -377.959 0
551.961 -326.272 0
507.349 -265.997 0
476.412 -199.131 0
489.174 -174.878 0
466.225 -169.632 0
524.369 -181.852 0
502.058 -185.763 0
318.386 -112.943 0
166.077 -73.0998 0
219.744 -151.079 0
226.865 -160.852 0
189.762 -176.375 0
182.282 -17.7433 0
192.393 -65.7065 0
192.185 -46.7147 0
150.28 -83.8991 0
206.145 -56.0551 0
264.678 -55.3501 0
198.667 -34.9069 0
-97.5664 -23.9714 0
-102.088 -86.585 0
-47.8657 -169.945 1
-50.1606 -114.405 1
189.255 -82.9482 0
1027.78 4.9619 0
944.362 55.3822 0
912.867 84.6457 0
892.244 88.6316 0
862.473 43.4761 0
832.92 -30.2521 0
835.927 -152.598 0
840.684 -105.018 0
769.267 -44.2548 0
678.406 -3.74779 0
863.953 -254.676 1
852.14 -234.586 0
867.08 -182.947 0
1016.74 -450.872 0
953.907 -636.176 0
1020.71 -832.955 0
1032.03 -804.952 0
1032.73 -807.794 0
1077.46 -863.6 0
1092.29 -778.853 1
1478.94 -385.074 1
1462.51 -356.346 0
1436.3 -334.187 0
1414.21 -282.807 0
1372.76 -312.521 0
1415.87 -387.302 0
1336.07 -481.201 0
1351.64 -545.97 0
1400.48 -487.345 0
1435.93 -475.5 0
