-302.966 275.027 0
-271.959 153.222 0
-225.385 113.967 0
-232.823 158.005 0
-222.943 204.133 0
-132.014 286.16 0
-146.812 314.392 0
-167.614 312.075 1
-275.647 366.625 1
-422.414 -427.301 0
-428.535 -429.581 0
-498.366 -389.898 0
-209.847 -421.366 0
-163.304 -455.531 0
-241.599 -500.493 0
-88.1841 -510.951 0
-148.109 -487.087 0
-89.454 -600.186 0
-14.753 -593.373 0
-110.137 -481.162 0
86.3714 -540.266 0
102.128 -513.122 0
131.308 -582.421 0
76.3503 -501.279 0
272.983 -862.575 0
269.851 -862.901 0
260.448 -865.379 0
263.065 -861.509 0
224.359 -862.315 0
185.886 -880.24 0
146.656 -845.912 0
165.953 -786.118 0
197.551 -814.314 0
195.541 -779.468 0
280.906 -764.321 0
1129.76 -809.821 0
1127.6 -776.273 0
1108.63 -758.474 0
1102.27 -746.064 0
1158.04 -838.108 0
1313.51 -980.672 0
1311.53 -946.498 0
1125.49 -782.99 0
1145.02 -794.244 0
1190.77 -865.199 0
1238.73 -951.982 0
1281.32 -971.993 0
1210.08 -874.053 0
1202.99 -908.406 0
1216.94 -887.813 0
1216.68 -895.777 0
1215.03 -835.457 0
1208.62 -819.905 0
1192.59 -825.916 0
1271.49 -900.816 0
1193.87 -810.194 0
990.429 -476.221 0
1004.24 -419.729 0
1022.98 -370.505 0
1045.8 -306.507 0
1445.87 -510.925 0
1480.14 -669.567 0
1476.93 -708.79 0
1293.4 -807.448 0
1548.85 -1021.98 0
1520.24 -1034.05 0
1513.99 -1030.88 0
1433.86 -860.853 0
1394.02 -745.536 0
1325.68 -644.581 0
2207.55 -1169.01 0
3041.32 -2359.14 0
3018.76 -2370.91 0
2948.07 -2371.76 0
2557.19 -2236.76 0
2548.22 -2189.92 0
2458.36 -2036.46 0
2461.86 -1936.97 0
2419.26 -1898.51 0
2544.25 -2039.09 0
2608.67 -2082.14 0
2581.06 -2069.04 0
3752.89 -1916.22 1
3862.76 -1958.75 0
