-54.4056 7.9401 0
-74.2274 39.7929 0
-108 117.109 0
56.4003 29.8106 0
-5.20071 135.13 0
-52.0652 96.3206 0
197.858 365.053 0
226.853 382.811 1
250.909 182.162 1
244.379 241.775 0
184.309 191.349 0
236.077 130.162 0
214.036 187.083 0
412.69 134.657 0
388.165 168.255 0
365.042 224.089 1
466.129 39.2394 1
506.363 20.2625 0
519.352 42.749 0
474.471 24.7653 0
1001.44 26.8191 0
1029.39 5.22418 0
1067.01 -14.1952 0
1124.82 290.106 0
1079.51 349.012 0
1055.65 386.823 0
1015.59 394.85 0
1006.9 368.624 0
1006.96 278.551 1
1343.42 -278.665 1
1309.03 -247.344 0
1279.11 -179.17 0
1165.63 -120.599 0
1088.67 -15.7645 0
1112.53 85.8163 0
