-268.639 478.938 0
-229.722 600.209 0
-220.51 658.078 0
-216.472 756.451 0
-134.792 759.956 0
-1944.08 -553.627 1
-1202.6 -555.047 0
-402.738 -2375.15 1
-428.766 -2333.69 0
-393.207 -2322.41 0
-563.447 -3868.49 1
-470.342 -3826.8 0
-261.331 -3697.64 0
-251.117 -3691.67 0
-667.088 -3744.41 0
-693.13 -3746.81 0
-716.307 -3724.99 0
-724.083 -3723.26 0
-666.673 -3685.46 1
-1833.18 -4050.77 1
-2294.28 -3997.18 0
-1602.68 -3961.57 0
-1507.31 -3865.64 0
-1463.5 -3811.98 0
-1365.19 -3783.7 0
-1351.79 -3759.06 0
-1462.56 -3685.51 0
-1541.8 -3608.4 1
-1498.43 -3638.64 1
-1418.84 -3733.79 1
-1401.98 -3729.52 1
879.994 -5820.69 1
592.438 -6515.12 0
-7737.01 -8280.05 0
-7738.25 -8260.05 0
-7799.88 -8260.2 0
-7834.3 -8244.42 0
-7866.75 -8209.63 0
-7888.45 -8125.68 0
-7877.15 -8044.6 1
-7852.93 -7964.76 1
-7798.74 -8015.03 0
-7838.28 -8005.77 1
-7083.89 -7489.74 1
-6955.14 -8167.46 0
-6806.97 -8144.68 0
