66.2759 19.5099 0
80.7684 75.7124 0
10.4042 87.2356 0
26.5379 101.613 0
3.21621 125.845 0
-12.1459 97.2934 0
5.77148 96.4044 1
110.698 -100.925 1
93.8049 -169.771 0
119.354 -183.892 0
120.729 -116.997 0
42.5864 -61.3798 0
107.533 -19.4042 0
148.372 10.1234 0
290.905 77.609 0
281.953 119.478 0
285.592 159.876 0
497.137 215.391 0
594.834 207.801 1
670.396 202.532 1
829.908 52.0151 0
807.255 74.1996 0
781.448 86.5784 0
760.359 108.997 0
707.612 124.46 0
761.964 154.186 1
785.814 239.427 1
847.923 281.015 0
913.157 303.422 0
911.473 333.462 0
995.964 -631.949 0
1016.31 -631.33 0
968.224 -599.267 0
1588.87 -937.75 0
1599.82 -968.685 0
1569.9 -945.056 0
1786.44 -1306.64 0
1773.29 -1342.82 0
1773.96 -1355.88 0
1774.19 -1358.05 0
1770.58 -1356.71 0
1790.16 -1360.9 0
1771.92 -1302.55 0
1928.15 -942.36 0
62.3306 -1036.5 0
482.578 -1036.29 0
472.752 -1057.03 0
240.331 -910.347 0
534.906 -920.853 0
501.456 -865.988 0
755.495 -1062.02 0
1257.11 -1106.94 0
1263.84 -1089.98 0
1259.2 -1067.32 0
