9.78858 -21.2255 0
28.3776 -77.8222 0
44.7335 -64.1609 0
2.93798 -57.6115 0
23.9894 -18.1322 0
3.72813 39.2031 0
32.2669 113.833 0
45.6519 190.875 0
7.38707 250.499 0
54.4353 259.742 0
61.2416 245.003 0
77.9747 218.98 1
64.8953 266.948 1
-1.40007 187.77 0
-710.006 153.162 0
-647.511 103.724 0
-649.668 107.552 0
-690.99 68.4305 0
-714.079 42.6776 0
-743.312 -26.6693 0
-793.807 -105.839 0
-823.097 -102.022 0
-836.739 -131.074 0
-825.39 -134.746 1
26.0039 355.471 1
66.3232 2340.68 0
64.9443 -16272.1 0
373.76 -15821.6 0
1067.59 -15942.9 0
1049.15 -16003.9 1
989.567 -15880.7 1
1068.35 -15973.3 1
