-162.062 231.974 0
-87.528 278.852 0
-116.338 212.726 0
-111.995 242.598 0
-118.259 288.442 0
-128.546 306.996 0
-158.493 339.858 0
-92.294 467.228 0
-90.826 418.963 0
-4.62225 231.657 0
90.119 186.931 0
186.8 217.607 0
222.876 278.964 0
226.918 314.409 0
231.087 315.878 0
399.206 30.0735 0
391.956 80.548 1
355.268 99.8469 1
354.908 98.9634 0
370.125 203.486 0
359.125 289.781 0
380.725 337.347 0
410.989 317.677 0
411.378 318.917 0
402.86 282.281 1
376.986 223.917 1
417.942 136.356 0
384.661 165.281 0
346.601 265.386 0
349.191 253.959 0
353.464 228.722 0
250.419 314.15 0
213.077 358.308 0
210.839 355.818 0
219.263 223.472 0
210.583 178.875 0
689.423 144.283 0
692.037 145.024 0
692.122 141.244 0
655.337 117.424 0
529.788 198.034 0
484.223 235.575 0
515.604 233.772 0
531.381 233.378 0
509.237 186.429 0
754.211 156.929 0
734.579 142.765 0
821.922 141.15 0
844.968 122.457 0
384.796 272.946 0
153.735 -114.944 0
385.869 -154.54 1
390.329 -182.005 0
398.046 -201.437 0
335.625 -206.107 0
1018.61 -1158.62 0
1056.41 -1020.83 0
1053.38 -969.306 0
1056.22 -906.764 0
990.703 -854.044 0
938.884 -807.286 0
949.867 -765.002 0
805.927 -738.227 0
1426.5 -860.66 0
