44.616 12.6999 0
66.5919 -20.1786 0
46.6101 18.3623 0
112.844 1.77566 1
113.919 69.1735 1
120.433 108.961 0
142.032 140.957 0
142.933 128.23 0
128.282 165.131 1
81.402 228.068 1
66.1389 278.16 0
216.089 321.485 0
250.451 316.917 0
272.573 324.401 0
257.399 349.929 0
355.257 347.316 0
295.852 327.202 0
417.792 314.523 0
632.068 -55.1683 0
612.439 -27.0511 0
630.591 -18.3701 0
625.767 59.3672 0
654.34 101.004 0
658.732 160.518 0
644.098 263.968 0
627.364 243.52 0
661.765 93.932 0
667.516 77.7401 0
679.372 85.2264 0
752.19 119.932 0
782.04 217.492 0
779.732 224.303 0
757.425 281.078 1
1371.05 60.432 1
1365.43 71.3273 0
1277.94 46.2967 0
1337.42 151.459 0
1364.14 155.625 0
1606.3 204.219 0
1610.73 234.412 0
1590.45 238.909 0
1584.14 250.888 1
1538.21 252.213 1
1520.09 224.807 0
1553.92 214.381 0
1587.55 164.317 0
1621.66 114.875 0
1663.03 84.5003 0
1813.59 -11.4296 0
1883.61 21.4643 0
1928.84 -19.3698 0
1908.83 23.3243 0
1895.17 182.322 0
1972.17 70.7811 0
1988.22 133.353 0
1953.96 157.605 0
1740.02 177.768 0
1689.43 127.932 0
1735.9 117.761 0
1966.28 -43.043 0
1964.43 -161.849 0
2027.61 -148.14 0
