44.5296 -14.4 0
49.8959 -36.8529 0
98.809 58.2578 0
114.373 82.2278 0
66.9706 81.144 0
-3.3048 96.4966 0
-36.1205 163.872 0
136.862 294.375 0
96.0687 355.18 0
93.4802 385.351 0
114 469.097 0
129.835 469.252 0
168.983 446.073 1
221.401 410.686 1
-638.694 408.344 0
-677.584 380.758 0
-387.841 521.074 0
-584.12 754.508 0
-221.222 725.776 0
100.539 443.415 1
105.752 524.458 0
79.9408 549.812 0
-71.2744 874.038 0
-51.2713 795.709 0
-43.3203 765.92 0
-14.6811 745.563 0
9.04864 739.738 0
0.136151 651.981 0
247.226 464.778 0
249.145 382.585 0
345.356 560.889 0
312.486 512.974 0
422.749 458.799 0
433.851 279.819 0
429.739 325.801 0
382.915 599.439 0
347.512 1040.16 0
-49.3291 1261.65 0
17.891 1294.47 1
422.72 274.285 1
402.016 298.707 0
399.33 291.037 0
473.806 228.236 0
515.357 217.427 0
519.097 202.37 0
530.131 220.356 1
548.708 205.65 1
551.755 211.737 0
489.741 420.815 0
512.042 490.818 0
501.959 456.648 0
538.877 561.596 0
518.131 562.484 0
243.182 495.372 0
227.471 410.495 0
289.497 381.832 1
223.895 585.121 1
342.214 345.975 0
140.899 371.877 0
725.955 209.628 0
725.568 133.075 1
