-23.0405 61.1553 0
-31.1918 119.357 0
-34.3368 131.176 1
-75.6432 92.3028 1
-49.7062 64.4179 0
-34.744 66.8407 0
-41.7837 72.8126 0
-31.1296 62.249 0
-10.8934 108.866 0
-75.1503 196.511 0
-73.876 221.736 1
173.855 -390.179 1
142.24 -337.941 0
242.704 -395.167 0
231.99 -496.885 0
260.078 -556.332 0
324.349 -497.374 0
271.111 -34.1101 0
314.953 126.246 0
321.247 277.513 1
309.183 278.836 1
295.207 256.175 0
886.664 -18.8431 0
876.783 -1.96685 0
870.045 23.8539 0
876.944 92.1405 0
855.527 106.511 0
974.811 149.468 1
967.944 190.974 1
999.771 90.4281 0
909.017 -485.595 0
911.992 -574.306 0
932.254 -630.346 0
927.801 -673.519 0
935.521 -755.97 0
940.293 -760.202 1
923.76 -709.015 1
891.362 -644.018 0
977.887 -641.262 0
971.343 -619.299 0
923.107 -556.069 0
901.464 -514.712 0
857.259 -432.997 0
813.241 -337.835 0
796.156 45.2612 0
1261.19 -475.638 0
1289.26 -421.514 0
1465.42 -552.816 0
1323.87 -330.107 0
1488.69 -883.589 0
