1.04808 5.18235 0
2.45351 4.56285 0
20.6982 44.173 0
12.9163 31.1956 0
40.1497 69.9008 0
47.5267 68.9319 0
-71.6302 23.2317 0
-102.289 44.1401 0
-99.9923 10.3055 0
-129.213 78.6242 0
-132.71 63.6609 0
82.3741 24.34 1
208.031 9.97281 1
-14.2464 303.475 0
-34.4116 348.5 0
-63.2451 351.148 0
-9.44277 338.665 0
-13.9812 375.068 0
7.3524 441.463 0
172.421 432.275 0
172.723 462.777 0
157.61 459.66 0
222.374 477.244 0
68.9702 427.071 0
158.275 326.11 0
240.227 242.563 0
290.994 283.108 0
351.584 406.25 0
375.803 490.924 1
334.628 462.811 1
334.661 468.387 0
273.281 485.928 0
237.494 462.398 0
202.826 452.06 0
373.754 419.023 1
420.006 478.752 1
491.252 453.46 0
534.266 438.725 0
781.847 219.517 0
383.952 788.707 1
383.986 776.879 0
284.861 745.149 0
213.169 832.967 0
175.81 928.655 0
534.542 588.865 0
573.84 588.993 0
-2566.05 547.214 0
-2192.6 515.945 0
-2250.55 602.601 0
-2233.99 653.315 0
-2240.87 680.517 0
-2344.59 587.551 1
-1092.61 2634.87 1
