17.0595 2.80272 0
-81.4664 -13.8871 0
-108.002 -70.6401 0
-144.131 -68.9632 0
-172.599 -119.91 0
-215.888 -119.845 0
-170.074 -84.648 0
-425.737 52.3301 0
-592.504 177.803 0
-869.397 -291.516 0
-915.637 14.9458 0
-943.998 134.828 0
-800.906 -724.877 0
-727.231 -738.676 0
-507.05 -795.711 0
-3174.94 67.2148 0
-3085.5 -77.5215 1
-2508.02 -141.678 0
-2281.69 -162.013 0
-2256.23 -110.774 0
-2271.38 -28.0534 1
-2273.35 681.637 1
-2470.44 1100.72 0
-2546.91 819.865 0
-2570.54 868.873 0
-2426.26 883.864 1
946.205 1191.94 0
951.653 1178.11 0
945.656 1149.67 0
828.505 1232.84 0
830.182 1118.01 0
842.544 1095.98 0
864.152 1088.81 0
887.011 1152.08 0
862.431 1151.08 0
866.314 1191.02 0
928.104 1207.86 0
912.577 1218.82 0
909.556 1218.06 1
885.291 1079.78 1
918.946 1069.6 0
984.934 1037.59 0
1013.07 1027.96 0
1017.81 1032.58 1
1014.56 1066.01 1
1025.4 1090.42 0
991.934 1194.42 0
1119.76 1139.38 0
1096.83 1018.6 0
1107.26 973.395 0
1109.02 982.945 0
1055.96 1108.26 1
951.874 1459.35 0
992.92 1428.53 1
968.459 1522.14 0
877.269 1368.36 0
846.664 1362.98 0
872.759 1310.63 0
980.957 1248.87 0
1422.64 1085.33 0
1356.55 1175.59 0
1341.17 1110.34 0
1300.27 1106.24 0
900.728 1211.94 0
856.747 1207.01 0
790.794 1244.08 0
936.779 1282.93 0
1016.64 1271.09 0
994.837 1249.38 0
1008.84 1203.64 0
1036.94 1123.99 0
1005.18 1040.7 0
943.91 987.713 0
887.833 954.818 0
885.586 978.64 0
1113.12 1063.05 0
1113.62 1016.72 1
-1237.03 -224.266 1
-1221.33 -199.207 0
-1188.85 -176.558 0
-1243.16 -213.691 0
-1419.37 155.016 1
-392.49 -3982.19 1
-333.977 -17248.7 0
-118.017 -17082.7 1
