5.48246 7.09703 0
-6.85386 12.9712 0
-30.1498 20.1326 0
-73.4989 3.76355 0
-100.466 11.6114 0
-123.548 35.989 0
-206.099 79.5784 1
8.0219 -474.737 1
237.054 290.98 0
233.245 -441.92 0
2410.61 -135.921 0
2440.07 -267.891 0
2493.68 -369.062 0
2509.49 -346.302 0
2632.68 -352.734 0
2678.2 -294.943 0
2685.18 -314.913 0
3098.95 -446.656 0
2742.39 -202.659 0
2951.56 -226.51 0
2586.97 -261.626 1
2594.09 -243.703 0
2591.17 -321.305 0
2777.5 -368.43 1
2860.76 -357.08 0
2926.56 -334.881 1
2759.05 338.183 1
2780.69 332.496 0
2778.61 344.798 0
2714.18 300.954 0
2645.86 273.677 0
2617.07 279.263 0
2435.5 184.12 0
2438.56 233.39 1
2350.36 -169.209 1
2086.54 -75.72 0
2071.31 -87.2615 1
2108.69 -97.6448 1
5180.52 635.972 0
5180.82 490.585 0
5204.97 359.059 0
5591.96 353.244 0
5538.36 416.892 0
5544.61 503.406 0
5465.91 445.191 1
5392.29 362.17 1
5397.08 357.689 1
5391.71 310.537 1
5455.92 311.304 0
5502.64 314.938 0
5496.34 304.866 0
5491.38 314.898 0
5962.01 437.858 0
6169.55 113.339 1
