-76.4193 -76.2371 0
-99.8757 -120.751 0
-127.177 -176.128 0
-41.9407 -35.9911 0
-28.2609 -65.0445 0
-53.0369 -45.5888 0
35.0254 -74.686 0
-41.0629 -110.039 0
-70.7044 -97.108 0
-92.8291 -129.187 0
-86.6764 -96.4326 0
-168.183 -44.0711 0
-275.582 -18.8989 0
-316.934 114.797 0
-304.105 104.569 0
-383.219 313.62 0
-328.486 233.601 0
-321.778 196.324 0
-226.419 -139.554 0
-128.889 -247.403 0
-144.14 -298.661 0
863.925 -507.87 0
880.777 -544.083 0
834.806 -553.371 0
809.537 -511.718 0
911.568 -488.399 0
896.242 -467.436 0
867.902 -472.909 0
834.604 -484.634 0
811.96 -452.276 0
883.043 -469.608 0
860.53 -508.183 0
925.425 -459.313 0
911.531 -415.512 0
815.155 -408.28 0
770.065 -296.461 0
963.428 -297.614 0
1044.64 -485.639 0
875.202 -384.802 0
878.217 -297.096 0
963.018 -434.686 0
1314.43 -792.615 0
1308.61 -796.211 0
1209.74 -846.922 0
1302.33 -823.984 0
1383.64 -840.538 0
1387.23 -847.356 1
1331.63 -848.613 1
1367.81 -873.881 0
1392.78 -881.072 0
1453.5 -916.814 1
1416.55 -857.963 1
1429.14 -866.708 0
1425.29 -814.438 0
1499.39 -829.413 0
-2908.46 715.127 0
-6246.55 -2175.38 0
-6283.95 -2157.43 0
-6067.41 -2067.24 0
-6152.28 -2009.22 0
-6211.64 -2050.35 0
-6216.37 -2085.2 0
-6236.37 -2099.76 0
-5966.57 -2037.45 0
-6140.02 -1879.68 0
-6823.32 -2153.89 0
-6850.15 -2183.5 0
-6847.04 -2156.33 0
-6857.57 -2104.83 0
-6792.13 -1909.64 1
-6779.85 -1891.93 1
-6808.88 -1874.39 0
-6887.83 -1691.57 0
-6973.08 -1708.84 0
-7007.68 -1728.08 0
-7002.88 -1695.23 1
-7051.99 -1661.65 1
-7074.78 -1611.45 0
-6946.36 -1590.38 1
-9034.28 -1481.38 1
-8594.84 -1404.2 0
-8359.35 -1482.63 0
-8371.17 -1433.61 1
-4597.75 -1774.76 1
