-137.717 2.02707 0
-351 -37.9868 0
-237.482 -81.2977 1
75.7372 64.6391 1
62.9516 90.359 0
75.7099 58.518 0
119.404 -32.4617 0
-60.1935 172.086 0
-41.1264 112.128 0
-29.1955 55.8733 0
317.778 124.096 0
276.647 116.74 1
198.324 230.655 0
227.916 252.657 0
433.54 69.4501 0
471.001 146.027 0
396 117.847 0
375.124 199.444 0
411.979 157.405 0
427.21 158.916 0
413.781 79.3225 0
410.534 54.5247 0
369.245 90.1564 0
406.611 191.902 1
506.554 11.9698 1
501.713 42.0121 0
519.166 68.5289 0
539.625 91.7408 0
508.583 133.179 1
384.664 85.1741 0
387.078 94.9454 1
367.706 49.7771 0
356.382 58.265 0
358.46 86.8468 0
346.248 96.6201 0
339.399 97.5477 0
499.018 160.191 0
471.414 164.651 0
384.106 157.274 0
356.466 240.021 0
375.401 325.313 1
1108.86 259.262 1
1108.61 255.524 0
1047.07 203.514 0
1004.97 175.917 0
945.714 209.531 0
883.817 265.481 0
880.587 374.45 0
863.925 446.435 0
822.378 536.082 0
869.87 413.028 0
958.51 565.12 1
892.501 531.709 1
941.199 539.117 0
590.012 612.497 0
569.267 617.387 0
-445.983 696.035 0
-448.638 704.021 0
-471.147 764.025 1
7032.25 -2591.78 0
7016.5 -3311.54 0
7190.41 -3089.45 0
7200.8 -3121.83 0
7205.81 -3069.15 0
7155.33 -3061.44 0
7155.95 -3006.47 0
7061.61 -2938.98 0
7045.27 -3016.28 0
6875.57 -2787.76 0
6962.46 -2795.62 0
7008.54 -2792.63 0
7057.16 -2771.98 0
7084.01 -2735.3 0
7101.97 -2698.87 0
7151.92 -2665.74 0
7148.61 -2650.49 0
7275.41 -2567.7 0
7178.95 -2466.91 0
