8.91531 -9.65191 0
-18.6548 -49.9091 0
-207.675 -57.8039 0
-248.101 -26.7451 0
-222.093 3.98498 0
-227.171 9.31134 0
-227.318 11.6436 0
-212.678 -9.58148 1
-281.175 14.9398 1
-226.587 17.547 0
-199.47 -19.5725 0
-165.545 -30.4591 0
-155.611 35.8904 0
-173.097 53.9093 0
-179.073 55.8098 0
-257.071 47.6206 0
-231.878 -33.6968 0
-176.08 -37.911 0
-165.635 -95.5907 1
-96.8122 -66.6539 1
-66.3854 -65.048 0
-39.3907 -29.6738 0
-18.5987 5.28405 0
-5.72601 23.6918 0
1.86747 -98.9394 0
65.8675 -68.5772 0
26.1694 -27.6049 0
283.77 -94.5546 0
241.972 -96.4479 1
180.992 -184.278 0
180.401 -189.294 1
195.134 -204.564 0
-11.5666 -231.252 1
1433.44 918.257 0
1521.12 515.05 0
1523.11 492.114 0
1541.82 387.2 0
1493.47 313.009 0
1256.55 455.15 0
1331.13 445.919 0
1336.6 465.997 0
1332.68 453.835 1
339.782 768.079 1
1064.56 958.128 0
1024.86 981.249 0
1036.47 1028.39 0
1071.06 1087.38 0
1201.44 1166.46 1
1218.99 1137.98 1
1265 1078.7 0
1289.64 1074.43 1
1310.46 1119.83 1
1357.28 1085.49 0
1554.91 979.809 0
1528.26 958.562 0
1510.92 889.038 0
1490.71 872.585 0
1423.78 875.56 0
1414.76 893.56 0
1525 886.238 0
1528.41 837.684 0
1510.95 817.699 0
1452.14 875.489 0
1369.24 946.38 0
1342.61 991.698 1
