10.7337 50.9194 0
-2.05001 57.3906 0
-16.247 54.5502 0
-1.25738 51.1576 1
-218.901 -361.884 1
-214.841 -362.964 0
-186.824 -311.277 0
-175.425 -304.24 0
-234.646 -278.175 1
-167.87 -265.755 1
2567.36 -164.73 0
2536.83 -77.1334 0
2496.11 -65.2727 0
2534.14 -55.5208 0
2634.75 -227.486 1
2665.95 -317.156 0
2563.34 386.982 0
2637.2 434.392 0
2680.71 431.668 0
2743.76 431.999 0
2654.39 498.353 0
2695.14 485.439 0
2713.67 394.86 1
2596.99 355.812 1
2632.03 364.501 0
2628.35 413.617 0
2588.09 443.563 0
2480.36 442.714 1
2564.76 1031.59 1
2621.1 1036.46 0
2691.51 973.485 0
2760.24 758.655 0
2671.02 500.444 0
2720.98 545.067 0
2780.02 640.781 0
2802.38 673.437 0
2798.03 697.255 0
2701.41 657.423 0
2764.65 664.757 0
2840.78 683.881 0
2970.88 529.918 0
3031.19 397.458 0
3070.91 315.317 0
3087.08 326.219 0
3135.95 382.991 0
3120.63 344.239 0
2862.64 -415.652 1
2882.73 -402.993 0
2918.19 -408.396 0
2892.62 -396.178 0
2907.96 -336.676 1
2802.09 -288.674 1
2794.31 -263.911 0
2832.05 -172.437 0
2758.75 -177.6 0
2799.1 -182.297 1
2792.15 -224.428 1
