-57.711 -33.9217 0
-6.4098 -25.9785 0
-217.472 83.7362 0
-240.431 87.8105 0
-750.31 418.356 0
-786.809 448.934 0
-1069.23 692.744 0
-906.776 747.803 0
-948.075 738.41 0
-965.695 753.914 0
-976.819 754.493 0
-873.359 827.472 0
-863.686 750.335 0
-1083.34 341.967 1
-1112.81 305.753 1
-1295.82 134.614 1
-1587.42 71.5938 1
-2310.56 -429.069 1
-2725.98 -349.652 0
-2771.68 -340.269 0
-2804.29 -380.896 1
-2797.5 -375.833 1
-2798.39 -325.809 0
-2801.72 -156.174 1
-1641 -2126.17 1
-1694.62 -2077.53 0
-1699.91 -2003.99 0
-2167.59 10.1489 0
-2368.76 97.6535 0
-2476.1 175.496 1
-44652.2 1073.19 0
-44799.7 1073.99 0
-44775 1069.7 0
-44803.1 1083.64 0
-44853.9 1148.68 0
-44882.7 1155.45 1
-19911.6 -25595.1 1
-20128.6 -25405.9 1
-20271.4 -25567.5 0
-21514.6 -25808.9 1
-21485 -25756.6 1
-21546.1 -25620.9 0
-21372.6 -25581.5 0
-21278.9 -25560.8 0
-21287.2 -25531.3 0
-21602.5 -25052.8 0
-21603.2 -24985.6 1
-21568 -24964.5 1
