-246.585 141.671 0
-135.815 83.3983 0
69.6232 54.8982 0
69.0134 25.8864 0
24.896 84.4399 0
-13.4211 61.1145 0
145.616 27.1115 0
147.038 6.57256 0
102.02 -45.6143 0
97.583 -107.206 1
68.5993 -353.107 1
67.7936 -377.35 0
67.4523 -372.881 0
34.0785 -326.167 0
21.0602 -252.664 1
-172.937 -177.755 1
612.559 -469.889 0
576.152 -551.467 0
647.813 -568.068 0
650.01 -583.402 0
696.754 -581.251 0
690.945 -576.212 0
913.436 -887.361 0
937.049 -1007.95 0
852.541 -945.385 0
797.061 -878.681 0
680.486 -773.197 1
7655 -23.0403 1
