-13.9656 42.3431 0
-8.47258 133.26 0
-34.6871 175.637 0
-12.1409 245.005 1
307.815 98.4425 1
334.584 132.552 0
345.623 175.326 0
280.228 252.144 0
276.998 338.174 0
751.564 311.799 0
595.644 196.355 0
1027.18 603.821 0
1002.05 639.263 1
1006.21 632.526 0
1005.26 750.12 0
983.617 761.258 0
1000.56 716.49 1
1477.7 641.767 1
1425.26 -201.472 0
1437.1 -380.864 0
1455.11 -535.492 0
1615.3 -1161.07 0
1623.66 -1173.37 0
1606.6 -1127.82 0
1634.61 -1111.58 0
1691.81 -1134.47 0
1687.37 -1088.45 0
1681.38 -1034.16 0
1646.64 -943.623 1
-515.872 -2001.1 0
5432.28 -1033.54 0
