-30.1411 -28.686 0
-41.4111 -40.9324 0
-5.68742 -50.9909 0
-9.46273 -129.889 0
67.4012 -62.1333 0
48.8473 -72.7867 0
-110.826 -5.37555 0
-172.241 7.10245 0
-139.615 50.4125 0
178.899 15.0011 0
131.148 72.1174 0
83.2609 137.567 0
5.92235 164.866 0
-7.53737 124.547 0
46.9225 109.667 1
-24.9476 130.842 1
-34.127 113.267 0
-2.32598 60.0907 1
-218.649 45.5391 1
-164.731 43.2327 0
-169.842 19.7961 0
-740.006 -43.0409 0
-679.621 -9.66832 0
-638.2 44.868 0
-632.826 75.7534 0
-650.198 107.986 0
-689.043 106.493 0
-727.365 102.633 1
37.2145 -444.019 1
46.1935 -430.537 0
-118.681 -470.277 0
-177.301 -406.701 0
-295.33 -336.382 0
-300.592 -307.129 1
-93.1151 -420.356 1
-101.398 -517.974 0
-73.0267 -563.305 0
-93.7433 -569.99 0
-82.3151 -586.065 0
-1.93864 -613.707 0
70.4371 -644.13 0
81.5801 -660.948 0
139.536 -687.465 1
135.984 -669.26 1
76.7162 -636.587 0
33.1547 -607.824 0
-21.6209 -590.174 1
406.442 -769.163 1
391.515 -864.88 0
432.246 -856.113 0
505.722 -809.706 0
468.796 -838.204 0
938.015 -826.08 0
965.74 -814.232 0
930.739 -796.702 0
832.595 -780.434 0
841.095 -679.174 0
884.495 -621.113 0
-303.247 888.305 1
-247.394 884.968 0
-260.509 832.717 0
-224.183 902.52 0
80.2907 766.065 0
128.789 733.083 0
145.064 780.153 0
193.788 754.951 0
205.055 725.881 0
230.641 708.972 0
415.237 506.227 0
370.251 496.686 0
364.838 559.97 0
503.216 388.099 0
489.645 394.831 0
448.982 103.802 0
302.54 228.997 0
278.832 237.833 0
252.894 240.433 1
337.68 488.787 1
-1314.9 479.164 0
-1172.3 433.595 0
-1120.46 467.783 0
-1141.41 453.09 0
-824.296 550.706 1
-2272.1 -419.011 1
-2260.66 -513.61 0
-2342.68 -498.066 0
-2299.58 -470.93 0
-1797.06 -341.231 1
-1479.37 -261 0
-1527.05 -302.303 0
-1653.83 -328.987 0
-1810.24 -228.541 0
-1807.85 -178.87 1
-1431.83 -292.351 1
-1403.61 -274.117 0
-1383.5 -242.532 0
-1355.66 -206.972 0
-1378.7 -142.425 1
-1422.22 -187.581 1
70.01 7.16345 0
