17.2676 -17.0712 0
102.2 -70.0067 0
578.605 -205.518 0
553.393 -168.003 1
568.978 -111.086 1
557.685 -91.0673 0
132.43 224.011 0
177.379 186.106 0
441.061 -23.2043 0
524.942 -18.8817 0
271.961 46.1341 0
314.085 190.722 0
471.322 199.503 0
200.136 219.866 0
235.19 147.969 0
373.643 148.636 0
457.803 191.951 1
864.638 -92.4249 1
906.916 -222.254 0
964.694 -238.065 0
968.194 -266.792 0
985.574 -292.909 0
890.14 -369.11 0
871.223 -421.416 1
69.1027 -570.615 0
24.6841 -425.31 0
14.2084 -403.059 0
37.0576 -371.138 0
282.669 -167.676 0
367.863 -158.629 0
412.74 -161.026 0
448.988 -158.778 1
-498.281 331.779 1
-489.573 450.506 0
-268.856 399.069 0
-1030.95 475.288 0
-771.642 375.33 0
-473.295 181.244 0
-410.394 127.984 1
-482.976 49.4497 1
-728.054 367.951 0
-540.736 264.24 0
-536.274 253.958 0
-505.886 190.986 0
-813.004 268.866 0
-829.124 271.959 0
-841.684 228.45 0
-1026.49 380.885 0
-988.043 413.689 0
-980.544 383.305 0
-988.637 393.33 0
-991.28 328.55 0
-1146.67 425.015 0
-1297.95 592.339 0
-989.729 -82.6368 0
-1184.2 -248.944 0
-1269.9 -363.893 0
-1382.85 -533.805 0
-1321.13 -513.319 0
-1291.55 -541.143 0
-1346.22 -564.474 1
92335.4 6957.95 1
