-58.0894 47.5698 0
-60.6614 86.5452 0
-41.5404 97.0028 0
165.029 34.1562 0
200.017 -20.0083 0
238.658 -70.7693 0
266.642 -126.573 0
296.039 -184.515 0
297.414 -109.888 0
253.485 -23.6462 0
299.765 -28.2525 0
321.539 88.4851 0
321.777 180.819 0
284.603 229.848 0
269.653 288.433 0
260.245 335.555 0
260.774 372.39 0
267.35 407.036 0
251.857 426.819 0
204.988 357.293 0
167.918 415.215 0
150.467 452.98 0
119.511 476.052 0
127.741 526.47 0
98.41 526.754 0
95.9547 572.031 0
71.3059 575.937 0
32.1944 509.353 0
16.4039 552.576 0
39.8931 571.357 0
85.2934 611.51 0
148.273 583.24 0
646.216 78.9248 0
659.488 65.4188 0
838.798 -80.6894 0
845.928 -30.916 0
782.548 50.8857 0
666.246 553.057 0
606.211 571.062 0
593.776 634.01 0
555.78 644.52 0
543.925 641.866 0
453.691 630.345 0
411.114 679.16 0
376.304 709.966 0
372.707 704.362 0
328.864 1049.25 1
323.755 1052.8 0
277.076 1026.38 0
224.508 1078.81 0
183.778 1098.06 0
144.024 1134.65 0
122.345 1157.58 0
73.4841 1243.32 0
112.518 1223.05 0
191.571 1187.95 0
178.363 1214.91 0
473.658 662.292 0
815.573 420.656 0
806.099 456.444 0
839.392 483.986 0
849.406 550.861 0
906.363 623.672 0
873.951 651.439 1
935.37 678.964 1
