21.6982 57.9715 0
42.1912 85.6452 0
67.7832 103.388 1
212.466 -967.883 1
239.065 -986.5 0
375.541 -1057.12 0
534.364 -1744.97 0
519.037 -1712 0
466.48 -1712.12 0
429.59 -1722.46 0
413.849 -1721.06 0
425.17 -1702.08 0
535.464 -1615.73 1
517.178 -1587.49 1
621.865 -1658.74 0
565.914 -1640.78 0
545.409 -1587.79 0
529.307 -1562.06 0
570.49 -1189.2 0
619.058 -796.336 0
837.414 -792.661 1
986.327 -1163.35 1
734.119 -1229.72 0
735.932 -1282.2 0
749.755 -1317.57 0
742.648 -1332.55 0
738.115 -1393.38 0
611.31 -915.135 1
-3512.44 5127.65 0
-3614.65 5188.14 1
-3726.63 3764.26 0
-3624.34 3753.13 0
-3612.24 3760.33 0
