70.3301 74.6066 0
-37.8106 302.388 0
-11.613 321.488 0
19.1004 296.045 0
38.1702 254.793 0
83.4243 353.756 1
108.804 413.989 1
61.9387 433.828 0
57.2308 476.278 0
68.4083 516.63 0
100.966 567.296 1
130.267 588.341 1
164.508 570.988 0
138.865 581.783 0
157.879 595.856 1
439.029 305.132 1
407.552 370.556 0
417.56 391.98 0
366.815 248.514 0
197.688 640.951 0
234.254 704.902 0
183.363 636.634 0
145.793 603.722 0
36.0613 709.02 0
470.961 521.17 0
407.96 642.911 0
235.861 665.422 0
-1.98534 673.167 0
340.549 645.979 1
337.312 774.844 0
309.697 822.541 0
361.223 803.179 0
34.638 1050.58 0
61.3834 977.115 1
124.161 993.976 1
166.675 972.241 1
3869.71 2105.38 1
3810 2144.55 0
3820.29 2170.76 1
3848.36 2186.78 1
3858.89 2270.12 1
3804.33 2222.63 1
3710.98 2259.6 1
3681.67 2283.3 0
3707.8 2225.44 0
3668.46 2142.11 0
3893.66 2192.34 0
3890.64 2232.26 0
3939.94 2152.27 0
3969.47 2128.42 0
4042.92 2121.52 0
4115.62 2125.19 0
4150.68 2136.53 0
4294.13 2013.8 0
4262.77 2036.7 0
4275.51 2043.69 0
3882.69 2064.43 0
3885.05 2079.33 0
3946.88 2011.8 0
3949.91 2040.03 0
3894.65 2102.43 0
3898.26 2081.2 0
3992.2 2158.66 0
3964.43 2144.6 0
3891.23 2319.08 0
3897.76 2324.72 1
3807.8 1797.87 1
3990.87 1799.57 0
4143.61 1509.44 0
