40.0173 -21.2244 0
162.379 -56.0583 0
213.534 -14.0583 0
276.051 43.3632 0
208.811 53.0411 0
182.902 68.9929 0
284.914 -11.8545 1
327.131 -68.5798 1
335.322 -150.411 0
348.804 -163.672 0
299.009 -308.728 0
280.787 -254.951 0
337.114 -3.25969 0
266.862 -39.2231 0
105.547 -90.261 0
44.3257 -94.3152 0
166.736 -168.444 0
173.711 -189.623 0
226.54 -188.751 0
239.577 -178.467 0
177.917 -105.691 0
213.16 -35.9414 0
260.408 -50.9973 0
292.456 -18.3594 0
316.689 30.4962 0
314.982 89.6351 0
274.459 319.92 0
218.981 280.396 0
199.204 247.793 0
220.713 250.383 1
171.242 268.347 1
234.544 266.42 0
417.339 308.723 0
761.874 -19.2326 1
819.418 -48.2319 0
863.683 -60.5281 0
926.885 18.8768 0
925.386 -17.7647 1
1043.95 -379.114 1
1033.39 -389.784 0
1036.8 -388.628 0
1030.79 -401.525 0
1025.91 -397.946 0
1042.05 -16.6672 0
1047.08 -27.6126 0
1075.72 -103.303 0
1086.92 -103.623 1
1060.42 -243.681 1
1040.81 -246.252 0
1135.6 -446.052 0
1091.99 -411.583 0
1079.68 -425.78 0
875.092 -518.016 0
792.164 -550.478 0
786.099 -581.145 0
736.702 -596.709 0
2214.04 -1774.11 0
86942.9 30020.1 0
86804.8 30238.3 1
86768.8 30289.3 1
86622.3 30347.1 1
85555.9 30209.3 1
85558.4 30170.3 1
85546.2 30150.1 1
84996.8 30027.8 1
84955.5 30046.2 1
84696.5 30034.5 1
84586.2 30034.6 0
84589.2 30089 1
84441.4 30093.7 1
84443.2 30109.8 0
83289.7 28671.8 0
83361.8 28658.6 0
83365.8 28634 0
83374.9 28648.6 0
83561.2 28762 1
84538.9 28961.3 1
84492.9 28981.2 0
85176.4 29242.5 1
86854.4 29134.7 0
86955.6 29046.1 0
87181.2 28797.2 1
