4.96914 28.3758 0
82.2222 51.979 0
86.6418 67.3714 0
219.708 20.0344 0
259.323 -12.3841 0
237.339 -7.87164 0
139.546 25.9035 0
219.634 -8.97467 0
165.327 152.251 0
-218.906 663.333 0
-104.108 643.483 0
-3388.13 1456.83 0
-3617.92 1353.98 0
-3580.39 1350.42 0
-3543.56 1298.49 0
-3168.4 1238.21 0
-3134.78 1241.34 0
-3195.79 1256.36 0
-2119.04 1419.68 1
-2160.69 1424.62 0
-2131.05 1383.65 0
-2143.08 1359.04 0
-2147.12 1340.78 0
-2180.77 1385.73 0
-2166.66 1449.64 1
-2210.06 1282.59 1
-2158.58 1313.7 0
-2154.09 1328.21 0
-2156.21 1352.61 1
-2976.93 1085.71 1
-3048.88 1058.29 0
-2974.86 1054.23 0
-2958.41 1035.44 0
-2964.12 989.989 1
-3141.16 1086.53 1
-3087.71 1083.31 0
-3184.24 1124.15 0
-3129.86 1114.73 1
-3085.46 1191.33 1
-3018.6 1176.49 1
1180.98 1534.34 1
1255.28 1586.06 0
1306.94 1536.42 0
1341.86 1489.95 0
1371.59 1442.47 0
1397.32 1395.57 0
1278.56 1472.41 0
1346.1 1467.45 0
1633.14 1835.52 0
1829.15 1241.85 0
1786.99 986.532 0
1806.62 931.975 0
1805.72 934.776 0
1789.29 924.959 0
1756.19 947.196 0
1762.19 1058.56 0
1809.92 1176.86 0
1809.65 1364.38 0
1844.7 1397.81 0
1861.83 1403.53 0
1866.96 1430.46 0
1898.92 1484.91 0
1901.69 1487.17 0
1836.17 1532.59 1
1602.85 1114.57 1
1584 1004.08 0
1601.08 948.951 0
1642.46 907.508 0
1704.22 865.184 0
1763.83 877.173 1
1984.76 1224.66 1
1968.33 1291.7 0
1994.23 1342.54 0
2012.23 1399.53 0
2062.29 1386.93 1
2203.37 1118.38 1
2230.27 1065.61 0
2251.47 956.104 0
2349.16 1010.02 0
2527.77 828.425 0
2508.11 983.619 0
2513.32 1209.96 0
2681.32 1334.66 0
2666.9 1424.63 0
2624.16 1661.22 0
2625.27 1708.38 0
2625.75 1781.81 0
2643.28 1769.92 0
2650.06 1785.31 1
2864.77 702.66 1
2546.76 1419.19 0
