3.86454 -39.1303 0
-22.3499 -60.1993 0
92.2362 -74.6656 0
251.869 -222.557 0
267.219 -245.524 0
248.861 -288.075 0
236.039 -366.386 0
227.397 -339.544 0
301.261 -262.49 0
295.02 -228.875 0
285.012 -157.372 0
293.785 -133.246 0
279.444 -89.452 0
207.606 -129.341 0
199.083 -151.172 0
352.992 -136.169 0
144.089 89.8888 0
106.403 178.182 0
32.0921 261.971 0
60.4474 320.779 0
-118.284 547.236 0
-157.361 575.096 1
713.689 -505.918 1
709.527 -478.241 0
615.697 -423.243 0
527.886 -353.267 1
761.684 -92.1431 1
808.438 -137.161 0
987.382 176.73 0
1079.54 177.408 1
1070.18 49.5784 1
1038.83 3.40339 0
1053.57 9.66966 0
1091.89 -95.4119 0
1114.35 -138.788 0
1172.76 -351.74 0
1097.7 -387.428 0
1090.99 -354.108 0
1062.87 -333.672 0
1039.34 -322.133 0
1411.15 -343.489 0
1450.35 -393.765 0
1018.26 370.057 0
999.921 335.514 0
997.013 370.876 0
1243.13 332.258 0
1211.83 396.554 0
1198.4 447.04 0
1433.02 343.904 1
1386.02 223.91 0
1470.51 74.6815 0
1506.98 77.7667 0
