-4.79151 -15.4296 0
-15.9385 -52.4846 0
-22.6918 -67.5145 0
-10.0777 -77.9479 0
119.456 -161.373 0
220.577 -232.191 0
184.758 -403.226 1
-158.362 -288.276 1
-168.934 -263.746 0
-108.492 -225.655 0
-48.7642 -149.663 1
-275.951 22.8248 1
-231.864 21.8992 0
-7.40048 1.86944 1
-14.799 54.3087 1
-79.7951 62.1746 0
-94.7343 75.5117 0
-89.6434 55.896 0
-92.1069 68.1965 0
-45.5967 -24.7848 0
-7.32491 -106.163 0
81.6844 -153.454 0
474.484 -395.408 0
155.814 -236.014 0
-56.3766 -102.34 0
49.3688 -16.4877 0
-89.572 214.348 1
-106.584 170.958 0
-949.649 -389.918 0
-1021.23 -388.59 0
-956.684 -369.989 0
-953.481 -412.722 0
-985.457 -381.695 1
-1051.59 -347.138 1
-1235.73 -376.203 0
-1012.91 -703.332 0
-1871.95 -493.862 0
-1872.59 -497.815 0
-2076.89 -468.158 0
-2120.96 -444.943 0
-2165.37 -397.572 0
-2214.94 -382.481 0
-369.559 -784.526 0
33474.8 -1624.49 1
33057.4 -1694.43 0
33016.8 -1627.58 0
32934.4 -1623.99 0
32922.7 -1569.22 0
32848.4 -1509.27 0
32751.5 -1474.41 0
32741.7 -1435.13 0
32707.7 -1409.89 0
32559.5 -1398.82 1
36830 -1259.24 1
36807.3 -1261.09 0
36829.5 -1226.21 0
36816.1 -1264.74 1
37801.9 -1029.08 1
37826.6 -1041.8 0
37833 -945.69 0
37820.3 -925.786 0
37730 -948.278 0
38858 -1060.03 0
38830.3 -1022.95 0
38837.1 -1030.04 1
38831.9 -1007.17 1
38816.1 -1007.91 0
38744.6 -1134.85 0
38714.5 -1149.96 0
38671.9 -1160.22 0
38577.9 -1117.79 1
38605.8 -988.278 1
38615.7 -1017.65 1
