-2.34651 -10.6369 0
124.038 -174.261 0
99.5809 -168.271 0
159.664 -131.745 0
208.006 -62.3886 0
241.743 -35.335 0
250.305 -23.0955 0
296.466 -46.2382 1
669.244 -441.398 1
680.578 -432.39 0
667.225 -410.989 0
633.675 -383.521 0
677.751 -355.92 1
1096.53 -161.287 1
1085.59 -81.2352 0
1088.42 -34.1583 0
1081.87 -7.21341 0
1105.72 -18.8316 0
1167.66 -112.264 0
1211.82 -124.77 0
1207.89 -132.786 0
1610.52 -226.979 1
1570.37 -260.31 0
1441.19 -275.435 0
1393.09 -295.134 0
1349.97 -241.088 0
1445.91 -103.898 0
1509.38 -129.283 0
1486.71 -102.702 0
1503.45 -120.012 0
1488.25 -117.922 0
1479.28 -83.0739 0
1411.84 -94.8805 1
-522.559 -566.09 1
-432.97 -454.216 0
-469.192 -422.085 1
3289.59 -716.307 1
