-46.3941 -137.899 0
-87.2583 -578.749 0
-64.2521 -639.794 0
-24.0079 -658.781 0
21.9166 -669.82 0
94.2185 -718.974 0
64.6486 -775.35 0
96.1804 -785.426 0
210.978 -827.842 0
241.341 -851.699 0
257.208 -798.981 0
184.257 -714.64 0
258.658 -681.246 0
151.195 -324.879 0
143.138 -279.65 0
144.208 -206.425 0
163.314 -181.079 0
158.28 -156.485 0
209.682 -164.647 0
191.578 -135.257 0
293.448 -121.606 1
343.698 -38.0418 1
309.973 67.9745 0
299.864 96.3852 0
314.281 93.7898 0
354.482 71.7805 1
1123.54 609.262 1
1177.17 517.329 0
1166.25 456.67 0
1156.63 422.652 0
1102.53 388.698 0
1060.93 370.79 0
1040.39 335.854 0
1013.34 327.805 0
1028.09 309.548 0
1413.04 408.158 0
1389.54 374.484 1
1266.04 718.014 1
1266.39 720.453 0
1289.35 415.031 0
1649.28 272.306 0
1180.29 379.909 0
1423.8 329.814 0
1452.34 348.716 1
2960.49 224.262 1
2932.94 211.957 0
2915.99 166.079 0
2892.39 141.576 0
2858.1 145.226 0
2804.06 157.661 0
2833.23 51.1979 0
2914.83 24.6223 0
2910.67 124.954 0
2961.58 261.549 0
3003.16 289.753 0
3098.76 301.496 0
3109.58 328.424 0
3181 340.891 0
3186.81 341.71 0
3311.2 454.423 1
3351.08 430.842 1
4296.13 55.4445 0
4235.11 85.2139 1
3952.08 -204.387 1
3481.17 -1003.61 0
3886.42 -1206.12 0
