19.7128 -31.1258 0
-52.4659 10.1259 0
-54.3752 -23.0257 0
-43.3443 -19.0286 0
-67.9621 -31.3064 0
-83.6521 -9.3817 0
-30.8034 17.9118 0
-31.8938 0.40341 0
-89.4904 366.754 0
-43.2763 356.696 0
133.685 162.454 0
113.025 121.21 0
125.145 210.97 0
131.956 162.236 0
31.4953 321.371 0
-45.3993 278.808 1
429.495 115.647 1
421.351 134.755 0
428.808 154.347 0
441.636 139.826 0
439.594 181.964 1
513.813 167.91 1
564.701 74.3164 0
551.734 144.269 0
529.277 181.132 0
507.28 366.032 0
468.435 376.845 0
455.607 380.443 0
444.696 378.383 0
502.589 363.619 0
636.564 127.892 1
507.563 200.457 0
540.47 178.358 0
549.203 233.42 0
926.879 204.551 0
955.91 235.118 0
946.114 246.418 0
1041.58 331.781 1
1199.01 466.645 0
1249.75 191.795 1
1263.68 211.923 0
1034.04 246.247 0
905.053 272.767 0
896.936 313.753 0
867.868 351.075 0
807.933 355.166 0
878.528 290.17 0
1122.74 196.04 0
1140.66 122.138 0
1128.95 119.129 0
1077.55 150.877 0
1317.43 191.61 0
1327.83 190.405 0
3182.41 -712.171 0
