-3.19291 43.3981 0
-19.3348 88.8476 0
-7.3553 132.931 0
35.4529 180.503 0
69.6726 112.773 0
111.632 113.29 1
4.14281 -43.1498 1
26.635 -32.4095 0
-23.2425 -51.7175 0
28.1139 -84.5837 0
51.3118 -110.438 0
33.8146 -130.163 0
-24.0171 -106.336 0
17.6218 -77.323 1
97.9323 -21.0733 1
82.5966 -7.85224 0
81.787 -26.6548 0
97.3051 1.35532 0
121.246 43.293 0
62.9869 90.5764 0
32.8457 141.151 0
88.8077 164.613 0
94.9767 158.453 0
104.381 154.654 0
168.624 233.138 0
151.615 373.288 0
144.908 437.961 0
167.853 465.727 0
153.963 449.598 0
179.23 347.52 0
699.21 -133.613 0
746.72 -192.199 1
358.842 -325.11 1
325.57 -223.954 0
303.008 -262.193 0
276.646 -284.434 0
292.12 -334.183 1
796.817 -208.533 1
816.677 -249.326 0
808.348 -242.702 0
732.101 -192.848 0
682.635 -100.707 0
758.72 387.804 0
793.524 -202.905 0
832.967 -191.863 0
-2299.07 -621.463 1
-2304.4 -599.213 0
-2225.44 -625.368 1
926.367 189.806 1
913.714 135.159 0
863.21 173.953 0
798.121 155.515 0
728.255 111.541 0
1072.26 326.367 0
1069.96 359.329 0
1098.55 383.405 0
1078.37 140.24 0
1145.4 196.125 0
1099.62 129.486 1
3610.88 971.322 1
