-368.036 509.36 0
-500.459 983.306 0
3573.46 2487.53 0
3879.8 1099.54 0
3857.84 1038.07 1
3855.75 993.986 0
3907.15 1035.27 0
3959.57 1086.9 1
3940.27 1147.3 1
4024.35 1593.59 0
3997.81 1673.75 0
4014.81 1680.46 0
4038.35 1695.79 0
4025.33 1851.35 0
4049.69 1782.45 0
4020.79 1782.85 0
3947.56 2194.31 1
3994.62 2073.31 1
4031.86 2113.6 0
4030.37 2134.45 0
4021.62 2139.24 0
4050.94 2134.2 0
4084.23 2112.19 1
5412.4 3188.91 1
5364.23 3304.17 0
5329.49 3342.6 1
5518.32 3733.39 1
5519.66 3706.06 0
5497.56 3721.01 0
5537.48 3689.28 0
5575.6 3638.58 0
5630.44 3519.65 1
5639.32 3514.35 1
5672.35 3528.92 0
5745.27 3524.31 0
5670.44 3520.86 0
5709.75 3592.75 1
5748.08 3438.69 1
5792.45 3442.61 0
5633.53 3404.44 0
5637 3415.26 0
5633.38 3408.03 0
6899.59 2858.14 0
6878.22 2835.08 0
6644.34 2775.28 0
6601.69 2744.52 0
6537.69 2713.58 0
6539.72 2656.44 0
6515.6 2687.39 0
6522.33 2755.92 0
6761.44 2865.09 0
6790.18 2757.82 0
6785.04 2733.74 0
6977.51 2593.01 0
6795 2311.18 0
6735.38 2336.1 0
6734.33 2331.13 0
6778.82 2112.11 1
6764.53 2110.45 0
6717.43 2132.16 0
6711.13 2137.68 1
7134.98 2772.9 1
7029.64 2571.36 0
7028.69 2517.49 0
7220.09 2515.44 0
7204.35 2560.5 0
7164 2500.14 0
7125.08 2498.68 0
7122.51 2509.23 0
7147.16 2533.16 0
7332.24 2449.54 0
7551.84 2451.46 1
