-14.2335 16.0173 0
11.3 -18.3929 0
-38.5215 -9.14286 0
3.87239 33.0536 0
2.78179 86.8936 0
71.9334 115.679 0
-70.3009 225.537 0
-144.583 305.908 0
-124.952 265.689 1
-197.97 631.669 1
-201.191 -173.078 0
-211.406 -156.867 0
-262.913 -181.701 0
-218.972 -141.637 0
-146.744 -78.7348 0
-762.706 79.2775 0
-1165.62 -53.3577 0
57.6355 -134.177 1
86.6952 31.7691 0
103.924 76.6815 0
100.669 204.779 0
196.69 75.6902 0
113.272 399.351 0
126.625 456.441 0
151.968 492.266 0
213.66 451.873 1
195.145 452.044 1
134.237 609.429 0
170.103 597.723 0
164.873 601.951 0
203.748 584.069 1
512.977 -32.3141 1
473.953 -1.81897 0
160.192 574.213 0
