-6.94124 23.7299 0
-45.114 19.6193 0
-26.274 20.2368 0
-26.3223 10.0024 0
-47.1687 -7.07758 0
-49.031 -33.773 0
-42.5947 -25.4536 1
497.496 76.3402 1
503.079 -93.5591 0
533.85 -63.4446 0
459.721 89.8572 0
367.5 150.439 0
469.68 100.828 0
680.784 -24.5911 0
690.675 7.08977 0
717.916 51.8894 0
701.541 140.92 0
638.222 38.9946 0
638.205 119.673 0
644.517 143.671 0
656.432 143.668 0
672.157 144.007 0
699.017 94.8386 1
710.512 118.043 1
739.855 143.879 0
791.059 152.057 0
735.268 213.372 0
746.877 251.575 0
757.911 243.582 0
794.192 167.061 0
836.447 64.2328 0
904.556 -54.6362 0
847.71 466.188 0
821.306 668.812 0
841.13 693.013 0
825.823 606.803 0
879.792 615.108 0
707.673 660.473 0
824.895 1115.07 0
907.149 1214.08 1
986.066 1128.38 0
1195.89 794.635 1
1241.47 767.798 0
968.175 658.122 0
971.49 658.078 0
995.33 641.274 0
1036.22 684.723 0
1038.24 770.92 0
1103.35 919.017 1
1114.16 1296.82 1
871.667 1582.12 1
1697.6 1184.13 1
1665.82 1233.88 0
2374.49 1020.23 0
