49.0204 20.0137 0
247.404 255.664 0
214.175 311.821 0
259.619 291.587 0
258.674 78.3835 0
152.004 -14.1591 0
-337.224 -493.475 0
-331.092 -576.528 0
-182.582 -519.403 0
-55.4888 -615.505 0
-147.309 -657.152 0
103.653 -666.608 0
173.421 -782.09 0
186.555 -959.425 0
95.6252 -456.896 0
93.5363 -357.741 0
21.3712 -290.947 0
368.941 -202.047 0
564.489 -773.495 0
614.139 -698.719 0
617.28 -720.525 0
597 -791.127 0
614.995 -871.656 0
866.13 -2379.25 0
837.443 -2316.32 0
774.524 -2249.07 0
705.019 -2056.79 0
641.028 -2157 1
647.377 -2166.83 1
642.286 -2167.11 0
629.833 -2179.16 0
634.723 -2203 0
679.894 -2202.09 0
702.696 -2147.23 1
755.377 -2146.52 1
766.303 -2111.94 0
785.665 -2093.33 0
815.848 -2080.93 1
857.942 -2081.84 1
759.558 -1988.46 0
739.233 -1901.51 0
751.719 -1829.06 1
78.7689 -1803.94 1
342.788 -1645.35 0
66.9499 -1316.85 0
99.9919 -1270.26 0
78.924 -1022.73 1
2.15997 -1372.4 0
117.94 -1341.1 0
112.293 -1412.69 0
147.38 -1368.15 0
198.506 -1292.1 0
285.139 -1210.39 0
300.199 -1192.32 1
236.904 -1305.11 1
288.701 -1245.8 0
276.759 -1053.16 0
207.531 -997.231 1
514.687 -1398.35 1
546.029 -1530.29 0
540.075 -1527.94 0
528.372 -1613.62 0
479.544 -1585.56 0
427.871 -1598.2 0
380.75 -1631.89 0
318.85 -1695.01 0
369.143 -1842.91 0
425.073 -1844.62 0
556.19 -1946.97 0
703.994 -2273.82 0
695.475 -2214.42 0
686.669 -2218.36 0
686.921 -2270.99 1
785.244 -2256.89 1
810.729 -2374.83 0
770.99 -2374.57 0
875.146 -2388.57 0
1448.15 -2884.49 0
8407.48 -18334.6 0
40492.3 -40861.8 0
