7.86979 16.2541 0
116.229 45.7753 0
-39.2146 207.846 0
-155.657 373.127 0
-164.762 414.41 0
-161.244 435.642 0
-162.818 442.298 0
-142.34 475.942 0
-138.56 467.461 0
-156.365 450.302 0
-161.682 450.466 0
-130.935 424.649 0
-141.727 420.882 0
-143.474 414.702 1
371.428 309.867 1
333.013 411.673 0
369.097 397.368 0
394.709 450.727 0
446.745 413.872 0
468.818 363.913 0
453.68 322.598 0
464.191 298.028 0
495.29 314.043 0
493.993 323.874 0
480.061 310.562 0
418.487 347.358 0
430.918 430.645 0
483.132 473.082 0
468.648 452.709 0
484.78 392.825 0
514.281 449.783 0
428.314 351.074 0
335.627 67.3021 0
280.157 24.2341 0
280.573 35.5383 0
398.389 139.354 1
330.356 -119.982 1
-680.788 -492.847 0
-686.725 -508.894 0
-685.52 -491.701 0
-679.66 -484.544 0
-715.588 -547.406 1
-5014.13 -455.429 1
-5010.93 -363.58 0
-4802.19 -256.569 0
-4885.96 -277.287 1
18443.6 404.731 1
