55.4493 59.3255 0
62.8314 111.156 0
70.6501 128.863 0
153.114 220.562 1
212.764 187.984 1
266.602 148.826 0
197.411 351.898 0
173.069 428.688 0
204.892 403.53 0
526.669 91.2222 0
522.959 44.6236 0
464.894 53.2284 0
470.36 64.6098 0
507.554 82.5564 0
548.278 146.056 0
530.773 204.982 0
489.476 255.657 0
512.685 282.161 0
511.071 312.606 0
518.036 295.495 0
500.87 267.085 0
462.73 250.016 1
-403.977 -5.01801 1
-405.274 -22.1523 0
-302.444 -93.4204 0
-270.522 -103.374 0
-262.495 134.885 0
920.542 -400.251 0
920.426 -386.479 0
843.928 -380.44 0
926.324 -332.043 0
922.201 -316.876 0
849.633 -48.7842 0
923.264 -24.6636 0
832.692 17.6924 0
841.39 41.2352 0
844.487 25.4449 0
778.275 54.2893 0
738.049 130.143 0
820.099 140.921 0
894.807 165.716 0
923.971 167.555 0
1285.65 568.927 0
1285.48 628.662 1
1286.72 629.758 1
1319.07 631.866 0
1344.45 624.418 0
1329.4 610.182 0
1362.1 615.081 1
1453.36 635.379 1
1420.8 644.837 0
1318.22 600.914 0
1355.25 615.627 1
1692.69 462.02 1
1702.1 367.259 0
1708.38 374.866 0
1671.11 387.517 0
1699.15 418.995 0
1741.32 433.012 0
1584.93 508.1 0
1560.08 534.662 0
1554.87 570.713 0
1541.67 590.166 0
1546.98 583.725 0
1560.83 567.509 0
1517.89 587.351 0
1635.93 371.593 0
1775.62 206.522 0
1681.73 950.903 0
