-72.6973 -55.044 0
-33.6092 -16.0914 0
-17.6129 -2.18855 0
-38.3139 -28.3018 0
-1.90217 -83.0823 0
24.2162 -80.3498 0
-25.9273 15.1011 0
-30.561 50.3844 1
101.03 -15.6076 1
122.821 -53.3902 0
175.76 -21.4499 0
194.95 14.1638 0
110.183 64.9195 0
231.337 -76.9374 0
-120.571 170.903 0
-173.856 203.955 0
-349.075 189.801 0
-318.251 228.769 0
-1042.65 164.923 0
-992.373 218.897 0
-1975.9 177.515 0
-1967.18 197.61 0
-1726.09 273.366 0
-1653.08 297.002 0
-1693.66 279.558 0
-1547.2 336.715 0
-1461.7 321.836 0
-1383.73 277.704 0
-1294.37 240.377 0
-1074.69 238.027 0
-1073.38 200.318 0
-1134.1 192.421 0
-1287.83 244.601 0
-1271.88 261.412 1
-1010.85 -346.397 1
-1044.08 -360.105 0
-960.223 -1365.72 0
-966.344 -1527.05 0
-952.973 -1557.39 0
-933.66 -1610.4 0
-977.741 -1588.61 0
-983.727 -1582.8 0
-657.778 -1574.63 0
-455.538 -1796.84 0
-446.419 -1731.91 1
-3264.29 -3266.56 1
-2860.72 -3190.95 0
-2720.05 -2991.86 0
-2037.27 -2960.81 0
-2015.62 -2842.02 0
-2009.89 -2799.68 0
-2027.03 -2793.27 0
-2016.15 -2782.37 0
-2033.24 -2787.62 0
-1965.31 -2773.06 0
-1920.17 -2730.26 0
-1926.07 -2709.7 0
-1857.01 -2658.43 0
-1859.37 -2589.82 0
-1877.22 -2555.61 0
-1867.78 -2521.89 1
-1853.53 -2484.23 1
-1828.67 -2417.59 0
-1824.47 -2348.95 0
-1860.04 -2233.54 0
-1909.49 -2163.86 0
-1915.15 -2139.96 0
-2031.84 -2297.37 1
-2034.35 -2290.75 1
-2018.65 -2244.17 0
-1994.14 -2307.31 1
-2476.17 -1781.29 1
-2491.24 -1798.92 0
-2536.44 -1794.48 0
-2593.32 -1875.45 0
-2121.98 -2176 0
-2092.43 -2291.87 0
-2029.62 -2321.94 0
