-46.9633 -58.0896 0
29.5879 44.3128 0
-8.38448 221.3 0
-54.202 250.51 0
-16.7418 242.235 0
35.0614 9.38818 0
-73.7369 59.1273 0
-19.9818 91.3255 1
110.657 109.897 1
-663.992 -448.631 0
-602.303 -445.731 0
-602.502 -389.556 0
-565.329 -332.353 0
-558.487 -267.187 0
-574.466 -207.372 0
-472.64 -116.787 0
-536.907 59.992 0
-512.707 103.883 0
-484.419 86.734 0
-369.652 -78.9443 0
-267.21 1.74785 0
-270.32 -17.8317 0
-383.887 33.0324 0
-353.184 18.5461 0
-386.796 39.3005 0
-338.7 62.4807 0
-217.323 -0.343437 0
101.152 -130.68 0
158.847 -130.784 0
194.391 -123.482 0
215.965 -132.844 0
236.819 -115.988 0
218.494 -105.73 0
161.225 -3.12278 0
-106.188 98.0595 0
-110.994 129.263 0
-36.0354 87.2263 0
-27.3818 110.893 0
52.0675 112.594 0
60.2123 205.381 0
188.261 175.225 0
141.272 149.136 0
174.125 250.073 0
196.969 244.689 0
227.124 221.762 1
410.74 -139.36 1
407.82 -112.181 0
411.616 -64.5833 0
423.258 10.9643 0
421.257 103.502 0
398.655 117.665 0
527.02 66.7779 1
556.148 21.5609 1
764.958 334.762 0
790.361 349.222 0
826.502 325.909 1
828.846 290.725 1
763.041 280.305 0
473.378 -122.791 1
526.275 -210.82 0
585.593 -263.009 0
607.228 -292.064 0
695.977 -280.626 0
609.424 -219.228 0
749.01 -229.532 0
787.858 -179.874 0
825.365 -190.115 0
-190.3 -619.729 0
-180.834 -647.219 0
-174.881 -639.313 0
-172.337 -624.283 0
-152.72 -656.523 1
2211.27 -358.758 1
