-73.7572 -16.6573 0
-61.5468 28.5035 0
-27.88 117.456 0
140.052 145.673 0
143.36 203.133 0
116.576 271.619 0
92.1413 328.898 0
59.1352 356.296 0
120.037 248.679 0
133.095 435.517 0
113.78 453.421 1
77.3144 453.327 1
85.2061 474.9 0
58.0094 450.913 0
77.8155 462.577 0
63.3675 417.695 0
15.4659 420.399 0
66.3747 404.908 0
77.3906 406.227 0
127.817 447.096 0
145.296 485.77 0
216.938 462.868 0
233.966 431.033 0
212.38 419.229 0
182.115 398.237 0
10.5986 419.897 0
136.414 319.955 0
295.335 209.585 0
310.687 153.67 0
393.952 54.8185 0
403.756 63.2184 0
347.239 101.693 0
276.039 192.321 0
306.634 193.293 0
314.446 182.85 0
352.323 228.39 0
330.549 162.352 0
335.16 203.104 0
354.312 231.729 0
353.033 284.125 0
376.016 305.983 0
348.215 341.547 0
293.854 344.66 0
236.25 349.356 0
266.934 275.294 1
332.059 288.985 1
428.18 331 0
465.744 397.002 0
458.029 462.413 0
470.962 554.162 0
452.001 557.241 0
470.662 594.925 0
569.461 438.283 1
593.322 419.148 0
633.309 398.397 0
780.398 414.366 0
818.347 382.169 0
834.833 350.738 0
812.464 334.615 0
739.555 278.279 0
773.232 174.043 0
848.257 308.752 0
861.403 306.826 0
897.32 300.345 0
962.699 290.464 0
1053.6 256.795 0
907.122 328.47 0
1088.95 188.291 0
883.19 264.588 0
796.292 254.782 0
691.479 303.673 0
743.765 346.289 0
732.532 357.103 0
341.96 152.475 0
945.323 94.1504 0
803.288 275.03 0
741.046 395.226 0
783.775 395.841 0
559.046 437.603 0
574.729 372.209 0
675.921 608.807 0
645.116 681.816 0
