-22.049 -54.431 0
-16.8431 -16.0395 1
-38.5039 195.001 1
-79.9385 163.55 0
-169.632 142.585 0
-101.169 269.53 0
-230.442 328.083 0
-101.095 308.239 0
-132.879 -110.66 0
-159.124 -99.578 0
-150.773 -40.1516 0
-106.992 -2.4615 0
-60.108 46.4106 0
8.85859 119.134 0
-24.7753 174.8 0
-12.9374 207.731 0
-230.5 278.791 0
-147.578 259.949 0
-290.499 125.926 0
-302.847 119.6 0
-324.414 109.797 0
-304.019 81.6753 0
-268.346 179.555 0
-267.227 186.745 0
-259.129 204.067 0
-283.8 228.291 0
-245.481 179.198 0
-207.317 127.51 0
-59.9269 161.852 0
-40.238 170.547 0
-117.25 228.063 0
-55.7499 270.437 0
-62.8342 332.056 0
-86.323 366.191 0
-310.357 297.225 0
-803.912 336.919 0
-779.194 328.807 0
-922.92 392.643 0
-909.913 418.104 0
-912.206 444.041 0
-91.2159 829.633 0
-71.6718 894.114 0
-69.8528 978 0
-1489.14 -2389.3 0
-1537.29 -2372.99 0
-1564.24 -2386.23 0
-1780.29 -2392.75 0
-1749.53 -2315.49 0
-1714.41 -2317.31 0
-1770.58 -2273.06 0
-2362.35 -2358.17 0
-2338.61 -2372.55 0
-2223.94 -2357.11 1
17073.3 570.752 1
16938.8 355.763 0
16807 87.7674 0
16895.7 352.11 0
16794.4 389.388 1
15309 -962.259 0
15322.3 -927.575 0
15419.4 -967.172 0
15435.4 -1038.68 0
15406.1 -993.412 0
15367.1 -959.772 1
15982.2 -621.864 1
15175.1 -565.14 0
15326.6 -186.545 0
15378.2 -459.562 0
15344.8 -491.601 0
15475.7 -494.783 0
15482.3 -469.367 0
15509.8 -434.368 1
13567.3 -819.645 1
13275.5 -636.563 0
13580.3 -543.146 0
13600.9 -517.003 0
13622.9 -530.813 0
13661.4 -565.331 0
13843.1 -546.788 0
13699.5 -463.046 0
14164.4 -418.719 1
14138.1 -430.932 0
14088 -426.593 0
14092.5 -369.85 0
14133.7 -340.269 1
14116.2 -337.956 1
