49.0404 -55.1775 0
133.488 -72.9096 0
37.6035 -39.4961 0
105.542 -57.3283 0
-42.9816 40.553 0
1.85837 69.9474 0
36.0777 56.2638 0
68.2801 27.1502 1
-293.456 -277.716 1
-302.187 -265.565 0
-301.067 -253.818 0
-302.399 -248.587 0
-294.709 -241.004 0
-301.551 -243.345 0
-980.956 320.604 0
-1000.78 294.426 1
-377.726 55.9975 1
-428.373 -40.8436 0
-471.346 -42.0716 1
-451.074 -45.0897 1
-435.545 -27.1685 0
-640.682 196.632 0
-421.713 163.588 0
-278.561 -201.5 0
-868.621 -572.917 0
-877.499 -593.91 0
-854.828 -654.204 0
-936.756 -618.526 1
-998.029 -590.618 1
-826.473 -371.164 0
-544.589 -436.71 0
-471.975 -470.615 0
-449.777 -474.686 0
-296.004 -444.612 1
1869.62 -1104.56 1
1881.51 -1115.64 0
1841.13 -1144.46 0
1845.89 -1058.15 0
1852.36 -880.552 0
1787.37 -853.611 0
1794.59 -861.759 0
1702.66 -871.127 0
2537.8 -592.959 0
2578.77 -591.813 0
2659.55 -568.158 0
2409.66 -454.548 0
2431.97 -447.893 0
2439.78 -750.858 0
2450.94 -709.119 0
2437.62 -629.38 0
2366.38 -441.928 0
2403.87 -411.255 0
2418.57 -397.727 0
2924.07 -550.209 0
2189.55 -194.688 0
2175.26 -201.607 1
2139.69 -173.904 1
1797.77 86.1457 1
1801.67 101.553 0
1778.29 29.8566 1
1375.26 179.018 1
1418.29 147.812 0
835.864 279.057 1
816.573 227.527 0
1450.32 288.909 0
1742.73 -74.2106 0
1804.69 -99.8837 0
1890.58 -110.034 0
1816.01 -104.033 0
1887.78 -136.881 1
4451.33 488.948 1
4427.75 563.188 0
4504.25 333.294 1
4481.8 402.857 0
4472.84 437.488 0
4429.56 370.267 0
4457.22 378.218 0
4417.54 376.61 0
4448.1 391.341 1
4389.21 402.567 1
4478.83 410.898 0
4476.58 413.985 1
4514.84 422.837 1
4496.06 472.449 0
4594.76 437.404 0
4571.77 471.723 0
4498.32 593.327 1
3244.34 893.796 1
3563.08 693.104 1
3531.97 649.155 0
3550.24 659.162 0
3530.64 696.947 0
3478.55 707.986 0
3457.63 675.039 0
3525.05 615.608 1
4130.61 -351.17 1
4112.92 -247.466 0
