-8.21186 -98.24 0
8.3752 -122.875 0
17.4428 -124.231 0
70.5474 -125.224 0
118.63 -198.487 0
318.359 -164.509 0
290.627 -67.9589 0
171 -66.6204 0
141.384 -57.547 0
121.848 -34.731 0
115.184 -14.5384 0
112.376 3.93026 0
80.2468 16.8416 0
22.9564 42.2001 0
0.27589 59.7573 0
64.3448 47.7851 0
-343.441 146.271 0
-313.447 84.226 0
-192.798 153.452 0
-205.355 148.774 0
-227.37 136.25 0
-259.108 167.278 0
-279.576 67.5335 0
-295.396 115.385 0
-266.184 134.528 0
-358.555 191.241 0
-61.944 223.965 0
-319.994 135.854 0
-277.141 101.584 0
-219.086 124.294 0
-528.14 664.216 0
-573.237 717.576 1
-538.576 800.03 0
-609.568 831.812 1
-591.58 899.967 1
-630.82 1235.92 1
83.8795 648.858 0
120.473 608.372 0
855.097 461.239 0
870.789 477.238 0
868.557 521.405 0
870.734 546.707 0
872.548 598.698 0
626.005 664.289 0
630.051 740.994 0
696.75 794.589 0
732.593 816.517 0
853.117 775.574 0
870.795 832.981 0
886.453 873.079 0
905.189 884.408 0
997.932 955.243 0
967.142 987.054 0
930.756 957.46 0
938.217 911.692 0
908.885 820.273 0
901.101 807.874 0
886.472 884.544 0
910.862 843.454 0
1140.82 344.609 0
1199.41 398.594 0
1179.09 393.94 0
895.164 447.646 0
852.39 455.85 0
887.971 557.092 0
521.801 507.482 1
621.979 500.221 1
775.427 594.899 0
850.229 557.842 0
897.557 471.022 1
1266.83 733.543 1
1290.4 739.399 0
1314.22 728.218 0
1374.25 735.665 0
1383.26 742.163 0
1644.31 654.406 0
1765.53 703.758 0
1618.96 768.66 0
1598.32 835.56 0
1535.13 1019.33 0
1715.95 927.01 0
