-2.27511 61.4192 1
39.5429 33.2234 0
25.7131 -56.1723 1
9.28947 -88.9044 0
-4.34785 -139.363 0
-58.9571 -214.737 0
-107.005 -221.927 0
52.4235 -205.024 0
47.3293 -174.819 0
11.5872 -127.237 1
-41.8315 -45.656 1
-76.4897 2.88029 0
-102.023 78.3491 0
-3.15096 155.387 0
78.9715 231.763 0
96.7846 259.85 0
139.856 170.834 1
121.203 176.684 1
130.377 129.57 0
-272.941 0.0782928 0
-287.708 7.80371 0
-18.5976 90.7124 0
-8.70978 76.2418 0
90.4948 10.0894 0
47.0348 -46.8637 0
21.113 -26.1752 0
-12.1106 4.21955 0
-25.8418 5.51418 0
-18.2965 44.7406 1
380.808 -89.3856 1
356.929 -109.745 0
304.787 -96.9789 0
233.516 12.5116 0
41.7148 131.605 0
11.2882 171.905 0
12.2206 204.747 0
22.2007 219.68 0
-206.791 143.642 0
-251.747 140.805 0
-263.711 146.765 0
3.52652 12.1183 0
-16.2046 -65.3061 0
-298.377 -153.014 0
-314.609 -161.467 0
-356.138 -195.616 0
-321.519 -190.744 0
-403.902 -192.958 0
-374.753 -143.577 0
-475.635 -46.0224 1
-474.504 35.951 1
405.593 170.342 0
521.263 213.028 0
483.25 149.308 0
439.322 244.897 0
483.78 238.052 0
1127.93 -160.075 0
1336.25 -246.607 0
1334.03 -108.335 0
1397.59 -331.359 0
1335.33 -310.87 0
1294.32 -239.542 0
1250.01 -234.826 0
1356.92 -163.564 0
1334.19 -228.801 0
1227.82 -357.342 0
1265.5 -269.969 0
1286.75 -96.3876 0
1510.34 -326.236 0
1492.39 -310.564 0
1547.19 -273.982 0
1306.09 272.067 0
1269.15 270.329 0
1245.02 324.363 0
1160.21 405.159 0
1135.17 349.509 0
1105.78 247.529 0
1099.44 189.545 0
1241.15 183.893 0
1180.53 160.617 0
1181.47 183.112 0
1277.45 282.799 0
1991.59 284.626 0
2038.22 283.393 0
2142.01 311.224 0
2197.34 229.914 0
2222.6 239.559 0
2185.5 199.591 0
1870.07 -541.99 0
1817.83 -535.337 0
