116.06 125.427 0
396.004 266.355 0
301.161 353.918 0
341.208 385.407 1
522.238 204.096 1
553.566 142.683 0
684.265 -47.2571 0
887.763 15.5802 0
866.091 150.672 0
822.685 172.213 0
806.014 219.726 0
830.201 34.5718 0
942.085 51.3863 0
933.366 107.177 0
958.375 54.1796 1
992.563 -141.032 1
1016.72 -112.627 0
1063.06 -65.6509 0
903.81 -18.7804 0
901.944 6.00482 0
902.976 17.932 0
919.566 43.5121 0
924.144 57.8951 0
939.634 40.791 1
872.825 -189.416 1
909.332 -228.791 0
922.802 -316.414 0
929.297 -351.553 0
918.485 -361.293 0
912.107 -412.243 0
941.562 -453.708 0
953.763 -559.437 1
1007.39 -136.828 1
1024.34 -118.604 0
1039.2 -63.301 0
1062.02 -81.1414 0
1057.29 -14.3388 0
971.372 16.7829 0
1014.59 19.805 0
1064.77 -25.576 0
1134.14 -10.0122 0
1006.76 -77.7021 0
1076.42 -29.1735 0
547.624 256.759 0
774.595 223.269 0
1812.16 360.743 1
1764.34 143.053 0
1697.8 116.574 0
1696.44 84.2589 0
1607.11 40.3516 0
1520.25 37.5321 0
2084.45 418.944 0
2815.25 454.091 0
2906.87 485.412 1
2941.25 446.222 1
2920.08 435.983 0
