24.5934 35.9652 0
138.483 148.414 0
149.804 141.248 0
155.656 121.123 0
99.0597 -236.131 1
87.5212 -194.728 0
80.2755 -209.11 0
-117.145 158.419 0
-145.194 139.218 0
-132.865 105.502 0
-67.4756 105.816 0
-147.423 116.473 0
-232.75 70.1622 0
-382.39 269.053 0
-433.584 299.44 0
-407.475 362.103 0
47.3492 557.322 0
5.1234 440.863 0
31.4585 383.802 1
-441.338 757.068 1
-323.714 726.672 0
-348.409 734.287 0
-286.817 749.712 0
-203.612 774.15 0
186.388 900.291 0
203.832 833.39 0
223.531 800.678 0
490.635 842.381 0
217.187 844.509 0
171.509 849.404 0
350.584 915.032 0
362.89 905.517 0
376.341 878.285 1
365.204 878.921 1
388.273 907.409 0
384.629 885.613 0
230.939 905.147 0
547.953 857.828 0
565.093 870.812 0
358.926 1002.45 0
507.556 1121.02 0
561.941 1109.05 1
777.407 893.119 1
764.514 893.167 0
622.517 906.342 0
590.754 933.058 0
574.599 949.426 0
542.722 985.257 0
615.347 960.138 0
646.283 908.97 0
764.913 887.292 0
692.308 965.509 0
690.211 956.061 1
648.059 972.268 1
754.017 959.165 0
751.644 1205.6 1
627.792 1371.49 0
632.365 1414.72 1
400.202 1331.61 1
507.763 1280.53 0
497.207 1231.43 0
758.155 1297.94 0
792.228 1281.99 0
474.206 1303.67 0
408.819 1377.27 0
407.34 1389.92 0
402.622 1410.94 0
397.172 1404.66 0
