3.63546 47.0729 0
-4.08759 66.3344 0
18.2805 52.5369 0
80.7941 -48.5872 0
125.217 -60.0884 0
120.658 -68.9974 0
598.908 -151.839 0
538.786 -156.831 0
299.084 -108.162 0
253.711 -114.842 0
213.097 -60.6128 0
325.469 19.8781 0
386.763 -11.6993 0
364.61 13.4089 0
389.719 -19.4072 0
373.388 -19.3795 0
365.822 6.58225 0
337.011 12.9956 1
-858.942 -136.916 1
-830.305 -76.8346 0
-865.481 -43.0018 0
-648.852 -66.8351 0
-656.252 -108.118 0
-806.677 -110.307 0
-981.027 177.916 0
-1007.44 211.611 0
-1008.62 216.251 1
-4025.06 241.662 1
-3317.72 206.24 0
-3332.64 229.349 0
-3326.75 276.811 0
-3279.1 284.6 0
-3277.12 279.113 1
-3194.03 405.006 1
-3214.37 372.031 0
-3261.11 349.258 0
-3292.99 318.642 0
-3257.54 248.459 1
-3056.65 360.925 1
-3081.38 412.394 0
-3282.97 536.302 0
-3280.05 420.448 0
-3183.42 422.995 1
-2906.7 424.009 1
-2858.28 412.743 0
-2905.73 410.995 0
-2984.07 394.765 0
-3080.9 564.562 0
-3114.52 547.672 0
-3152.62 521.131 0
-3178.97 489.668 1
-1851.08 302.31 1
-1829.57 290.522 0
-1799.61 288.695 0
-1684.54 391.34 0
-1587.12 301.191 0
-1078.47 -97.8544 0
-1069.03 -66.3098 0
-1081.16 -87.4258 0
-945.216 18.6197 0
-950.907 -34.7018 0
-1139.1 -149.842 0
-1193.86 -182.044 0
-1326.13 -155.714 0
-1369.79 -134.166 0
-1356.01 -85.8898 0
-1418.12 -129.166 0
-1401.57 -107.599 0
-1427.2 -103.518 0
-1603.05 -99.1584 0
-1458.88 33.0023 0
-1590.68 102.804 0
-1523.69 76.0672 0
-1429.73 16.3292 0
-1371.91 -54.7789 0
-1393.73 -120.492 0
-1442.71 116.847 0
-1502.59 132.803 0
-1594.02 368.029 0
-1427.99 235.951 0
-1435.08 226.088 0
-1441.56 223.694 0
-1402.21 212.777 0
-1378.07 240.759 0
-1222.33 152.567 0
-1147.29 83.3013 0
-1116.02 163.739 0
-935.319 90.5889 0
-941.019 23.4574 0
-932.554 -0.526985 0
-742.615 -39.4151 0
-736.509 -146.457 0
-714.429 -344.462 0
-713.782 -445.447 0
