7.0219 -51.9727 0
15.031 -96.5615 0
24.9493 -141.36 0
58.2859 -178.481 0
83.7989 -215.452 0
77.5897 -110.487 0
43.9586 -148.997 0
-24.3218 -73.4593 1
2043.07 -771.363 0
2028.42 -766.162 1
2076.17 -800.93 0
2059.36 -770.414 0
2042.79 -759.321 0
1962.39 -676.343 0
1999.57 -639.427 0
2375.89 -714.652 0
2448.99 -791.849 0
2475.86 -830.292 0
2402.48 -767.075 0
2250.96 -730.571 0
2331.62 -568.821 0
2398.16 -382.163 0
2291.13 -292.994 0
2323.04 -264.545 0
2346.15 -254.123 0
2366.61 -253.551 0
2325.81 -247.706 0
2469.66 -202.333 0
2380.7 -200.43 0
2426.99 -232.338 0
2450.11 -284.378 0
2425.39 -409.725 0
2561.22 -815.154 0
2592.42 -669.506 0
2582.02 -616.584 0
2571.62 -516.891 0
2540.77 -428.009 0
2523.21 -409.995 0
2397.61 -330.573 0
2433.54 -331.418 0
2402.71 -310.009 0
2472.84 -319.985 0
2530.38 -523.592 0
2508.69 -576.693 0
2462.69 -530.26 0
2469.78 -644.781 0
2480.31 -646.23 0
2477.27 -593.153 0
2473.6 -533.034 0
2497.07 -527.161 0
2875.15 -749.823 0
2922.77 -827.524 0
3009.65 -663.219 0
2923.11 -467.093 0
2889.04 -617.446 1
2990.45 -625.176 1
3125.21 -1277.65 0
2875.45 -1774.07 0
