-86.6813 -129.678 0
-41.594 -148.688 0
39.3707 -100.642 0
-128.816 50.89 0
-351.154 289.673 0
-1824.3 2889.46 1
-1782.22 2925.12 0
-1698.06 2747.03 0
-1740.88 2607.24 0
-1480.76 2594.7 0
-1462.86 2532.94 0
-1521.28 2456.64 0
-1730.98 2545.47 1
-1179.22 2151.63 1
-1176.87 2103.96 0
416.41 1697.12 0
340.36 1774.81 0
270.459 1769 0
381.81 1867.5 0
365.046 1871.41 0
277.059 1853.54 0
321.833 1865.29 0
340.089 1874.89 0
359.166 1895.89 0
538.345 2046.05 0
581.098 2023.83 0
185.951 1288.54 0
191.694 1245.36 0
75.0207 1262.07 0
36.244 1258.68 0
126.11 1290.36 0
104.979 1336.68 0
295.249 664.256 0
288.576 672.915 0
217.338 1071.52 0
195.325 1100.1 0
-46.543 1036.86 0
-20.3146 1155.42 0
81.7893 1012.23 0
149.333 1043.35 0
112.024 1070.29 0
99.3665 1133.57 0
47.7193 1183.42 0
338.921 509.529 0
355.099 430.973 0
394.07 329.043 0
537.915 318.226 0
415.389 637.375 0
407.919 516.65 0
472.421 517.693 0
591.209 665.92 0
630.102 1519 0
787.473 1295.9 0
827.328 1274.4 0
691.704 859.302 0
706.42 744.539 0
728.875 696.611 0
753.885 699.64 0
737.451 712.817 0
754.476 662.834 0
773.473 610.471 1
747.469 567.318 1
777.105 603.024 0
975.376 526.197 0
947.798 478.504 0
2845.56 1196.86 0
