13.6358 34.1774 0
15.4872 5.19919 0
8.56534 2.85211 0
92.2323 -18.9227 1
31.1436 185.521 1
58.5681 139.809 0
61.1335 94.3822 0
40.0669 -2.11163 0
68.5171 -67.6351 0
99.0086 -135.443 0
145.07 -70.8164 0
122.858 -51.4283 0
158.225 -27.2783 0
164.645 2.97556 0
70.2128 2.0899 0
90.7775 -42.0832 0
83.6924 -5.43298 0
98.9549 80.85 0
105.975 109.612 0
66.5814 69.5774 1
-163.903 -83.3607 1
-167.783 -123.588 0
-169.819 -221.27 0
103.356 -471.846 0
212.251 -763.02 0
444.155 -107.314 0
455.237 -69.0323 0
454.414 -48.2359 0
580.851 -20.9766 0
615.67 14.3578 0
630.058 6.72836 0
601.708 43.7859 0
605.159 79.1274 0
699.766 24.0185 0
709.804 46.3544 0
668.74 -36.861 0
768.806 -1189.66 0
795.585 -1232.84 0
847.544 -1244.17 0
889.942 -1321.12 0
920.377 -1313.65 0
917.761 -1296.45 0
839.08 -1335.39 1
2081.42 629.384 1
