165.414 -4.66157 1
-425.703 -50.8145 0
-436.451 -40.7594 0
-547.233 3.84336 0
-485.348 23.088 0
-410.809 31.9691 0
-459.56 60.7444 0
139.119 380.787 0
171.798 514.251 0
159.881 541.81 0
214.03 571.394 0
225.266 601.436 0
193.178 686.051 0
92.7581 759.425 0
56.7819 768.658 0
153.75 755.404 0
275.871 794.204 0
252.067 730.882 0
367.86 521.586 0
360.67 526.756 0
207.951 655.406 0
308.04 504.638 0
400.322 689.884 1
423.371 670.539 0
505.249 174.422 1
448.352 173.241 0
361.513 393.529 0
419.155 427.437 0
462.658 372.806 0
645.855 200.367 0
675.577 211.004 0
658.135 260.637 0
649.298 255.29 0
22.4206 55.688 0
419.154 190.053 0
352.873 370.425 0
-37.8065 712.587 0
-30.6247 730.242 0
-105.745 567.517 0
-194.989 596.482 0
-153.087 609.184 0
52.8419 565.199 0
155.808 576.216 0
-1109.14 437.7 0
-502.139 401.384 0
-543.458 240.152 0
-432.545 202.319 0
-406.128 487.414 0
-209.849 417.607 0
-776.587 1882.13 0
-744.332 1859.12 0
-745.008 1884.54 0
