99.2369 -120.491 0
-116.712 -202.295 0
-68.2408 -111.928 0
-65.8628 -123.046 0
18.3584 -111.836 0
78.3764 -92.3898 0
129.735 -87.5243 0
115.223 -111.313 0
32.2654 -158.78 0
122.335 -81.5421 0
220.422 -84.9771 0
306.746 -25.5097 0
337.915 -4.30926 0
351.061 5.65107 0
360.419 -4.9312 0
284.692 -51.755 0
293.244 -80.0072 1
274.391 -110.095 1
276.445 -110.877 0
350.385 -96.0277 0
485.018 120.709 0
464.019 8.54083 0
486.56 31.6203 0
671.153 -128.293 0
729.559 -150.907 0
755.615 -158.511 0
794.087 -83.91 0
794.379 70.5644 0
831.038 163.11 0
858.807 164.099 0
846.371 -13.1302 0
528.265 107.126 0
540.339 106.091 0
524.249 158.243 0
558.893 203.188 0
600.184 221.642 0
613.97 208.489 0
560.507 189.454 1
-27.8394 -304.554 1
-43.8535 -272.555 1
-1600.3 830.991 0
-1629.69 846.313 1
-1129.98 656.145 1
-1088.1 671.103 0
-949.941 705.014 0
-836.671 713.411 0
-848.705 721.314 0
-863.026 752.375 0
-866.566 867.454 0
-845.137 932.66 0
-868.064 909.478 1
-527.459 1890.45 1
-602.869 2086.97 0
-652.013 2079.63 1
-663.265 2072.65 0
-637.765 2019.63 0
-598.602 2061.68 0
-553.417 2065.23 0
-549 2017.36 0
-538.044 1963.55 0
-518.579 2001.69 1
-610.307 2027.58 1
-594.683 2065.17 0
-693.888 2150.94 0
-667.773 2295.35 0
-694.864 2599.98 0
-576.061 2579.85 0
-529.952 2666.95 1
-469.961 2623.41 1
-452.892 2650.72 1
-440.105 2716.8 0
-374.581 2633.9 0
-451.719 2634.11 0
-425.536 2517.93 1
-413.724 2525.42 1
-445.41 2474.32 0
-507.794 2363.57 0
-496.027 2329.95 0
-483.332 2356.4 0
-535.628 2427.71 0
-680.922 2331.1 0
-696.914 2311.31 0
-742.078 2309.46 0
-802.1 2292.33 0
-804.783 2298.25 1
-712.529 2314.45 1
-719.607 2312.85 0
-724.344 2361.16 0
-704.936 2218.58 0
-737.61 1935.7 0
-749.287 1718.94 0
-714.278 1640.02 0
-663.059 1686.29 0
-609.02 1694.63 0
-633.979 1685.68 0
-625.178 1704.27 0
-586.567 1706.81 1
68.204 1870.7 1
