12.5276 -47.0063 0
73.8246 5.3884 0
24.0238 232.032 0
-7.76153 350.842 0
-23.6276 452.444 0
223.687 151.001 0
276.281 85.8058 0
296.942 -66.8864 0
314.233 3.69968 0
309.318 3.57504 0
286.581 14.4185 0
373.649 -14.7124 0
319.006 22.2799 0
320.933 -50.316 0
326.791 -116.351 0
268.655 -120.64 0
291.221 -137.901 0
335.363 -198.189 0
401.27 -158.006 0
363.773 7.40816 0
924.097 -693.323 0
931.293 -713.4 0
821.348 -674.838 0
774.31 -535.638 0
903.685 -315.34 0
940.501 -420.769 0
900.791 -325.943 0
895.08 -244.737 0
955.214 -116.087 0
924.878 52.3732 0
931.18 -317.661 0
859.553 -365.717 0
822.754 -349.373 0
760.623 -292.132 0
2022.97 -260.382 0
1988.55 -324.557 0
1970.86 -256.911 0
1955.07 -215.564 0
1989.46 -189.974 0
2012.35 -174.276 0
2094.81 -53.5056 0
2208.04 -126.549 0
2201.54 -88.727 0
2202.23 -75.8605 0
2241.91 -55.1934 0
2269.16 -74.2148 0
2355.2 -107.924 1
2478.69 -149.472 1
2485.75 -71.0803 0
2530.14 -73.8329 0
1810.11 593.101 0
1911.92 431.105 1
1932.6 377.537 1
1909.23 349.415 1
1817.06 482.723 0
1788.31 513.778 0
1797.15 519.052 0
1862.42 474.747 0
1900.83 412.246 0
2108.71 529.204 0
2114.53 515.744 0
2260.92 768.856 0
