-39.662 47.4246 0
-31.6644 53.9976 0
-7.73265 84.0985 0
-246.576 210.056 0
-241.817 210.686 0
-247.68 257.957 0
-273.908 301.132 0
-377.078 378.844 0
-346.025 455.457 0
-341.077 475.696 0
-463.549 367.782 0
-441.641 311.439 0
-367.747 291.698 0
-282.918 294.989 0
-225.67 278.293 0
-194.77 190.081 0
-178.216 191.933 1
-27.5239 47.1502 0
-63.0545 81.1965 1
-63.4358 78.8151 0
-38.9849 111.204 0
-62.7321 66.4252 0
-202.08 199.005 0
-418.534 241.975 0
-250.915 300.127 0
-208.234 321.541 0
-127.126 320.642 0
-133.263 562.604 0
-75.0927 433.089 0
-29.2781 440.234 0
-103.129 551.75 0
-37.5377 558.819 0
-391.702 851.296 0
-341.354 841.011 0
-348.803 803.903 0
-352.774 801.172 0
-252.113 1081.97 0
-255.482 1090.54 0
-400.292 998.037 0
-504.884 460.819 0
-528.772 502.775 0
-946.066 490.451 0
-741.666 478.424 0
-749.969 476.774 0
-2257.54 953.872 1
-2277.61 966.376 0
-2271.58 975.523 0
-2245.53 968.383 0
-2027.59 952.948 1
-1764.63 4079.5 0
-1610.12 4123.8 0
-1700.52 3790.9 0
10229.3 44828.4 1
10326.6 44830.7 0
10205.2 44810.1 0
10106.9 44868.2 0
10049.4 44925.6 1
9397.06 45214.9 0
8753.7 45398.9 0
8906.98 45344.6 0
8887.22 45299.7 0
8883.16 45250.6 0
9606.32 45069 0
9907.14 44610.8 1
9902.65 44613.3 0
9907.89 44616.4 0
9658.52 44521.9 0
9655.79 44537.7 0
9667.79 44626.5 0
9748.72 44871.6 0
9436.03 45591.7 0
1393.4 58695.1 0
1490.71 58652.7 0
1599.97 58705.3 0
1633.4 58730.7 0
1632.62 58727.4 0
1659.23 58746.2 0
1611.96 58788.3 0
1650.14 58851.7 0
1670.72 58909.6 0
1616.61 58966.9 0
1116.76 58990.3 0
1196.7 59053.5 0
1188.65 59054.3 0
1198.26 59068.4 0
1226.39 59061.7 0
