35.5499 1.70249 0
-23.6057 17.3108 0
-51.7539 90.4323 1
-52.8642 156.694 1
-57.7021 153.344 0
-44.3239 76.6887 0
-50.362 -104.3 0
-89.9062 -95.8998 0
-77.1332 -15.1829 0
-126.161 14.5884 0
-137.611 29.9612 1
-4998.76 666.591 1
-5152.88 407.15 0
-5138.72 383.83 0
-5348.37 323.747 0
-5277.71 364.118 0
-5289.07 390.307 0
-5233.55 423.858 0
-5068.15 478.13 0
-2461.23 759.859 0
-2474.6 777.977 0
-2556.65 708.551 0
-2574.13 654.53 0
-2567.56 579.114 0
-2547.8 533.567 0
-2568.31 522.883 0
-2491.73 544.619 0
-2511.22 582.249 0
-2502.16 600.171 0
-2502.84 718.601 0
-2565.71 814.415 1
-2616.95 857.423 1
-2619.79 875.07 0
-2638.54 800.326 0
-2624.63 713.179 1
-3210.22 504.47 1
-3158.83 535.794 0
-3017.18 582.889 1
-2974.02 403.55 1
-2859.7 403.197 0
-2865.33 421.972 0
-2844.05 431.897 1
-2796.53 427.663 1
-2726.11 519.903 0
-2772.42 767.603 0
-2689.29 654.711 0
-2703.64 714.246 1
-2684.42 730.664 0
-2711.08 734.415 1
-2724.3 784.07 0
-2709.08 830.575 1
-2706.07 811.25 1
-2713.87 791.601 0
-2725.62 752.295 0
-2727.03 689.552 0
-2689.28 740.408 0
-2596.36 762.857 0
-2601.79 789.285 0
-2581.56 864.938 1
-2613.8 870.051 1
-2570.02 850.289 0
-2568.82 622.963 0
-2603.51 679.868 0
-2632.56 755.441 0
-2646.38 790.485 0
-2653.14 849.632 1
-2557 711.688 1
-2546.21 694.57 0
-2503.61 672.435 0
-2508.66 714.167 0
-2501.6 771.96 0
-2497.84 792.766 0
-2496.01 772.132 0
-2521.16 737.601 0
-2459.15 739.333 1
-2427.48 735.534 1
-2377.77 741.804 1
-1879.35 703.704 1
-1859.57 686.07 0
-1850.02 647.445 0
-1962.58 762.986 0
-1970.15 733.461 0
-1986.31 734.015 0
-1975.89 814.368 0
-1688.48 1005.92 0
-1689.81 1117.42 1
-1708.12 1091.18 1
-1699 1066.18 1
-1656.93 1130.01 1
-1613.86 1156.23 0
-1620.55 1235.07 0
-1619.89 1398.03 1
-1553.05 1383.77 1
-1505.04 1363.33 0
-1522.26 1397.79 0
-1542.32 1443.79 0
-1547.03 1416.67 1
-1520.81 1377.77 1
-1149.66 1109.06 0
-1152.2 1067.21 0
