-2.52315 42.1813 0
-26.817 154.56 0
-52.837 135.718 0
-174.39 209.988 1
-206.558 226.677 1
-308.732 266.964 1
-410.825 349.47 1
10.6608 251.175 0
43.4995 147.249 0
80.0279 57.3938 0
46.143 53.8419 0
61.314 20.5731 0
144.599 -58.3586 0
183.082 -164.285 0
233.766 -283.87 0
234.934 -333.233 0
267.143 -353.752 0
539.088 -480.941 1
527.287 -449.972 0
520.131 -397.142 0
501.205 -341.934 0
481.851 -272.57 0
454.988 -223.815 0
445.584 -160.145 0
443.39 -114.667 0
447.103 -80.0137 0
414.264 -82.318 0
514.977 -81.4363 0
456.749 -166.537 0
494.633 -171.535 0
562.66 -172.515 0
542.038 -118.035 0
159.254 123.424 0
216.042 139.18 1
211.028 189.52 1
577.816 147.269 0
554.972 102.628 0
753.226 78.4458 0
768.737 83.4849 0
846.82 99.7615 0
841.194 113.261 1
815.512 67.5729 1
872.883 10.5305 0
880.321 -4.53138 0
805.481 23.0957 0
1013.37 -235.705 0
1003.68 -245.038 0
979.775 -233.372 0
911.875 -250.413 0
854.933 -412.734 0
901.521 -598.445 0
917.446 -644.731 1
921.918 -637.273 1
895.427 -646.263 0
882.186 -653.67 0
873.746 -650.307 0
872.258 -674.268 1
959.407 -629.726 1
972.584 -645.572 0
964.233 -694.2 0
977.221 -729.868 1
879.195 -855.387 1
912.456 -843.305 0
561.11 -598.829 0
472.764 -574.425 0
-115.773 -843.756 1
2488.48 -534.521 1
2467.39 -518.555 0
2464.97 -472.59 0
