5.5045 1.65151 0
8.91703 31.603 0
45.5534 38.1068 0
78.096 41.95 0
83.3114 56.5475 0
63.4637 88.3065 0
73.9571 49.7454 0
58.9425 32.4358 0
60.9649 22.4721 0
54.572 23.3111 1
53.1397 67.2828 1
64.7073 101.682 0
28.8718 271.557 0
73.8474 222.356 0
97.8001 186.504 0
134.475 81.8566 0
146.339 10.8514 0
97.3727 260.187 0
51.547 299.156 0
21.2132 270.553 0
85.3024 172.083 0
256.741 60.1606 0
347.349 56.8319 0
1535.41 254.533 0
1549.88 222.828 0
1523.5 172.28 0
1555.68 168.852 0
1580.13 238.551 0
1646.23 257.939 0
1671.42 257.022 0
1693.6 256.893 0
1687.94 456.98 1
1647.34 447.547 1
1631.51 442.815 0
1639.27 429.67 0
1636.96 399.671 0
1638.11 412.069 0
1520.61 226.156 0
1562.26 252.573 0
1659.81 248.241 0
2479.37 662.747 0
2545.06 681.864 0
2536.23 643.733 0
4931.95 -598.302 0
167356 208291 0
172247 220903 1
172306 220906 0
172266 220923 0
172225 220990 0
172196 221027 0
172248 221063 0
172203 221064 0
172132 221055 0
172188 221079 0
172796 220909 0
172775 220913 0
172661 220862 0
172655 220878 0
172651 220889 0
172680 220888 0
