-103.518 199.868 0
-78.4349 229.855 0
-90.2581 253.285 0
-146.085 326.698 0
-186.689 371.575 0
-222.931 414.541 0
-231.459 443.049 0
-231.858 431.196 0
-157.836 343.846 0
-160.11 384.65 0
-149.302 460.612 0
-405.705 540.326 0
-170.829 448.024 0
-205.115 437.171 0
-182.365 479.506 0
-228 506.921 0
-258.987 446.071 1
-286.291 617.081 1
-338.421 639.294 0
-508.983 600.056 0
-200.279 513.643 0
-117.463 579.228 0
-81.235 587.211 0
-41.5075 575.56 0
0.846771 537.444 0
123.448 266.253 0
152.008 251.534 0
172.921 256.745 0
134.061 235.196 0
20.2329 222.993 0
-35.5794 254.798 0
-477.511 187.824 0
-486.036 173.64 0
-384.869 51.6752 0
-369.479 77.5637 0
-344.072 126.477 0
-383.447 105.547 0
-406.333 117.495 0
-97.7665 227.899 0
876.853 -245.814 0
916.093 -375.515 0
925.884 -481.144 0
938.754 -482.183 0
970.667 -469.861 0
897.903 -405.165 0
1947.68 -986.23 0
1942.82 -1207.93 0
1975 -1325.04 0
2027.61 -1411.46 0
2064.16 -1457.36 0
2079.22 -1475 0
2295.84 -1594.28 0
2279.44 -1561.93 0
2248.05 -1584.59 0
2248.84 -1584.67 0
2167.98 -1499.24 0
2153.98 -1458.12 0
2200.74 -1378.02 0
2144.53 -1364.4 0
2095 -1493.17 0
1966.67 -1408.12 0
1887.59 -1210.24 0
1891 -1112.77 0
1792.39 -1016.32 0
1750.36 -953.861 0
1795.24 -874.597 0
1829.62 -863.144 0
1853.23 -878.177 0
1850.9 -983.782 1
1745.92 -929.332 1
1712.29 -900.655 0
1674.96 -846.777 0
1740.33 -888.258 0
1777.85 -980.493 1
782.969 -771.605 1
791.242 -786.465 0
830.413 -823.159 0
899.691 -876.589 0
983.508 -915.529 0
1247.6 -1087.59 0
1299.26 -1056.11 0
1269.67 -1009.98 0
1224.91 -993.623 1
1809.88 -1059.02 1
1829.94 -1034.74 0
1847.94 -1045.42 1
2884.17 -1419.39 1
2426.86 -1376.69 0
2426.81 -1372.2 0
2198.66 -1394.08 0
2528.43 -1404.61 0
2613.36 -1524.65 0
2651.12 -1678.09 0
3367.69 -1880.16 0
3337.34 -1928.16 0
3061.12 -1797.5 0
3074.5 -1795.32 0
3049.86 -1758.21 0
2975.44 -1675.14 0
2833.52 -1593.86 0
2684.46 -1791.63 0
2713.28 -1772.71 0
3097.56 -1735.54 0
-226.643 -91.3257 1
2702.67 -4269.08 0
