5.87194 -30.0627 0
110.445 -210.233 0
98.9823 -179.524 0
74.0675 -145.331 0
51.7981 -135.261 0
56.2707 -132.575 1
152.892 -80.455 1
88.3365 -30.7509 0
26.3256 4.9191 0
-58.5138 39.6359 0
153.852 233.246 0
175.97 162.454 0
175.318 180.766 1
137.968 143.959 1
128.94 157.956 0
145.601 153.292 0
236.385 -4.24066 0
158.669 8.90119 0
213.525 -46.9615 0
265.283 -97.0318 0
315.247 -101.892 0
335.54 -42.2474 0
355.749 -109.244 0
301.348 -27.2273 0
279.739 72.337 0
327.625 127.837 0
358.626 178.178 0
330.749 178.468 1
1501.36 1219.14 1
1569.34 1032.12 0
1558.42 868.884 0
1549.9 749.147 0
1631.81 716.495 0
1580.66 560.682 0
1611.34 612.454 0
1631.01 671.914 0
1672.48 886.907 0
1620.7 908.385 0
1565 978.013 0
1714.26 1015.83 0
1770.08 968.743 0
1766.79 930.512 0
1727.76 955.8 0
1733.69 1028.3 0
1717.06 1125.86 0
1717.97 1097.22 0
1744.31 1065.34 0
1722.9 988.006 1
1335.02 -198.706 1
1324.34 -207.84 0
1539.4 149.364 0
2120.64 -300.255 0
2073.84 -159.535 0
2007.02 -157.795 0
2010.32 -135.539 0
2096.4 -46.0343 0
2080.56 -314.698 0
2026.46 -467.753 0
2028.15 -488.015 0
1999.87 -448.901 0
2006.34 -437.881 0
2200.12 -455.114 1
-189.162 1270.97 1
