66.9185 -9.60653 0
36.2071 49.4712 0
-27.6905 79.7219 0
-56.8348 151.874 0
-48.7035 161.951 0
217.691 45.8412 0
585.719 -295.017 0
617.465 -281.229 0
659.26 -369.753 0
684.486 -450.725 0
867.607 -743.562 0
873.351 -723.696 0
925.005 -677.936 0
918.448 -703.858 0
870.868 -756.255 0
796.504 -829.247 0
793.1 -852.373 0
628.342 -794.586 0
596.304 -753.514 0
537.828 -704.747 0
533.679 -622.754 0
282.773 -629.423 0
243.995 -612.483 0
267.239 -586.639 0
695.567 -468.614 0
629.396 -366.707 0
364.245 -479.544 0
-2796.77 -242.919 0
-2838.84 -235.939 0
-2864.48 -201.134 0
-2585.56 -231.351 0
-2574.14 -184.956 0
-2551.61 -86.7559 0
-2565.63 -126.194 1
-2468.4 -258.922 1
-2457.2 -188.738 0
-2336.7 -250.363 0
-2366.78 -225.086 1
-1677.59 -340.773 1
-1688.31 -309.954 0
-1694.14 -279.738 0
-1707.32 -267.143 0
-1206.65 -271.42 0
-1229.19 -270.284 1
-1213.28 -298.722 0
-1216.72 -279.378 0
-1230.54 -306.528 0
-1202.01 -388.734 0
-1190.27 -426.315 0
-1156.26 -470.621 0
-1125.33 -447.853 0
-1112.9 -380.918 1
-1023.81 -338.389 1
-1003.63 -361.101 0
-999.736 -361.162 0
-899.515 -364.866 0
-842.121 -497.967 0
-842.625 -514.505 0
-786.318 -572.182 0
-768.662 -591.973 0
-661.061 -636.942 0
-634.201 -636.569 0
-707.994 -596.776 0
-739.794 -545.636 1
-2315.72 -154.094 1
-2344.07 -111.025 0
-2246.97 -235.533 0
-2175.21 -174.09 0
-2138.92 -164.095 0
-1285.69 116.281 0
-1344.75 123.663 0
-1242.11 133.556 0
-1162.5 80.4833 0
-1176.95 303.068 0
-1219.08 358.249 1
-1265.22 283.513 1
-1235.41 301.35 0
-1345.04 308.089 0
-1327.91 -112.848 0
