91.851 -26.8428 0
60.2052 -6.92907 0
114.296 -143.56 0
36.7366 43.1501 0
46.1288 84.603 1
149.198 135.588 1
163.134 153.693 0
172.589 140.587 0
170.342 136.589 0
205.58 191.378 1
1613.77 -265.05 1
1564.69 -323.979 0
1652.08 -341 0
1691.57 -357.472 0
1755.85 -372.553 0
2073.33 -585.933 0
2429.36 -713.518 0
2396.11 -563.395 0
2392.5 -479.935 0
2387.78 -469.146 0
2386.4 -465.961 0
2382.18 -473.176 0
2512.23 -327.566 0
2550.73 -297.697 0
2592.31 -245.126 0
2652.4 -193.773 0
2754.35 -114.862 0
2816.42 -30.53 0
2948.08 44.7718 0
2929.21 72.0176 0
2872.35 100.553 0
3057.13 10.6806 0
2999.98 69.8756 0
2976.52 57.0775 0
3011.97 136.986 1
2905.44 70.6084 1
3020.22 152.625 0
3078.72 132.208 0
3149.76 102.493 0
3228.03 109.235 0
3315.33 178.166 0
3377.34 209.983 1
3344.46 142.091 1
3360.4 142.886 0
3194.36 407.004 0
3159.05 428.796 1
5711.49 -139.784 1
