-38.8298 -22.26 0
-71.9172 -38.2696 0
-79.3909 -41.7384 0
-98.5918 -39.145 0
-103.97 -41.8036 0
-140.317 -58.501 0
-188.586 -52.0983 0
-345.409 3.22172 0
-459.058 64.621 0
-556.13 92.0971 0
-557.356 39.0691 0
-381.653 -95.1519 0
82.9158 -179.351 0
864.015 -22.0458 0
716.289 -72.2974 0
577.263 -307.564 0
485.96 -153.09 0
648.115 -200.062 0
614.667 -154.975 0
556.642 -110.98 0
536.594 -35.1157 0
573.139 119.746 0
648.085 164.437 0
662.563 186.129 0
667.884 210.737 0
627.888 232.692 0
576.073 240.906 0
-21.7655 416.393 0
11.3341 306.971 1
34.9163 229.107 1
-43.931 164.563 0
28.448 121.79 0
198.58 213.253 0
-435.64 -296.525 0
-456.492 -240.535 0
-396.703 -174.437 0
-323.052 -55.4635 0
-262.854 -94.0047 0
-326.121 -146.542 0
-320.649 -169.191 0
-520.631 154.332 1
-515.402 260.915 1
-523.889 248.817 1
51.8911 3.31348 1
126.742 3.9747 0
361.28 62.3443 0
381.007 30.0867 0
570.251 29.8645 0
595.526 -13.2827 0
663.72 63.0317 0
664.701 32.0604 1
718.337 111.01 1
749.663 119.048 0
749.022 88.2382 0
782.974 -50.1548 0
697.065 -16.1717 0
740.468 -54.5596 0
748.551 -78.2021 0
650.822 -142.936 0
671.553 -80.3903 0
822.693 19.6153 0
895.632 2.27067 0
1472.29 10.7645 0
1497.04 -39.5225 0
1499.27 -73.1276 0
1521.33 -58.0377 0
1484.91 20.0166 0
1488.49 131.411 0
1536.82 92.6722 0
1557.69 46.7969 1
1493.77 86.6858 1
1481.16 82.2106 0
1482.72 114.994 1
1181.59 724.143 1
1092.48 736.552 0
839.671 622.333 0
728.352 631.335 0
510.79 896.18 1
416.289 964.361 1
365.769 960.198 1
393.856 802.425 1
414.04 780.206 0
405.785 784.269 0
