-538.25 159.852 0
-609.749 186.038 0
-591.442 192.17 0
-564.217 196.029 0
-534.721 185.706 0
-479.391 179.52 0
1.56873 -605.614 0
65.3696 -622.005 0
-2557.16 895.379 0
-2488.92 831.077 1
-2433.31 758.733 1
-2285.06 718.963 1
-2061.09 773.718 0
-2051.79 788.611 0
-2051.58 826.266 0
-2038.11 866.297 1
-2326.03 878.113 1
-2277.64 876.149 0
-2257.56 849.386 0
-2167.29 831.475 0
-1969.24 738.079 0
-1942.14 693.393 0
-1952.43 637.991 0
-2003.05 635.517 1
-14842.8 340.085 1
-14619.8 255.741 0
-8238.31 2750.1 1
-8274.56 2505.8 1
-8296.77 2526.8 0
-8332.19 2468.47 0
-8292.92 2349.14 0
-8257.99 1998.17 0
-8297.26 1910.35 0
-8375.97 1843.49 0
-8444.74 1803.45 0
-8386.21 1791.58 0
-8341.78 1796.78 0
-7987.07 1943.4 0
-13273.4 -2985.71 0
-13462.7 -2727.24 0
-13532.6 -2757.57 0
-13545 -2728.97 0
-13544.4 -2698.27 0
-13548.1 -2801.1 1
-13603.4 -2791.61 1
-13638.1 -2837.67 0
-13648.3 -2865.19 0
-13567.7 -2918.62 0
-13564.7 -3002.88 0
-13622.1 -3072.83 1
-13661.8 -3074.13 1
-13613.6 -3040.81 0
-13510.2 -3020.25 0
-13464.3 -3026.2 0
-13398.3 -2991.86 1
-12352.1 -2677.47 1
-12508.3 -2589.22 0
-12485 -2608.22 0
-12299.2 -2456.79 0
-12314.2 -2423.3 0
-12252.5 -2469.2 0
-12383.4 -2378.08 0
-12422.8 -2330.18 0
-12100.5 -2259.49 0
-11819.5 -2304.38 0
-11762.9 -2356.3 0
-11850.1 -2359.13 0
-10706.8 -2660.47 0
-10776.2 -2585.82 0
-10853 -2467.5 0
-10961.5 -2963.89 0
-10439.7 -2703.47 0
-10486.9 -2489.06 0
-10511.5 -2521.38 0
-10530.4 -2536.37 0
-10604.6 -2363.58 0
-10544.9 -2869.56 0
-10705 -3058.54 0
-10794.8 -2795.99 0
-9981.29 -3665.52 0
-10039.2 -3607.26 0
-10036.9 -3645.76 0
-10006.6 -3733.94 0
-9919.32 -3817.45 0
-9807.27 -3956.31 0
-9822.12 -3894.17 0
-9760.26 -3885.02 0
-9780.32 -3836.38 1
-11971.6 -3582.13 1
-11992.2 -3530.48 0
-11990.8 -3531.63 0
-11965.7 -3570.11 0
-11957.9 -3612.8 0
-12039.9 -3599.68 0
-12048 -3670.82 0
-12071.7 -3674.37 0
-12273.5 -3811.75 1
-12256.8 -3788.06 1
-12237.1 -3753.51 1
-9909.47 -3592.78 1
-9885.25 -3740.35 0
-9658.21 -4067.35 0
-9640.79 -4058.6 0
-9719.06 -4007.58 0
-9654.32 -4033.74 0
-9660.49 -4068.79 0
