-10.8141 -16.1066 0
-2.62983 -55.4957 0
-0.906214 -30.3184 0
-3.21609 46.1545 0
31.9996 120.986 1
58.6071 110.323 1
67.3393 149.935 0
178.955 42.9654 0
191.184 46.8998 0
198.257 25.8146 0
243.149 -33.9411 1
442.82 -379.713 1
415.608 -447.636 0
371.01 -570.132 0
224.259 -355.506 0
-312.896 66.1403 0
-392.162 41.2628 0
-329.146 -83.5201 0
-264.447 -118.466 1
-229.635 -99.6886 1
121.521 -81.4559 0
118.343 -33.3354 0
-290.849 468.744 1
-288.664 487.572 0
-309.126 478.844 0
-274.078 471.22 1
-1259.06 664.258 1
-1272.4 700.58 0
30.7603 562.766 0
81.606 448.066 0
91.1848 423.762 1
59.9984 343.98 1
129.894 319.847 0
206.94 285.224 0
-213.718 444.512 0
2065.27 -57.9567 0
2150.56 -373.846 0
2090.48 -406.964 0
2107.53 -382.515 0
2103.65 -355.806 0
2071.96 -331.273 0
2306.9 -391.564 0
2312.87 -395.089 0
1986.22 -476.907 0
1990.63 -500.136 0
2012.23 -508.288 0
2020.12 -478.471 0
2012.18 -454.495 0
2017.16 -448.89 0
2015.87 -446.304 1
2051.81 -505.5 1
1967.8 -505.319 0
1977.71 -492.17 0
1997.78 -480.559 0
2110.81 -533.484 0
2344.6 -577.544 0
2926.41 -496.522 0
3016.68 -128.775 0
3049.21 38.4795 1
3006.76 86.4157 1
2992.81 73.46 0
2972.32 49.5215 0
2968.69 33.7314 0
2662.78 -299.575 0
2826.14 -285.511 0
3069.49 -221.421 0
3050.72 -172.997 0
3029.5 -111.613 0
3563.51 -354.234 1
3556.32 -304.929 0
