26.4804 82.2931 0
72.8498 86.9879 0
82.6673 142.932 0
110.69 142.046 1
57.4212 182.67 1
50.1203 179.013 0
48.0988 219.322 0
85.5551 139.207 0
116.742 125.77 0
122.007 130.105 0
141.897 347.572 0
139.649 255.203 0
111.487 244.988 1
-202.714 252.121 1
-269.273 316.526 0
-322.515 344.124 0
-341.431 421.738 0
-357.892 513.507 0
-387.044 607.881 0
-405.161 631.973 0
-319.677 607.301 0
65.5023 511.081 1
64.8722 533.723 0
104.176 604.513 0
129.227 723.366 0
514.375 1056.32 1
790.357 871.812 0
751.879 857.288 0
805.169 924.474 0
841.506 906.454 0
835.356 865.858 0
868.393 823.648 1
884.499 788.9 1
762.256 941.447 0
787.976 903.572 0
819.248 906.303 0
891.902 840.725 0
921.937 805.283 0
945.112 769.751 0
936.113 747.226 0
889.364 811.814 0
856.646 878.487 0
824.225 898.588 0
854.176 889.892 1
980.019 1083.93 1
1003.9 1167.73 0
1094.02 1138.72 0
1075.59 1103.72 0
1185.55 1132.85 0
1182.94 1158.29 0
1211.68 1193.99 0
1202.37 1175.08 0
1200.69 1168.12 1
2056.66 1010.39 1
2067.04 1016.16 0
2057.79 1069.75 0
2114.99 975.015 0
2097.39 949.143 0
2155.29 965.229 0
