-64.6725 3.63462 0
-128.661 17.7421 0
-155.992 64.5872 0
-181.228 92.4717 0
-58.1825 55.3205 0
117.612 -88.4123 0
72.288 -72.3048 0
91.7697 -75.8432 0
82.117 -24.0881 0
50.5525 368.087 0
32.7588 361.486 0
257.566 252.084 0
284.373 265.626 0
519.854 399.225 0
1325.1 -562.724 0
1270.37 -528.052 0
1246.42 -486.366 0
1211.75 -473.653 0
1230.37 -450.15 0
1076.97 -938.943 0
1000.17 -876.486 0
993.763 -906.324 0
985.045 -921.212 0
1182.71 -817.068 0
2481.16 -731.929 0
2512.18 -750.689 0
2533.18 -759.876 0
2287.74 -774.448 0
2310.04 -740.157 0
2341.98 -724.521 0
2381.49 -745.704 0
2213.59 -406.523 0
2225.4 -380.371 0
2247.3 -405.706 0
2263.09 -385.58 0
2269.64 -368.472 0
3345.9 -881.936 0
3266.79 -886.201 0
3291.8 -922.982 0
3296.52 -986.207 0
3307.01 -1040.46 0
3296.52 -1062.44 0
3117.18 -889.787 0
3458.33 -1223.29 0
3396.03 -1295.08 0
3449.45 -1276.43 0
3463.31 -1285.74 0
3448.32 -1301.18 0
3452.32 -1283.88 0
3133.61 -974.13 0
3119.62 -925.959 1
8636.95 -2827.54 1
