62.7518 -59.4177 0
263.837 -159.832 0
311.446 -204.586 0
352.708 -216.741 0
380.49 -242.385 0
319.166 -197.9 0
313.594 -230.05 1
469.694 -469.097 1
548.882 -460.545 0
565.221 -411.568 0
601.985 -314.046 0
613.997 -304.887 0
595.287 -315.408 0
608.343 -282.663 1
628.212 -278.534 1
651.647 -282.913 0
1379.27 -543.403 0
1371.96 -545.316 0
1256.03 -475.938 0
1250.86 -278.675 0
1217.32 -150.653 0
1224.07 -50.7355 0
1189.72 79.1169 0
1170.03 166.38 0
1623.89 135.487 0
1705.7 -21.4792 0
1714.3 -67.84 0
1616.71 -86.9667 0
1621.81 -77.3935 0
1600.16 -59.7545 0
1616.67 -45.1977 0
1665.66 -76.0948 0
1765.57 -88.4954 0
1778.11 -120.443 0
1739.3 -141.788 1
1873.51 -388.459 1
1841.08 -384.706 0
1828.94 -371.223 0
1820.68 -359.77 0
1817.3 -334.128 1
1774.59 -242.069 1
1687.13 -242.522 0
1782.98 -314.675 0
1880.02 -321.962 0
1431.66 -278.733 0
1784.1 -296.549 0
1704.21 -297.699 0
1606.6 -310.049 0
1595.74 -350.891 0
1509.18 -409.458 0
1508.4 -294.193 0
1721.38 -372.859 0
3785.27 -2755.07 0
