-59.0539 -77.3946 0
-241.199 -224.906 0
-232.323 -202.415 0
-256.158 -189.237 0
-309.605 -275.607 0
-302.386 -281.211 0
-362.608 -460.717 1
-442.977 -295.713 1
-479.13 -280.43 0
-522.251 -240.666 0
-528.106 -210.678 0
162.565 1.45789 1
82.7122 216.898 0
-124.246 1005.97 1
-60.6206 1099.2 0
-7.16881 1175.77 0
-1443.98 1716.92 0
-1535.86 1761.79 1
-5280.7 234.153 0
-5296.4 245.412 0
-5340.07 258.021 0
-5347.35 264.646 0
-5325.04 286.523 0
-5789.45 243.843 0
-5805.62 321.498 0
-5932.99 301.149 0
-6030.69 342.453 0
-6088.97 399.088 0
-6071.92 465.817 0
-6111.41 476.309 0
-6081.48 457.426 0
-6284.55 489.164 1
-4507.24 -391.553 1
-4527.74 -363.083 0
-4544.74 -270.78 0
-4617.65 -222.859 0
-4641.32 -40.8208 0
-4655.24 584.396 0
-4644.14 673.146 0
-4663.86 735.332 1
7716.57 350.718 1
7734.66 330.604 0
