-218.876 11.8377 0
-178.354 -19.9843 0
-135.634 -87.4284 0
-215.377 -25.9977 0
-227.367 -14.5423 0
-241.637 -29.0774 1
-9.76476 -52.4941 1
31.1956 -19.0091 0
-148.84 -176.547 0
-177.117 -170.83 0
-139.911 -215.689 0
-122.323 -210.032 0
-101.165 -146.67 0
-125.46 5.22745 0
-304.432 119.21 0
-267.687 128.448 1
-337.261 198.723 1
-109.108 246.711 0
-97.8294 259.4 0
663.664 170.822 0
669.209 169.595 0
723.532 149.349 0
664.158 203.097 0
638.622 283.436 0
552.646 345.082 0
497.257 453.745 0
472.32 507.067 0
511.872 534.247 0
514.18 524.976 1
494.058 570.312 1
564.584 598.087 0
590.376 647.646 0
590.179 677.716 0
602.358 709.894 0
547.4 677.536 0
542.311 688.247 0
560.148 716.347 0
602.795 714.212 0
612.545 732.51 0
575.7 744.095 0
526.803 769.91 0
550.762 797.323 0
556.64 803.541 0
581.46 795.882 0
641.984 754.977 0
661.282 710.067 0
640.996 646.149 0
643.579 656.194 0
634.971 794.892 0
601.718 784.206 0
376.699 634.304 0
910.564 563.829 0
1002.33 430.128 0
1034.96 357.736 0
1028.09 343.875 0
1061.78 322.118 0
1070.12 314.962 0
1054.83 313.23 0
1029.9 282.888 0
1062.95 332.532 0
1082.19 362.066 0
1105.19 553.3 0
1156.32 466.285 0
1205.85 392.945 0
1175.78 424.644 0
1368.65 -435.12 0
1520.59 -174.464 0
1488.89 -13.8431 0
1529.28 -51.2321 0
1531.34 -18.0466 0
1496.82 30.1288 0
1332.42 352.369 0
863.075 1648.17 0
867.923 1687.7 0
918.076 1686.14 0
1274.04 1653.14 0
