9.57648 4.11906 0
24.9524 6.20559 0
50.8069 -26.1514 0
10.9889 -17.8498 0
-57.423 -202.027 0
-58.5996 -235.073 0
-99.485 -261.597 0
-121.522 -327.948 0
-125.164 -343.31 0
-226.393 -306.264 0
-268.761 -234.962 0
-361.624 48.6306 0
-404.532 106.856 1
-2927.23 3254.12 1
-2840.84 3247.28 0
-2834.04 3298.61 0
-2753.91 3289.61 0
-2727.57 3263.48 0
-2045.78 2866.68 0
-2009.4 2799.15 0
-2005.23 2784.26 0
-1986.86 2759.87 0
-2176.91 2775.37 0
-2189.89 2783.43 0
-2169.58 2861.41 0
-2196.12 2928.85 0
-2266.96 3022.48 0
-2281.1 3054.81 0
-2276.91 3060.71 1
-1880.72 2432.03 1
-1921.13 2410.09 0
-1865.94 2375.56 0
-1857.23 2390.67 0
-1847.4 2413.72 0
-1866.62 2597.09 0
-1903.7 2639.17 0
-1899.19 2662.75 0
-1879.96 2666.27 0
-1826.39 2596.89 0
-1806.29 2543.84 0
-1839.96 2507.91 0
-1793.53 2523.51 1
-1801.5 2517.33 1
-1823.37 2421.76 0
-1861.5 2471.51 0
-1847.87 2587.42 0
-1878.59 2626.25 0
-1908.43 2624.68 0
-1817.77 2868.42 1
-1909.74 2683.56 0
-1714.46 2003.77 1
-1710.09 2025.26 0
-1703.31 2057.17 0
-1597.87 2114.64 0
-1392 1884.95 0
-1348.15 1850.67 0
-1365.91 1833.69 0
-1102.84 2060.81 0
-2438.01 2169.03 0
-2369.2 2161.48 0
-2320.12 2213.84 0
-2119.61 2328.53 0
-2107.53 2488.37 0
-2027.27 2647.82 0
-1843.25 2484.02 0
-1792.11 2493.68 0
-1607.26 2609.88 0
-1767.54 2616.57 0
-1820.26 2647.68 0
-1874.34 2611.22 0
-1726.18 2517.69 0
-1722.78 2435.02 0
-1669.9 2409.89 0
-1665.81 2451.56 0
-1681.76 2576.28 0
-1733.73 2633.03 0
-1255.47 2585.56 0
-1336.75 2893.15 0
-2939.68 3951.43 0
-2844.72 4098.27 0
-2468.11 4046.46 1
-2415.63 4059.21 0
-2422.11 3985.91 0
-2447.36 3950.92 0
-2055.15 3745.15 0
