-16.6457 129.615 0
-9.70598 114.457 0
-8.14636 38.1022 0
14.7542 -49.8014 0
45.0284 -170.498 0
11.4937 96.8536 0
-50.5492 239.702 0
-77.2175 309.164 1
-129.136 358.807 0
-131.042 331.342 0
-153.414 304.066 0
-155.178 366.979 0
-158.374 427.857 0
-93.9371 429.516 0
-49.1745 451.601 0
148.204 196.397 0
232.557 22.1874 0
212.235 -32.638 0
272.976 20.7169 0
403.938 -4.75261 0
412.016 -23.3292 0
397.954 16.2342 0
368.793 126.62 0
332.566 164.01 0
303.998 180.084 0
328.381 421.554 0
326.546 461.788 0
299.424 480.727 0
342.086 475.956 1
713.097 40.8744 1
673.268 9.92089 0
846.069 184.619 0
849.188 164.005 0
804.254 211.346 0
720.965 266.039 0
706.998 409.236 0
1732.18 -537.365 0
1861.41 -670.828 0
-597.485 -2876.61 0
-108.781 -2710.66 0
-128.807 -2752.76 0
-131.935 -2711.87 0
-133.149 -2737.18 0
-134.695 -2740.52 0
-132.288 -2712.4 0
-167.413 -2732.91 0
-181.407 -2712.24 1
-115.166 -2704.43 1
