11.9366 -4.74525 0
76.6411 196.362 0
25.6816 285.95 0
-32.7616 354.579 0
-2.02143 374.237 0
77.7057 414.032 0
676.211 212.892 0
724.15 122.474 0
747.645 89.8685 0
746.989 -35.809 0
712.015 265.864 0
898.096 22.9714 0
908.619 -11.3751 0
1244.08 204.331 0
1234 219.332 0
1233.06 208.325 0
1189.82 132.996 0
1199.27 110.885 0
1449.29 -19.6895 0
1447.39 -24.4243 0
1454.07 -5.11888 0
1452.09 52.439 0
1465.66 116.136 0
1427.75 -90.0271 0
1436.37 -94.0766 0
1864.89 -204.212 1
1845.06 -208.537 0
1846.57 -180.255 0
1831.75 -80.1546 0
1808.08 73.4089 0
1822.9 70.0604 0
1845.92 89.8158 0
1866.33 109.645 0
1916.11 125.709 0
1863.85 117.762 0
1906.8 103.053 0
1860.83 126.105 0
1913.74 52.3987 0
1955.54 32.1198 0
1872.7 88.8845 0
1820.88 128.36 0
1854.16 138.579 0
1758.33 250.715 0
1740.48 288.543 0
1742.63 294.528 1
