11.5729 -3.96816 0
84.5962 -36.4396 0
21.464 -183.588 0
-61.4492 -239.45 0
-116.062 -205.296 0
-112.9 -142.321 0
-75.0054 -89.2363 0
-65.0726 -20.768 0
-7.92451 7.16945 0
-25.1043 111.869 0
-5.74874 79.5832 0
-16.2739 116.92 0
-16.5143 163.726 0
-13.5172 216.4 0
27.0377 283.907 0
367.328 246.735 0
20.0541 512.408 0
-226.293 562.273 0
-288.043 594.515 0
762.775 729.529 0
-280.681 718.459 0
-415.078 464.173 0
-416.614 623.326 0
-440.169 656.138 0
-443.459 680.209 0
-423.204 696.851 0
-467.854 684.474 0
-102.645 -304.308 0
-54.961 -425.995 0
1.93526 -426.234 0
5.3353 -434.411 0
36.7103 -300.503 0
57.1593 -316.265 1
902.679 -472.608 1
819.892 -497.307 0
844.048 -548.77 0
826.187 -536.911 0
1016.18 -820.893 0
1175.94 -942.982 0
1106.05 -954.99 0
1084.29 -870.856 0
1077.03 -863.351 0
1099.76 -914.08 1
1008.75 -741.893 1
1045.5 -504.459 0
1052.88 -471.618 0
1067.24 -608.191 1
1081.07 -659.35 1
941.203 -536.067 0
920.958 -566.276 0
992.476 -574.401 0
719.199 -556.811 0
699.404 -509.511 0
787.984 -515.505 0
874.955 -502.155 0
915.46 -515.292 0
947.537 -534.733 1
1490.33 -264.843 1
1372.26 -257.872 0
1422.02 -247.813 0
1409.24 -328.124 0
1249.08 -282.32 0
1237.85 -293.923 0
1169.97 -179.516 0
1148.95 -159.179 0
1131.06 -163.296 0
1380.59 -255.472 0
1407.97 -248.272 1
4468.74 -1.01227 1
4330.89 -237.803 0
4325.77 -297.297 0
4322.23 -308.262 0
4304.91 -288.969 0
4288.61 -238.352 0
4268.78 -167.554 0
4280.44 -108.099 0
4277.48 -54.8673 0
4370.08 -122.656 0
4336.8 -143.271 0
4345.15 -82.9648 0
4344.26 -78.8096 0
4325.66 -129.424 0
4259.84 -198.378 1
13714.8 1063.12 1
