26.1499 51.9626 0
5.6074 76.2346 0
-15.3528 58.986 0
-6.63983 49.4457 0
153.529 -122.564 1
237.697 -132.571 0
261.744 -85.7745 0
18.9312 -179.057 0
117.172 -107.926 1
120.72 -122.33 1
103.747 -121.836 0
108.42 -110.412 0
493.121 -231.716 0
540.674 -171.083 0
577.968 -136.079 0
1527.46 101.721 0
1560.42 22.6748 0
1574.74 -50.3984 0
1536.99 -34.1747 0
1564.91 -78.2493 0
1623.11 -188.929 0
910.597 324.88 0
1087.96 235.272 1
1130.39 207.455 0
1239.56 279.701 0
2024.6 -18.3514 0
2023.25 277.173 0
1963.14 236.346 1
1950.52 212.169 1
1990.57 191.656 0
2001.92 166.179 0
2044.94 249.004 0
2078.64 124.576 0
2077.82 142.302 0
2010.18 210.868 0
2074.17 225.018 0
2022.33 233.594 0
2050.58 111.017 0
2180.02 -399.373 0
2389.87 -437.014 0
2356.48 -513.393 0
2202.08 -486.285 0
2237.16 -454.947 0
2281.53 -207.404 0
2285.26 -186.436 1
2329.72 -207.138 1
2333.94 -218.504 0
2414.77 -306.622 0
2428.89 -287.731 0
2471.46 117.291 0
