-90.0071 -30.3148 0
-77.5946 10.5734 0
-70.5319 21.0568 0
-96.2795 -0.722885 0
-45.9386 -2.90168 0
-86.6975 68.7596 0
-289.764 118.564 0
-330.335 97.3764 1
-236.447 40.6533 1
-215.229 71.9734 0
-220.659 84.8912 0
-236.693 92.0281 0
-223.754 78.8693 0
-201.567 74.5431 1
162.093 -125.842 1
139.405 -59.7422 0
107.464 -61.0819 0
157.445 -68.8087 0
184.972 -26.1597 0
265.779 28.6591 0
292.709 39.1208 0
201.2 223.537 0
171.003 140.399 0
185.928 190.841 0
207.078 199.709 0
215.353 256.219 0
277.187 272.218 1
261.537 312.519 1
217.774 349.263 0
194.637 385.46 0
176.635 430.392 0
187.151 444.836 0
177.38 442.019 0
173.393 416.234 0
141.636 324.802 1
28.2866 336.92 1
48.7735 339.696 0
96.6093 315.093 0
83.9156 376.155 0
-58.7755 472.42 0
-17.3063 476.257 1
-45.6412 524.34 1
-18.4477 510.95 0
1.67105 511.515 0
46.7282 457.09 0
232.939 358.281 1
172.619 275.135 0
117.636 436.977 0
109.953 558.407 0
116.673 630.852 0
101.072 666.028 0
83.2847 655.799 0
56.1962 709.713 0
239.194 677.897 1
639.326 315.605 1
634.64 312.809 0
618.175 333.48 0
589.391 378.917 0
532.671 440.399 0
496.902 443.454 0
456.646 420.915 1
615.607 310.737 1
583.038 236.219 0
606.498 192.636 0
801.507 -131.809 0
811.75 -103.202 0
771.647 -13.1283 0
745.033 -22.8891 0
752.005 12.4409 0
1356.09 -39.9332 0
1397.41 -46.7767 0
1448.55 -159.398 0
1421.11 -164.915 0
1452.36 -150.937 0
1475.67 -103.946 0
1483.26 -46.251 0
1478.15 -37.4209 0
1473.88 -26.8258 0
1460.96 -28.61 0
1440.23 -43.0794 1
1154.21 -31.8691 1
1168.63 -13.7062 0
1089.62 68.3193 0
1118.09 67.8025 0
1159.84 105.117 0
1172.99 133.584 0
1223.15 106.175 0
1193.36 35.8197 0
1184.58 -41.4532 0
1080.91 -49.9737 0
877.094 -310.395 0
422.962 -222.012 1
331.988 -281.841 0
328.925 -286.971 0
267.776 -327.532 0
292.06 -240.844 1
181.222 -290.442 1
196.201 -242.004 0
176.179 -192.723 0
125.817 -128.425 0
111.736 -135.15 1
156.601 -139.917 1
150.214 -65.2709 0
218.926 -82.0017 1
195.668 -114.828 1
159.759 -120.671 0
118.08 -118.635 0
551.947 -164.049 0
577.807 -187.972 0
793.37 -226.693 0
1513.03 167.646 0
