-5.71782 65.0767 0
90.2795 97.2812 0
189.557 75.7969 1
179.801 165.94 1
186.4 158.343 0
116.459 188.273 0
185.034 137.817 0
93.5522 200.502 0
120.688 188.995 0
85.6412 186.544 0
125.578 156.075 0
35.816 114.771 0
-14.5502 122.026 0
-31.5721 134.154 0
88.0435 268.144 0
86.7004 341.652 0
90.9575 341.75 1
-31.4053 280.235 1
-103.602 243.049 0
-92.741 300.508 1
245.639 392.97 1
165.402 455.923 0
113.197 94.8325 0
80.8982 65.69 0
-185.249 9.82508 0
-251.494 -22.9561 0
-277.752 -58.1456 0
-216.336 -161.963 0
-136.26 -188.928 0
-39.4258 -209.692 1
-7315.75 220.484 1
-7338.19 300.867 0
-6628.65 260.057 0
-6699.51 244.965 0
-6757.35 285.466 0
-6726.12 446.124 0
-6607.23 554.47 0
-6566.83 520.193 0
-6601.05 558.932 0
-6512.21 300.753 0
-6530.49 278.014 0
-6591.53 327.145 0
-6624.66 319.706 0
-6572.65 390.295 1
-5602.08 -49.5743 1
-5530.99 -71.3641 0
-5530.66 23.3747 0
-5499.39 88.2803 0
-5497.26 162.847 0
-5524.63 167.025 0
-5558.88 302.238 1
-5514.65 295.533 1
-5427.58 286.546 0
-5333.52 299.757 0
-5200.71 277.195 0
-5240.84 277.918 0
-5275.91 265.291 0
-5322.55 278.975 0
-5317.7 326.076 0
-5230.09 246.284 0
-5244.08 271.419 0
-5191.46 319.35 0
-5162.15 293.904 0
-5060.65 437.298 0
-5056.23 449.814 0
-5049.2 457.268 0
-5094.38 449.56 1
-5312.98 72.8421 1
-5201.71 -19.2102 0
-5196.01 -3.12671 0
-5216.5 24.1994 0
-5374.52 236.512 1
-5761.75 -481.263 1
-5785.19 -532.946 0
-5802.8 -555.574 0
-5799.19 -570.119 0
-5769.46 -559.406 1
-5824.84 -552.933 1
-3885.13 823.432 1
