56.1118 38.8844 0
94.1777 64.3862 0
125.158 124.24 0
99.2344 154.875 0
-23.4396 245.914 0
430.393 252.889 0
523.987 163.939 0
496.901 47.5457 0
490.822 104.067 0
535.945 479.079 0
455.654 808.199 0
456.79 816.441 0
467.471 566.849 1
580.581 544.895 0
586.207 512.677 0
643.438 371.382 0
705.982 292.711 0
815.235 208.212 0
745.417 187.542 0
662.706 182.255 0
621.165 225.909 0
519.107 250.331 0
372.451 316.026 0
385.338 318.435 0
353.458 317.729 0
341.353 318.434 0
237.572 149.749 0
232.912 192.182 0
188.094 170.494 0
182.14 153.203 0
223.089 143.641 1
239.407 245.95 1
220.649 254.079 0
182.968 313.56 0
165.359 418.651 0
205.595 309.737 1
190.186 361.403 1
214.259 363.496 0
214.994 375.072 0
195.574 433.9 0
232.506 461.248 0
255.082 484.561 0
345.243 504.656 0
417.676 519.447 0
-1543.5 753.739 0
-1560.79 757.483 0
-1478.08 827.144 1
-1543.05 820.734 1
-1447.72 860.356 0
-1411.16 858.16 0
-1619.94 1017.16 0
-1636.59 981.355 0
-1755.44 872.285 0
-1145.07 870.817 1
-1212.01 892.337 0
-859.364 757.352 0
-771.668 788.836 0
-881.336 820.292 0
-865.284 797.698 1
18.9782 2426.73 1
81.7885 2372.69 0
82.152 2358.26 0
163.756 2270.79 0
145.378 2243.59 0
-1995.79 3384.5 0
