39.5293 1.7601 0
-55.9629 66.7077 0
56.6685 -36.4113 0
87.7068 -173.214 0
121.132 -221.769 0
147.79 -289.196 0
174.684 -279.396 0
192.161 -252.916 0
188.219 -118.855 0
188.57 -63.8858 0
174.47 -18.9572 0
223.252 18.1029 0
240.092 4.70071 0
245.692 -10.9399 0
251.458 33.9994 0
226.932 21.9603 0
220.204 46.9602 0
163.059 110.4 0
137.205 111.963 0
45.1629 78.0008 1
142.117 -139.707 1
192.588 -120.397 0
79.7443 -182.469 0
114.52 -156.664 0
228.241 -179.954 0
232.722 -181.034 0
195.361 -159.279 0
173.769 -127.887 0
152.302 -66.9848 0
159.411 -57.0043 0
294.39 -51.902 0
262.424 -74.9166 0
314.09 -103.448 0
384.66 -182.443 0
376.359 -275.502 0
337.488 -256.752 0
415.132 -218.382 0
432.113 -231.893 0
419.055 -162.891 0
491.632 -64.1284 0
493.752 -5.38168 1
3019.5 -88.8997 0
2952.42 -70.0667 0
2879.49 -67.7849 0
2818.16 -50.0902 0
2770.18 2.20343 0
2669.16 21.7223 0
2705.5 43.1731 1
2707.26 18.9647 1
2721.7 6.23195 0
2825.06 -40.6678 0
2950.15 -196.175 0
2938.37 -191.733 0
2962.81 -244.378 0
2974.42 -304.045 0
3008.13 -350.718 0
3062.75 -367.365 0
3131.56 -354.822 0
3111.7 -331.357 0
3131.44 -314.603 1
2958.99 -155.092 1
2945.4 -101.119 0
2940.05 -82.6001 0
2983.71 83.4663 1
3021.38 172.848 1
3187.99 158.201 0
3332.23 -36.6048 0
3092.7 -11.3742 0
3136.62 -104.633 0
3184.54 -146.01 0
3176.36 -160.646 0
3172.08 -224.774 0
3120.42 -67.2757 0
2927.64 56.7093 0
2969.69 75.3092 0
2988.41 -343.438 0
3050.74 -396.989 0
3061.23 -397.298 0
2929.29 -340.968 0
2988.06 -338.951 0
2829.89 -235.084 0
3101.41 -137.636 0
3076.46 -88.7298 0
3005.45 -27.7371 0
3139.43 509.317 0
