146.312 -199.253 0
92.1874 -278.345 0
43.0413 -308.098 0
-20.0142 -230.146 0
-70.7476 -206.188 0
-63.5225 -187.7 0
15.9973 -187.299 0
21.5446 -223.065 0
89.311 -236.465 1
87.5715 -174.729 1
85.8362 -127.742 0
92.0457 -155.63 0
24.2938 -128.667 0
-27.6128 -44.5896 0
34.2326 -152.658 0
21.9428 -136.697 0
-16.0466 -97.5459 0
-38.3742 -72.0259 0
-51.1638 -50.1118 0
-132.562 -69.5574 0
-130.375 -75.3079 0
-142.352 -90.5229 0
-119.901 -99.9521 0
-115.796 -90.3245 1
-174.313 -111.224 1
-207.949 -154.154 0
-201.675 -421.235 0
-178.357 -406.982 0
-154.326 -432.557 0
23.9758 -27.5392 0
63.9928 -97.8787 1
135.632 -246.224 1
161.002 -286.996 0
163.561 -268.501 0
107.877 -219.07 0
161.152 -229.79 0
152.018 -254.579 0
160.372 -274.706 0
181.355 -301.539 0
390.801 -529.937 0
533.263 -605.505 0
493.166 -287.436 0
487.932 -163.411 0
489.926 -37.1526 0
488.857 -18.1593 0
448.473 -5.33638 0
443.833 -67.8597 0
490.835 -117.704 0
584.564 -99.9753 0
639.071 -115.075 0
684.969 -111.434 0
669.874 -171.41 0
645.815 -136.052 0
613.088 -148.017 0
634.606 -173.568 0
619.927 -245.419 0
1688.53 -781.215 0
1622.89 -776.262 0
1594.34 -650.74 0
1585.18 -615.316 0
1586.46 -576.914 0
1525.67 -530.431 0
1557.47 -509.977 0
1546.85 -511.783 0
1515.18 -549.28 0
1432.29 -644.887 0
1478.25 -639.317 0
1495.95 -765.164 0
1570.56 -718.978 0
1600.48 -703.481 0
1385.35 -604.624 0
1391.26 -626.602 0
1437.02 -606.934 1
1451.92 -592.385 1
1479.42 -501.564 0
1522.57 -488.413 0
1539.17 -526.993 0
1543.65 -528.705 0
1577.63 -399.954 0
1562.85 -386.845 0
1556.16 -339.173 0
1513.79 -327.928 1
1088.77 -453.347 1
1067.12 -445.244 0
1715.16 197.508 0
1684.53 197.65 0
1652.05 240.666 0
1604.16 250.043 0
