-80.072 -30.4311 0
-79.5654 -39.2399 0
-79.2149 -29.1154 0
-40.9306 45.7758 0
-87.484 79.5925 0
-116.011 120.546 0
46.4622 236.223 0
33.7614 259.198 0
119.133 174.983 0
152.516 230.702 0
128.084 245.976 0
90.1369 245.38 0
238.344 157.642 0
341.948 44.4914 0
320.688 59.2025 0
286.22 31.0047 0
187.198 118.82 0
109.66 140.449 0
176.128 143.961 0
238.126 90.7668 0
167.429 140.069 0
232.783 131.564 0
153.62 144.576 0
147.858 185.438 0
83.4234 239.465 0
-42.0325 239.237 0
-93.2637 344.964 1
8.05986 358.303 1
105.358 745.299 0
248.357 267.561 0
449.473 206.872 0
487.495 255.189 0
531.542 301.42 0
535.461 326.705 0
532.232 427.298 0
521.411 501.312 0
470.702 514.73 0
281.289 597.766 0
410.166 514.103 0
448.883 383.251 0
461.777 412.385 0
457.531 467.112 0
444.417 452.495 0
426.05 461.69 1
631.714 225.066 1
598.599 225.372 0
570.456 264.344 0
551.19 242.482 0
561.978 286.121 1
595.625 223.866 1
565.456 202.896 0
980.589 149.965 0
959.514 159.881 0
942.777 165.52 0
1149.26 34.8329 0
399.987 119.024 0
397.682 102.013 0
428.24 95.4092 0
413.193 87.4321 0
-15.028 -129.914 0
55.0944 -138.557 0
274.494 -124.454 1
4995.08 -6743.32 0
-49627.6 -4134.76 0
-49602.3 -4110.03 0
-55756.8 -7134.22 0
-55814.6 -7109.1 0
-55920.1 -6892.47 0
-55930.2 -6882.82 0
-55945.8 -6858.84 1
-54990.2 -6760.43 1
-54993.6 -6652.15 0
-55043.1 -6584.7 1
-54649.4 -6523.77 1
-54584 -6483.16 0
-54531.4 -6480.96 0
