-547.46 1228.89 0
-511.952 1208.45 0
-482.418 1151.27 0
-968.203 1800.47 0
-892.622 1780.59 0
-953.813 1739.65 0
-1033.89 665.608 0
-1017.6 621.233 0
-1032.57 620.624 0
-1064.37 645.197 0
-999.072 670.347 0
-979.081 654.614 0
-974.815 640.631 0
-1031.76 652.595 0
-1018.99 676.1 0
-1100.41 719.958 0
-1105.32 726.203 0
-989.691 679.73 0
-961.33 730.368 0
-1243.5 864.579 0
-1017.04 888.988 1
-872.187 662.295 1
1349.15 3641.02 0
1687.02 3316.61 0
1671.48 3325.2 0
1643.18 3295.21 0
1581.12 3345.91 0
1517.97 3339.54 0
1454.29 3384.14 0
1453.31 3447.45 0
1829.44 3433.28 0
1860.18 3332.8 0
1191.38 3800.38 0
1265.42 3789.24 1
1606.73 3464.1 0
1675.21 3407.03 0
1720.06 3451.4 0
1701.41 3451.97 1
1758.29 3405.15 1
1070.87 4238.8 0
