5.03208 -9.7932 0
-5.02417 -0.29616 0
-20.4323 50.5345 0
-37.4671 136.375 0
91.4399 70.6581 0
85.4727 149.238 0
97.3979 107.151 0
117.631 118.159 0
165.905 189.556 1
187.007 227.832 1
195.642 222.547 0
165.031 210.036 0
172.389 217.777 0
210.438 212.61 0
365.477 227.291 1
411.558 168.527 1
570.431 60.0121 0
597.823 -143.715 0
586.748 -242.483 0
257.959 60.3405 0
254.451 54.7766 0
279.091 46.7763 0
237.696 65.9564 0
197.764 542.863 0
236.975 612.678 0
377.907 605.862 1
1701.35 1052.7 1
1882.97 776.342 0
1858.59 655.238 0
1870.59 625.669 0
1865.67 582.922 0
1752.47 450.164 0
1774.3 463.481 0
1833.51 453.882 0
1807.06 456.42 0
1741.52 466.612 0
2679.79 521.535 0
2828.7 265.128 0
2846.18 290.339 0
2830.19 345.817 0
2892.66 376.615 0
2866.11 370.671 0
2869.64 431.85 0
2845.85 469.36 0
2839.53 461.825 0
2812.79 416.627 1
2777.19 448.733 1
