-17.51 358.063 0
-18.8674 304.742 0
69.4325 -0.493195 0
112.279 -30.9111 0
135.736 -91.2769 0
122.423 -244.451 0
170.964 -393.286 0
212.773 -496.248 0
293.27 -568.002 0
299.695 -616.427 0
357.191 -592.961 0
402.557 -557.073 0
464.893 -513.923 0
471.032 -549.934 0
536.738 -565.745 1
217.846 -511.983 1
266.208 -478.978 0
122.21 -446.406 0
163.193 -480.089 0
210.739 -402.136 0
203.344 -341.306 0
180.471 -340.488 0
122.195 -275.018 0
64.445 -271.621 0
64.4562 -224.736 0
61.646 -235.653 0
61.1841 -248.83 0
78.1487 -219.803 0
58.3205 -213.543 0
-3.83763 -174.182 0
31.0467 -135.931 0
37.5368 -134.059 0
52.8941 -132.992 0
14.9317 -143.084 0
36.795 -141.12 0
144.797 -180.435 0
233.781 -207.326 0
269.172 -194.442 0
262.834 -120.818 0
313.277 -64.4672 0
295.527 -47.8495 0
348.928 -32.5972 0
384.245 -74.3156 0
419.474 -97.3611 0
431.937 -70.204 0
453.199 -106.396 0
488.222 -64.7269 0
444.934 -62.4698 0
476.142 -81.8336 0
439.799 -98.1723 0
687.23 -142.576 0
683.459 -199.172 0
729.532 -196.27 0
685.066 -245.887 0
687.539 -268.143 0
640.142 -294.631 0
669.831 -308.548 0
651.025 -312.862 0
646.685 -314.706 0
626.405 -323.932 0
607.278 -304.114 0
664.063 -144.551 0
669.244 -82.9723 0
676.496 -126.334 0
722.242 -289.139 0
764.799 -325.237 0
712.451 -271.316 0
753.822 -293.146 0
753.734 -294.514 0
695.055 -320.526 0
785.875 -326.481 0
796.426 -289.75 0
740.756 -255.308 0
973.968 -260.089 0
837.116 -106.224 0
943.387 -160.171 1
855.492 -21.9554 1
853.681 -59.9032 0
924.209 -187.6 0
846.227 -150.049 0
767.639 -25.5456 0
770.563 -61.8369 0
778.545 -53.7092 0
816.149 -104.618 0
1171.65 -836.936 0
1279.84 -1014.03 0
1349.96 -981.558 0
1389.76 -959.986 0
1425.14 -959.296 0
1469.18 -950.159 1
949.338 -919.255 1
997.308 -908.989 0
695.016 -750.82 0
721.838 -712.7 0
1139.44 -1391.71 0
1196.54 -1468.27 0
1143.61 -1427.15 0
1202.31 -1408.09 0
1220.32 -1411.83 0
1200.77 -1473 0
1287.96 -1586 0
1122.41 -1560.81 0
3024.55 -2323.83 0
