57.66 -76.1648 0
27.4294 -135.165 0
20.5593 -130.911 0
39.9773 -59.7975 0
82.2577 -70.2261 0
171.338 -120.459 0
156.011 -112.958 0
122.795 -79.0202 0
38.6433 -104.133 0
42.9856 -107.281 0
34.0162 -101.977 0
56.5944 -107.979 0
257.158 -137.497 0
260.942 -179.11 1
138.875 -174.861 1
180.266 -160.486 0
258.323 -178.326 0
287.741 -122.762 0
318.708 -72.1019 0
266.096 -96.8392 0
271.794 -172.95 0
314.552 -241.785 0
335.963 -250.904 0
326.921 -247.451 0
334.899 -184.487 0
371.139 -138.651 0
394.8 -107.19 0
390.019 -107.464 0
372.193 -130.98 1
357.917 -185.217 1
378.551 -191.986 0
433.256 -162.628 0
405.43 -159.492 0
470.669 -155.03 0
471.833 -127.845 0
475.594 -125.223 0
1525.27 23.9591 1
1547.74 26.216 0
1581.44 52.0098 0
2178.98 -419.9 0
2172.03 -477.619 0
2167.07 -470.26 0
2124.75 -488.032 0
2086.47 -403.368 0
2050.75 -321.093 0
2019.92 -233.162 0
2050.94 69.4058 0
2114.42 -268.504 0
2632.71 -119.866 0
2632.1 -180.023 0
2600 -123.987 0
2485.64 -106.934 0
2519.52 83.908 0
2480.37 -14.7047 0
2084.74 173.398 0
2289.54 361.97 0
2169.48 -2.80194 0
3417.7 1147.64 1
-42085.8 -292.838 0
