-106.847 83.0174 0
-255.791 133.734 0
-30.7193 69.7131 0
47.0391 85.2518 0
414.518 -181.984 0
396.487 -194.422 0
302.712 -141.645 0
267.324 -131.381 0
218.388 -88.802 0
177.071 -37.3676 0
140.861 -21.9343 0
156.537 -76.3908 0
143.254 -73.7406 0
127.482 -32.3378 1
380.969 -155.494 1
384.359 -196.189 0
357.619 -162.746 0
351.454 -135.537 0
400.641 -147.789 0
386.123 64.132 0
354.033 52.0343 0
346.751 21.8216 0
370.991 -23.7625 0
522.551 -41.0794 0
513.716 -69.328 0
437.511 -53.1434 0
396.412 -35.3827 0
358.606 -35.1942 0
380.475 -10.251 0
350.232 44.2588 0
370.654 74.8338 0
200.696 298.541 0
132.031 352.95 0
-278.679 -57.9427 0
-244.429 -143.353 0
23.6149 -104.339 0
-11.227 -145.226 0
15.1508 -134.962 1
287.456 -94.5545 1
293.465 -285.628 0
327.574 -268.986 0
331.893 -286.662 0
326.567 -270.653 0
351.601 -472.406 0
359.307 -495.555 0
307.254 -430.038 0
367.126 -439.354 0
359.651 -484.845 0
431.44 -456.395 0
414.331 -514.773 0
602.771 -584.472 0
606.287 -622.451 0
598.356 -603.998 0
588.004 -656.505 0
-754.898 -613.015 0
-779.347 -593.646 0
-799.411 -552.689 0
-816.769 -517.698 0
-819.905 -483.96 0
-829.76 -384.494 0
-770.548 -441.124 0
-688.684 -479.695 0
-732.188 -452.723 0
-752.213 -332.409 0
-761.384 -360.647 0
-753.65 -408.253 1
-854.485 -294.521 1
-1601.72 -212.726 0
-1648.42 -262.819 0
-1624.47 -270.821 0
-1591.2 -224.323 0
-1151.47 -318.418 0
-1157.12 -312.709 0
-1163.91 -305.163 1
-1241.09 -265.537 1
-1271.07 -224.44 0
-1316.24 -163.317 0
-1392.55 -69.658 0
-1449.64 -74.4855 0
-1486.9 -89.4249 1
-1495.68 -68.3692 1
-1457.82 -84.2524 0
-1332.8 -135.718 1
-1352.18 -100.416 1
-1380.79 -180.335 1
-1400.57 -150.424 0
-1441.39 -37.1298 0
-1402.15 -85.1523 1
-608.375 13.6383 1
-1178.37 -81.5447 0
-1242.57 -53.1188 0
-840.661 -267.471 0
-765.026 -400.639 0
-1180.49 -355.828 0
-1198.23 -321.202 0
-842.457 -433.921 0
-848.853 -452.21 1
-808.51 -407.339 1
-841.003 -380.465 0
-883.985 -380.814 0
-1919.4 -789.288 1
814.058 281.314 0
762.873 341.845 0
671.623 412.634 0
399.258 531.067 0
394.766 594.963 1
373.847 583.544 1
334.09 556.887 0
332.151 538.345 0
366.499 560.078 0
408.231 556.211 1
405.123 588.511 1
4711.94 1145.37 0
