-69.6876 5.47164 0
-139.6 -69.26 0
-125.528 -84.9593 0
-95.8785 -34.4114 0
-101.544 20.721 0
-93.0026 62.8054 0
-13.6417 67.1357 0
72.2787 26.2448 0
80.2697 27.1362 0
122.836 16.6748 0
70.745 10.6244 0
104.691 29.0959 0
81.5447 51.4559 0
84.7435 94.6704 0
105.86 75.2482 0
203.319 -11.7209 0
319.857 -520.677 0
282.413 -128.601 0
333.306 -89.9102 0
442.022 108.342 0
419.944 -22.2465 0
493.228 -23.821 0
530.599 10.5756 0
567.939 107.951 0
575.734 154.241 0
518.861 213.575 0
451.582 231.467 0
383.995 224.892 1
372.23 -206.993 1
379.86 -148.621 0
449.121 -113.08 0
451.842 -112.913 0
1598.82 -81.0399 1
1479.88 15.6596 0
1637.04 135.222 0
1601.1 227.978 1
1579.96 -225.627 1
1761.2 -143.722 0
1814.4 -317.011 0
1824.16 -331.936 0
1844.58 -550.363 0
1847.06 -592.817 0
1777.33 -709.006 0
1754.79 -700.618 0
1760.4 -677.383 0
1787.68 -676.709 0
1760.66 -714.286 0
1788.72 -654.736 0
1961.05 -640.126 0
1932.56 -671.326 0
2032.11 -575.839 0
2086.91 -567.586 0
2121.7 -575.35 0
2093.04 -431.778 0
2124.94 -337.07 0
2146.39 -159.144 0
2071.22 -100.119 0
2090.75 60.6554 0
2115.01 81.6767 0
2138.95 103.064 0
1728.69 314.734 0
1607.4 332.669 0
1565.96 333.269 0
1644.22 271.987 0
1900.29 271.958 0
1922.79 210.799 0
1902.84 -53.3846 0
1814.18 -135.944 0
1765.14 -73.4055 0
