-127.183 91.4968 0
-167.911 189.992 0
-193.624 262.524 0
-220.222 280.631 0
-230.216 354.462 0
-141.54 400.387 0
-388.844 634.461 0
-396.154 685.912 1
-376.574 647.848 1
-357.948 718.546 0
-330.814 748.338 0
-247.584 740.1 0
-239.356 700.082 0
-219.671 592.126 0
-214.653 668.889 0
-234.225 742.559 0
-311.033 761.245 0
-288.073 756.435 0
-265.092 749.987 0
-277.899 662.231 0
296.687 320.743 0
296.366 359.97 0
290.548 432.152 0
272.308 462.051 0
211.171 478.812 0
133.76 505.568 0
176.889 412.198 0
81.6336 420.722 0
99.8679 370.008 0
100.181 345.053 0
174.293 294.423 0
123.106 337.175 0
9.88776 418.867 0
-18.6688 473.152 0
-18.8675 462.238 0
36.1562 474.484 0
48.9044 476.396 0
3.70626 517.307 0
140.04 578.918 0
147.608 568.242 0
302.827 366.317 0
296.001 368.931 0
230.894 396.995 0
295.1 440.188 0
271.173 513.819 0
102.476 637.707 0
15.6409 700.48 0
286.712 535.534 1
289.406 532.859 0
300.703 554.635 0
249.17 647.178 0
285.576 686.765 0
360.929 704.13 0
349.214 766.408 0
309.84 777.333 0
42.5363 787.345 0
304.388 642.144 0
322.375 664.916 0
362.717 713.32 0
320.389 751.295 0
410.946 763.508 1
482.731 786.425 1
414.592 830.672 0
469.465 888.957 0
593.004 880.494 0
585.331 843.78 0
553.281 838.652 0
514.025 742.706 0
541.218 436.262 0
507.058 404.885 0
461.154 390.639 0
382.755 380.292 0
1419.31 155.178 0
1552.35 -145.977 0
1535.11 -139.497 0
1357.76 198.428 0
2028.7 842.135 0
18244.3 1110.45 1
