-208.57 -171.097 0
-248.149 -168.17 0
-264.34 -152.409 0
-245.715 -126.846 0
-270.117 -111.557 0
-323.962 -84.2141 0
-390.753 -91.0161 0
-445.136 -10.8046 1
-947.643 193.024 1
-942.844 204.914 0
-1000.91 175.064 0
-1046.15 163.153 0
-1027.77 166.131 1
-3060.52 78.1242 1
-3075.72 123.44 0
-3075.21 158.557 0
-2992.19 154.855 0
-573.801 -615.132 0
-587.139 -560.688 0
-577.86 -468.636 0
-581.383 -381.552 0
-618.001 -303.195 0
-589.433 -243.246 0
-556.929 -197.682 0
-560.214 -204.55 0
-567.792 -236.918 1
16234.7 -1700.32 1
16320.5 -1872.14 0
16337.5 -1891.32 0
16362.2 -1927.71 0
16377.2 -1886.17 0
16379.4 -1855.07 0
16337 -1831.02 0
16368.2 -1829.15 0
16282.8 -1908.15 0
16235.4 -1941.63 0
16236.2 -1931.34 0
16252.4 -2007.03 0
16259.7 -1995.79 0
16266.1 -1969.69 0
16242.4 -1912.32 0
16288.2 -1708.02 1
16351.1 -1729.13 1
16343.2 -1725.42 0
16355.7 -1747.74 0
16357.9 -1747.19 0
16489.7 -1974.47 0
16479.8 -2037.47 0
16491.1 -1948.74 0
16467.1 -1926.08 0
16479.8 -1784.46 1
16610.2 -1802.03 1
16730.6 -1723.04 0
16725.3 -1754.82 0
16694 -1787.35 0
