41.4174 -22.4172 0
47.6285 5.82665 0
34.1761 20.555 0
1.09124 51.4582 1
-199.044 -242.907 1
-135.909 -191.946 0
139.167 -246.83 0
156.617 -252.345 0
-250.978 -329.402 0
-316.416 -292.2 0
-289.408 -293.027 0
-264.841 -300.432 0
-374.626 -348.518 0
-239.567 -356.646 0
-186.542 -378.823 0
259.181 -400.203 0
240.689 -262.477 0
321.857 -140.217 0
278.635 -119.756 0
295.187 -116.836 0
321.443 -85.3567 0
334.047 -94.1647 1
653.663 -446.943 1
646.504 -425.89 0
643.602 -400.18 0
685.761 -120.109 1
815.745 -188.209 1
812.43 -204.567 0
854.127 -240.082 0
897.447 -225.778 0
861.221 -159.413 0
881.498 -156.521 1
920.061 -125.905 1
987.48 -138.204 0
863.022 -10.1539 0
817.992 207.423 1
762.904 227.943 1
763.057 274.807 0
737.933 237.956 1
747.401 248.514 1
1043.28 -203.668 0
1070.5 -289.429 0
1016.06 -452.423 0
1072.41 -327.924 0
1094.95 -324.156 0
1039.8 -291.854 0
1077.39 -157.981 0
1096.91 -175.022 0
1113.14 -112.744 0
1087.54 -39.8402 0
1042.28 7.33743 0
1078.93 -8.68641 0
1093.57 -35.8517 0
1015.21 -123.749 0
894.896 -119.78 0
829.565 -68.2403 0
1012.84 3.04393 0
997.413 29.4815 0
1034.29 77.5677 0
1087.08 42.6196 0
1102.85 32.7188 0
1057.33 -100.945 1
2192.66 -558.77 1
2199.14 -635.547 0
2120.61 -931.726 0
