0.280038 52.1388 0
19.3859 105.514 0
74.3893 142.433 0
149.488 192.534 0
62.7806 166.031 0
16.6815 181.88 0
28.2123 195.455 0
49.2064 199.253 0
82.6099 186.768 0
1.43193 234.948 0
10.2659 224.717 0
53.5788 215.529 1
188.106 -78.7094 1
104.505 -76.3225 0
17.7055 160.998 0
-31.544 196.539 0
-59.7839 242.153 0
-37.6815 232.054 0
24.6761 254.549 0
159.519 177.709 0
198.289 216.936 0
367.68 272.122 0
384.38 242.566 0
393.336 167.329 0
387.049 189.106 1
389.011 233.824 1
406.336 469.705 0
389.338 431.684 0
399.481 369.445 0
384.804 338.036 0
556.665 288.797 0
521.911 248.662 0
471.419 247.621 0
427.669 236.541 0
316.277 220.212 0
354.802 118.696 0
528.095 -39.6116 0
581.923 -77.0625 0
756.712 45.9734 0
607.146 85.9909 0
670.057 62.9473 0
639.876 104.409 0
674.822 149.741 0
402.369 2.20836 0
419.322 18.0276 0
432.936 20.7486 0
474.019 46.9291 0
745.415 -102.301 0
742.408 -158.013 0
773.111 -178.762 0
725.241 -184.572 1
263.252 649.192 1
200.977 763.991 0
173.781 695.324 0
160.001 739.277 0
175.61 709.19 1
-800.882 1197.95 1
-4664.42 2157.25 0
-4769.12 2155.97 0
-4764.47 2142.47 0
-4697.01 2073.18 0
-6288.48 1864.43 0
-6304.52 1816.63 0
-6663.72 1650.14 0
-6661.27 1683.96 0
-6489.49 2046.28 0
-6478.13 2035.12 0
-6433.29 2083.58 0
-6440.73 1952.75 1
-6373.56 1864.91 1
-6334.23 1899.85 0
-6597.67 2100.29 0
-6573.39 2085.73 1
-6636.5 2080.71 1
-6949.66 1701.95 1
-6417.86 1733.53 1
-6024.79 2725.35 0
-5961.35 2699.02 0
-5838.17 2799.21 1
-5942.87 1801.51 1
-5939.5 1806.67 0
-5926.18 1830.08 0
-5924.16 1835.73 0
-5938.71 1842.14 1
-5898.79 1915.19 1
-5963.3 1939.79 0
-5969.43 1971.54 0
-5908.21 1876.21 0
-5921.41 1858.74 1
-5937.91 1838.22 1
-3340.25 856.753 0
