12.8652 18.3618 0
-153.131 171.863 0
-156.589 232.849 0
-127.119 294.061 0
-141.801 341.746 0
-136.648 355.376 0
-174.962 370.832 1
-108.654 118.861 1
-103.4 123.573 0
-120.529 155.319 0
-176.723 158.209 0
-107.859 219.507 0
-73.1111 246.813 0
-21.2552 217.54 0
73.9718 156.926 0
64.898 111.996 0
102.414 125.246 1
8.38071 92.5458 1
-38.3137 141.541 0
25.6407 112.865 0
5.29076 72.9076 1
387.854 38.2629 1
420.416 -5.95145 0
420.342 61.3406 0
426.414 96.6199 0
433.359 187.762 0
403.216 263.105 0
440.73 312.943 0
468.15 336.261 0
577.512 399.789 0
758.269 336.777 0
752.878 370.951 0
814.622 352.505 0
853.137 454.433 1
1138.75 -233.904 1
1103.43 -239.954 0
1036.47 111.101 0
903.911 113.66 0
1383.08 -155.689 0
1294.68 44.2889 0
1241.1 89.5913 0
1445.91 66.1491 0
1431.03 67.878 0
1485.35 83.6332 1
1490.09 117.341 1
1486.17 137.676 0
1476.41 156.285 0
1493.14 243.408 0
1536.06 230.541 1
1792.48 -201.606 1
1779.19 -199.335 0
