-16.108 -30.7339 0
-49.9938 -146.529 1
50.2786 59.3301 1
-28.5136 114.234 0
130.166 37.396 0
98.9817 -29.6842 0
-446.379 -144.507 1
1161.11 144.085 1
1185.6 162.126 1
1205.88 94.3432 0
1229.34 60.5175 0
1246.58 -16.1726 0
1271.38 -44.3558 0
1304.24 -25.0065 0
1327.9 32.3705 0
1336.36 51.1289 0
1355.36 83.1464 0
1363.35 120.624 0
1374.76 117.944 0
1417.4 119.479 1
1362.29 154.642 1
1321.16 116.546 0
1336.16 131.69 0
1378.06 140.975 0
1494 184.14 0
1505.49 206.367 0
1521.65 224.601 0
1545.17 293.832 0
1544.61 365.264 0
1476.4 421.676 0
1364.21 433.483 0
2074.5 428.523 0
2085.59 405.098 0
2131.78 425.775 0
2226.6 437.601 0
2280.48 396.97 0
2322.83 395.381 0
2354.6 458.303 0
2361.48 442.009 0
2344.98 398.013 0
2326.22 400.78 0
2303.9 380.555 0
2302.92 357.078 1
2281.53 349.353 1
2271.69 363.338 0
2322.81 363.528 0
2298.66 324.67 0
2581.57 411.592 0
2584.38 389.317 0
2543.5 332.139 1
