-33.2513 -47.0317 0
-42.7205 -115.849 0
67.116 -235.891 0
-2.92044 7.90709 1
-303.402 -1127.95 1
-41.206 -1680.26 0
-111.489 -1461.35 0
-39.6209 -1447.15 0
-26.1835 -1599.53 1
6.03848 -1525.15 0
-15.231 -1522.08 0
-18.6131 -1492.9 0
-59.0907 -1414.49 0
-273.551 -1013.81 0
-254.263 -925.667 1
2676.07 -550.525 1
2644.63 -478.021 0
2623.46 -442.156 0
2657.84 -439.334 0
2707.65 -347.267 1
2725.44 -315.955 1
2712.24 -359.243 0
2732.61 -382.114 0
2714.28 -405.976 0
2702.08 -520.645 0
2757.49 -542.319 0
2796.94 -580.034 0
2914.27 -599.95 0
2899.08 -622.455 0
2843.25 -600.352 0
2847.46 -620.255 0
2862.88 -624.345 0
2855.35 -631.969 0
2877.68 -694.262 0
2926.17 -637.992 0
3046.88 -505.663 0
3041.34 -590.144 1
3010.66 -632.58 1
3108.32 -674.27 0
3108.24 -660.545 0
3070.37 -701.746 0
3055.66 -631.555 0
3114.85 -638.048 1
2865.65 -952.267 1
2856.83 -936.811 0
2731.22 -939.77 0
2670.4 -927.498 0
2659.59 -887.752 1
2621.18 -915.139 1
2597.56 -874.111 0
2594.69 -864.46 0
2592.57 -833.429 1
3636.34 -669.812 1
3655.92 -534.44 0
3595.88 -416.848 0
3549.2 -437.697 0
3552.23 -291.59 0
3470.27 -254.884 0
3476.61 -287.806 0
3416.73 -589.748 1
3772.71 -552.348 0
