21.3344 -19.1895 0
23.363 -30.2589 0
-4.91427 -49.389 0
-10.907 -48.0372 0
39.1282 -39.2589 0
-15.1998 -112.614 0
412.838 -244.031 0
413.099 -286.561 0
371.198 -318.864 0
354.918 -369.038 0
341.172 -334.575 0
329.357 -328.061 0
352.797 -221.223 0
409.316 -142.987 0
398.08 -124.089 0
379.442 -24.2325 0
400.489 57.741 0
431.724 67.8731 0
415.445 27.7582 0
375.614 22.9713 0
377.495 3.25312 0
372.231 23.9422 1
741.506 -54.9733 1
749.844 -83.721 0
733.3 -80.2149 0
725.882 -74.7004 0
775.766 -83.1481 0
757.901 -99.2991 0
725.359 -6.6865 0
713.418 -28.9757 0
667.263 37.3591 0
677.792 55.8954 0
673.126 58.1645 0
653.923 64.6795 0
624.629 56.025 1
1203.3 130.375 1
1148.39 210.653 0
1087.82 233.547 0
1145.7 189.027 0
1153.93 154.77 0
1319.4 114.694 0
1324.7 80.6167 0
1315.24 36.3718 0
1545.15 -222.764 0
1502.87 -201.007 0
1535.82 -199.497 0
1694.35 -89.0816 0
1726.41 6.84299 0
1734.97 30.5268 0
1754.41 39.7882 0
1791.12 48.0915 0
1731.8 -10.2325 0
1725.57 -12.629 1
-8052.93 1054.42 1
-8319.05 1135.85 0
-8409.37 1176.63 1
-8960.3 1197.48 1
-9017.19 1158.36 1
-7958.73 307.077 1
-8012.45 377.986 0
-8069.87 320.277 0
-8064.44 227.519 0
-8016.07 310 0
