7.04148 -2.82105 0
-166.74 51.8598 0
-158.652 67.4711 0
-189.148 102.53 0
-212.809 68.3858 0
-224.724 2.80038 1
-194.029 -22.6044 1
-189.92 -16.697 0
-175.388 1.86856 0
-82.8421 34.4076 0
-97.4884 73.9363 0
-74.3229 93.6589 0
-95.3901 181.459 0
98.8705 6.18018 1
93.5362 -17.7203 0
89.3302 -107.134 0
84.2395 -143.096 0
95.3762 -120.401 0
106.842 -119.841 0
119.985 -72.1966 0
134.965 -62.4836 0
137.301 -19.1452 0
76.059 99.6036 0
129.549 70.0712 0
147.529 133.902 0
143.712 147.99 0
102.313 159.324 0
94.276 201.869 0
68.5959 238.762 0
32.097 252.529 0
-80.8177 203.761 0
-111.014 263.495 0
-20.9925 276.121 1
142.681 265.191 1
179.708 298.232 0
176.67 280.941 0
192.082 253.749 0
223.704 230.512 0
210.453 195.532 0
245.468 195.556 0
282.261 189.203 0
164.43 170.125 0
55.8515 227.085 0
-47.012 263.464 1
-35.7445 281.983 1
263.556 229.609 0
328.895 173.745 0
221.487 120.433 0
413.325 103.118 0
359.08 -9.74628 0
344.588 -11.5218 0
314.769 -39.0752 0
-72.5908 11.6138 0
-123.88 69.3741 0
-58.2414 85.858 0
-89.2023 115.197 0
-146.37 182.026 0
-112.54 222.377 0
-129.672 314.701 0
-172.709 340.035 0
-224.755 362.45 1
-3672.04 819.58 1
-3714.31 824.158 1
-3816.95 930.743 0
-3814.63 925.44 0
-3825.14 891.125 0
-3927.37 823.052 1
-3896.93 812.077 1
-5463.2 762.647 0
-5486.46 763.864 0
-5520.55 775.119 0
-5513.02 777.73 0
-5559.77 823.723 1
-8548.31 757.23 1
-8629.68 774.078 0
-8608.11 843.049 0
-8603.56 810.16 0
-8609.87 768.385 1
-7138.71 809.43 1
-7147.12 806.589 0
-7162.77 792.365 0
-7170.25 787.677 0
-7190.3 828.765 1
-7213.44 729.436 1
-7264.3 742.474 0
-7482.92 865.927 0
-7650.04 872.752 0
-7711.94 867.908 0
-7665.53 897.737 0
-8993.75 307.217 0
-8716.24 346.046 0
-8006.08 217.197 1
-7998.32 273.955 0
-8022.19 282.584 0
-8147.72 293.115 1
-8098.75 354.344 1
-8108.56 339.255 0
-7918.01 432.983 0
-7977.2 280.011 1
-7939.02 239.507 1
-7898.79 293.772 0
-7893.6 360.263 0
-8202.17 1116.42 1
-7799.91 1634.22 0
-7824.49 1650.44 1
-7966.4 1677.14 0
-7471.69 1942.19 0
-8227.83 2193.33 1
-8225.39 2206.78 0
-9117.83 2277.65 0
-9104.62 2181.01 0
-9055.45 2221.33 1
