-10.9912 -12.7324 0
-33.7362 -45.5812 0
114.168 -77.3171 1
131.204 37.4024 1
173.091 147.691 0
155.694 187.847 0
120.028 229.916 0
217.487 240.193 0
210.098 230.226 0
92.2769 238.447 0
172.373 232.398 0
192.938 270.131 0
228.281 267.946 0
186.434 69.3417 0
161.895 108.799 0
170.207 21.0284 0
-364.467 144.64 0
-384.597 495.549 0
-3470.5 -10965.4 0
-3511.44 -10969.5 0
-3458.94 -10958.5 0
-3485.72 -10876.8 1
-3982.63 -10542.6 1
-3761.86 -10489.7 0
-3684.8 -10402.7 0
-3682.6 -10388.7 0
-4354.56 -10664 0
-4317.03 -10667.4 0
-4246.99 -10658.9 0
-4170.4 -10658.3 0
-4174.13 -10637.9 0
-3972.32 -10591.4 1
-3960.38 -10541.9 1
-4022.79 -10551 0
-3784.81 -10691.9 1
-3720.09 -10689.8 0
-3701.09 -10702.5 0
-3705.66 -10732.4 0
-3762.8 -10756.9 0
-3774.22 -10729.5 0
-3727.92 -10766.2 1
-3706.46 -10649 1
-2767.68 -11301.7 0
-2779 -11578.5 0
-2745.62 -11600.8 0
-2740.28 -11581.8 0
-2782.59 -11552.5 0
-2716.27 -11493.7 1
-2763.36 -11472.9 1
-2780.71 -11501.5 0
-2904.13 -11326.4 0
-2933.37 -11336 0
-3225.34 -11367.3 0
-3255.15 -11386.2 0
-3251.33 -11361 1
-1805.27 -10797.5 0
-1687.27 -11188.1 1
-1677.1 -11166.6 0
-1680.15 -11126.5 0
-1678.11 -11048 0
-1692.34 -10918.3 1
-1643.2 -10903.5 0
-1801.91 -10953.3 0
-1716.21 -10969 0
