2.89405 11.6114 0
-3.02961 36.414 0
13.9162 123.846 0
12.3172 177.658 0
8.86407 257.269 0
4.05048 289.33 0
13.6436 335.163 1
-278.369 307.302 1
-288.346 309.064 0
-283.521 320.341 0
-254.616 324.961 0
-281.392 332.781 0
-300.132 313.214 0
-304.954 299.491 0
-326.993 276.188 0
-311.657 216.583 0
-201.957 207.091 0
-237.628 212.199 1
-151.483 -87.1818 1
-181.793 -84.8374 0
-236.997 -68.5991 0
-260.971 -109.749 0
-215.128 242.225 0
-211.756 82.7434 0
-538.623 1081.23 0
-307.036 1573.45 0
-295.146 1322.45 1
-366.683 1233.14 1
-304.489 1218.71 0
-331.464 1199.33 0
-351.762 1252.5 0
-383.353 1289.1 0
-389.127 1505.39 0
-360.539 1516.07 0
-599.39 1808.46 0
-520.196 1952.51 1
-731.693 8100.98 1
