208.18 -373.138 0
199.791 -328.778 0
180.391 -259.451 0
162.662 -210.553 0
201.869 -110.723 0
107.076 -113.802 0
57.0341 -82.3539 0
109.689 -221.946 0
185.277 -122.804 0
237.147 -106.106 0
285.019 -109.679 0
285.576 -156.568 0
326.615 -140.856 1
355.914 -134.054 1
345.005 -99.5481 0
262.193 33.0848 0
248.622 73.4127 0
249.135 104.166 1
234.437 -202.764 1
122.652 -254.897 0
192.854 -252.413 0
154.64 -247.021 0
126.31 154.367 0
932.288 -2483.98 1
971.877 -2487.07 1
904.911 -2335.66 0
908.658 -2288.91 1
925.636 -2265.51 1
912.622 -2206.59 0
985.63 -2222.48 0
988.978 -2234.14 0
1012.8 -2236.93 0
1116.72 -2105.05 0
1144.52 -2068.1 0
1193.16 -2084.88 1
1304.92 -2143.79 1
