23.8205 71.327 0
61.7048 106.154 0
102.738 92.0189 0
35.7709 160.193 0
68.0703 189.898 0
60.2342 191.232 0
112.046 -7.72739 0
96.4081 -21.781 0
85.8002 -62.7304 0
122.263 -109.751 0
138.943 104.966 0
252.713 -169.257 1
270.502 -220.492 0
270.161 -219.366 0
288.326 -69.7251 0
275.977 -31.042 0
284.152 19.7964 0
271.643 48.9021 0
270.945 50.037 0
258.084 -9.56649 0
148.533 -76.166 0
188.772 -89.4465 0
260.217 -87.3232 0
259.581 -143.479 0
214.486 -68.6642 0
189.349 4.54574 0
202.562 -41.1818 1
220.846 -38.9828 1
232.783 -39.0054 0
229.337 -62.9685 0
299.701 15.3328 0
425.624 -55.9946 0
378.089 -32.4105 0
314.524 -5.45528 0
292.553 53.5631 0
517.836 -51.4588 0
957.004 -254.599 0
988.2 -216.575 0
1014.86 -117.154 0
1246.83 -448.143 0
1231.24 -364.665 0
1205.85 -321.101 0
1208.3 -259.422 0
1216.04 -216.46 0
1241.95 -215.727 0
1246.05 -214.037 0
1271.47 -264.842 1
2111.42 172.762 1
2050.04 143.335 0
2066.92 143.394 0
2105.07 163.819 0
2134.34 208.732 0
2184.18 121.134 0
2170.76 54.8009 0
2218.82 -43.8663 0
2328.65 -164.494 0
2319.39 -231.002 0
2287.67 -264.872 0
2321.75 -259.124 0
2393.23 -387.085 0
2386.79 -439.271 0
