-10.7066 92.2594 0
-12.7774 219.488 0
-16.1163 -151.235 0
144.553 -414.354 0
189.18 -400.893 1
-22.2388 -342.015 1
-43.9803 -372.419 0
-47.2926 -387.699 0
-11.2128 -379.534 0
31.3253 -377.59 0
-19.2289 -318.109 0
-16.2239 -289.062 0
-47.1884 -94.0669 0
-24.4805 -11.3975 0
422.545 -148.381 0
227.821 -689.429 1
161.695 -706.273 0
258.899 -737.238 0
196.509 -647.721 0
107.159 -479.509 0
181.523 -235.427 0
102.732 -278.8 1
67.2463 -444.102 1
257.892 -546.958 0
227.125 -473.012 0
159.266 -439.87 0
202.014 -404.631 1
148.371 -357.497 1
126.044 -321.721 0
73.6213 -297.97 0
81.33 -276.565 0
100.042 -270.182 0
104.72 -265.063 0
99.4909 -271.437 0
29.6926 -287.44 0
22.7285 -335.2 1
151.863 -479.754 1
150.642 -473.103 0
119.912 -468.239 0
145.498 -454.048 0
127.115 -477.016 0
128.907 -564.451 0
191.898 -466.544 0
179.514 -502.436 0
192.464 -555.969 1
5001.33 -143.446 1
5011.63 -159.521 0
5036.57 -240.726 0
5059.74 -289.434 0
5077.11 -324.039 0
5173.85 -599.295 0
5135.94 -547.875 0
5181.21 -593.287 0
5240.74 -645.456 0
5261.88 -678.474 0
5417.18 -459.287 0
5653.5 -823.424 1
5614.69 -777.323 0
5638.51 -668.218 0
5729.52 -721.932 0
5662.47 -302.744 0
5586.95 70.6906 0
5536.26 83.3931 0
5562.92 94.719 0
5608.62 -116.334 1
5610.65 -95.2348 0
5619.23 -90.0289 0
5606.82 -15.6981 1
5306.64 -401.856 1
5260.98 -450.091 0
5298.34 -397.008 0
5482.12 -268.735 1
