266.807 -34.2705 0
207.015 95.2844 0
212.572 273.17 0
147.297 376.035 0
127.048 412.066 0
149.037 356.398 0
155.005 328.278 0
152.348 363.769 1
68.9867 -230.036 1
58.6049 -237.835 0
61.3562 -222.621 0
65.5364 -226.693 0
41.1396 -225.317 1
350.058 -371.084 1
336.063 -381.111 0
318.13 -389.15 0
276.689 -374.878 0
209.757 -351.034 1
198.255 -284.403 1
227.486 -256.371 0
196.299 -212.804 0
148.858 -216.454 0
184.702 -200.055 1
0.168655 54.1482 1
6.37965 153.556 0
107.467 173.688 0
86.8819 151.149 0
-53.7092 168.861 0
-58.7539 208.873 0
-30.6672 186.263 0
-170.694 258.072 0
-233.326 222.45 0
-284.318 212.525 0
170.78 -183.715 0
219.632 -48.9567 0
233.018 -52.6533 0
647.093 618.663 0
1063.36 -1035.25 1
1012.87 -1017.74 1
1031.3 -1020.05 0
