9.88605 -17.1504 0
23.2917 -36.4706 0
196.921 -89.2892 0
-25.3015 59.7889 0
27.0177 99.2325 0
7.84633 144.757 0
16.3901 172.455 0
20.02 169.839 0
74.4255 21.3088 1
234.613 -757.146 1
213.754 -736.915 0
288.304 -393.013 0
330.094 -502.933 0
625.384 -596.817 0
688.383 -540.072 0
698.032 -521.413 0
666.064 -500.196 0
640.745 -493.453 0
575.205 -428.481 0
147.557 -636.238 0
109.478 -568.173 1
2717.39 -808.677 1
2693.72 -859.617 0
2675.79 -828.417 0
2765.43 -724.81 0
2753.2 -744.214 0
2758.18 -839.517 0
2804.81 -835.539 1
3216.4 -762.546 1
3235.46 -862.142 0
3235.32 -852.811 0
3222.89 -827.414 0
3212.44 -845.705 0
3230.63 -902.229 1
3759.36 -1230.74 1
3778.94 -1263.01 0
3787.52 -1307.04 0
3738.39 -1194.4 0
3810.84 -1164.64 0
