25.1071 82.8261 0
21.1312 66.4467 0
1.77907 107.523 1
198.313 -298.725 1
208.532 -286.557 0
186.285 -298.166 0
405.048 -325.45 0
292.93 -50.9269 0
381.851 -485.573 0
357.366 -460.136 0
371.817 -508.089 0
467.164 -566.349 0
465.224 -459.875 0
576.601 -398.386 0
611.697 -493.096 0
-259.565 -416.635 0
-313.733 -367.089 0
-331.171 -291.494 0
-357.118 -261.651 0
-403.747 -240.688 0
-401.072 -215.898 1
-369.355 -319.271 1
-372.476 -289.593 0
-348.047 -287.725 0
-277.189 -324.987 0
-347.878 -367.231 0
-320.267 -367.062 1
226.553 -144.302 1
775.091 -110.566 0
741.765 -106.002 0
751.525 -114.574 0
789.166 -176.495 0
819.424 -196.501 0
842.513 -201.122 1
1642.65 -361.343 1
