20.0757 43.9595 0
23.5525 71.5649 0
28.0111 70.2617 0
33.5861 63.6402 0
-19.251 81.3393 0
46.3454 -74.6524 1
90.8166 -170.106 0
55.3242 279.014 0
589.537 99.599 0
632.542 98.7043 1
756.109 -85.6774 1
678.025 -78.5225 0
633.792 -51.2853 0
579.639 -31.9082 0
578.997 -32.124 0
622.147 49.7234 0
605.89 49.5719 0
595.947 43.1279 0
646.124 24.3239 0
622.355 22.2644 0
494.508 185.421 0
432.737 -212.68 0
564.376 -151.609 0
599.601 -163.103 0
640.576 -62.1643 0
632.168 -3.68739 0
826.127 144.511 0
769.654 98.6127 1
650.184 -535.254 1
584.428 -507.004 0
565.415 -490.102 0
558.577 -427.507 0
513.713 -669.995 0
394.78 -676.578 0
395.487 -652.845 0
387.14 -631.552 0
559.792 -626.953 1
325.55 -491.418 1
355.998 -534.702 0
347.585 -545.742 0
344.226 -575.876 0
426.99 -610.619 0
245.192 -601.43 0
289.819 -592.423 0
499.77 -553.148 0
488.549 -567.618 0
1451.03 -529.739 0
1333.75 -445.179 1
1090.92 -373.679 1
831.446 -350.196 0
792.678 -321.848 0
3048.05 -535.985 0
