9.98234 -5.97736 0
-143.003 108.906 0
-135.54 217.027 0
-147.125 200.162 0
-48.8829 170.173 1
52.0432 64.2552 1
35.8551 67.2332 0
142.609 -474.468 0
143.196 -432.947 0
120.24 -336.839 0
-0.193832 -107.456 0
804.551 -1213.54 0
985.143 -1926.6 0
952.639 -1902.66 0
948.729 -1950.64 0
926.674 -1778.01 0
892.934 -1584.03 0
838.349 -1501.04 0
816.203 -1413.21 0
814.721 -1389.46 0
802.107 -1394.31 0
832.833 -1368.8 0
874.643 -1373.9 0
830.316 -1342.69 0
843.625 -1355.53 0
903.337 -1255.84 0
913.754 -1225.73 0
952.028 -1238.14 0
949.853 -1208.43 0
900.33 -1155.27 0
876.387 -1163.33 0
1049.69 -1348.76 0
1014.23 -1381.32 0
991.465 -1374.14 0
967.515 -1354.96 0
968.656 -1400.55 0
918.905 -1377.33 0
1054.91 -1567.51 0
1093.24 -1568.9 0
1123.58 -1549.29 0
1046.25 -1385.32 0
1000.94 -1336.97 0
1144.22 -1240.86 0
1139.82 -1244.12 0
1390.3 -1210.61 0
1423.22 -1219.65 0
1461.17 -1196.9 0
1463.47 -1276.51 0
1419.19 -1238.2 0
1381.46 -1065.73 0
1414.27 -1052.62 1
1425.44 -1092.96 1
1407.74 -1096.51 0
1410.24 -1051.97 0
1470.35 -1126.18 0
1240.35 -901.897 0
1214.01 -1119.72 0
1182.92 -1105.69 0
1232.6 -1138.91 0
1251.07 -1072.15 0
1246.57 -1042.83 0
1271.22 -1068.86 0
1328.28 -1125.81 0
1352.62 -1140.28 1
1400.64 -1187.11 1
1360.56 -1206.24 0
1278.77 -1138.19 0
1358.77 -1296.35 0
1378.12 -1007.05 0
1492.26 -1053.95 1
-65.0236 346.139 1
-120.996 257.064 0
-4915.73 2304.13 1
-4935.89 2257.06 0
-4910.93 2230.16 1
-5514.37 1856.62 1
-5510.2 1868.88 0
-5376.87 2008.61 0
-5384.35 1991.74 0
-5383.4 1983.34 0
-5351.27 1942.46 0
-5285.34 1893.37 0
