4.76722 -3.87748 0
-9.78698 15.4236 0
-20.0789 72.9609 0
284.272 80.6808 0
274.091 33.5548 0
269.333 31.4758 0
249.863 29.8343 0
255.671 157.466 0
252.621 294.255 0
225.689 295.652 0
209.692 306.679 0
232.59 325.572 0
12.4327 456.061 0
23.2212 511.681 1
258.3 -154.082 1
244.915 -185.074 0
244.881 -60.5454 0
226.605 -107.838 0
213.703 -151.77 0
489.699 -277.318 1
490.223 -274.173 0
341.874 -851.626 0
329.882 -898.013 0
254.366 -700.355 0
260.381 -737.321 0
330.149 -712.106 1
-140.963 -2199.1 1
-137.451 -2238.64 0
-173.692 -2220.89 0
-156.411 -2218.56 0
-262.37 -2150.99 0
-250.366 -2169.53 1
-416.733 -1072.18 1
-882.095 -1769.55 0
-880.717 -1847.65 0
-868.019 -1918.56 0
-851.012 -1877.78 0
