-14.1641 64.3457 0
-57.9492 101.709 0
-69.7655 83.7782 0
-76.0671 5.75735 0
36.7551 -38.429 0
44.369 -101.669 0
45.7736 -131.502 0
-524.216 195.775 1
-507.086 178.269 0
-286.844 377.02 0
-342.201 533.27 0
-244.98 407.881 0
-238.44 421.633 0
-239.988 402.413 1
-106.627 465.211 1
-135.766 430.094 0
-175.389 451.6 0
-157.151 455.153 0
-123.79 392.875 0
-111.65 450.645 0
-98.1438 504.9 0
-196.099 650.049 0
-333.021 737.14 1
-318.696 796.188 1
136.236 397.515 1
194.716 284.164 0
68.559 268.968 0
65.7425 219.641 0
116.984 223.929 0
-36.2872 82.1954 0
-143.831 3.98544 0
-129.448 44.1427 0
-85.2021 26.2184 0
-90.2678 49.2007 0
-37.0151 2.64228 1
-350.689 30.2645 1
-313.528 44.5685 0
-179.547 27.1106 0
-169.58 -5.67344 0
-169.333 -9.99223 0
-85.4848 -37.8912 0
-133.013 -10.3679 0
-171.706 20.991 0
-130.251 47.0013 1
-13.5367 8.34614 1
76.2828 -100.642 0
91.7105 -88.0661 0
149.054 48.793 0
122.801 89.895 1
103.607 141.103 1
-137.774 396.81 0
-159.509 444.364 0
-110.718 501.208 0
-168.272 500.074 0
-170.562 506.722 0
-214.884 522.531 0
-337.951 573.589 0
-260.498 530.569 0
-203.369 537.177 0
-214.181 534.042 0
-320.865 547.904 0
-252.994 576.752 0
-252.1 611.557 0
-234.547 600.113 0
-217.094 570.608 0
-190.078 577.405 0
-60.1396 555.822 0
-23.8631 562.656 0
8.22142 565.285 0
-3.2332 511.302 0
20.378 538.816 1
620.182 192.764 1
629.07 172.284 0
629.001 180.121 0
585.746 341.502 0
555.45 527.621 0
502.633 561.942 0
496.894 567.843 0
511.012 546.936 0
484.542 587.116 1
982.514 164.034 1
1035.17 185.172 0
1052.17 215.606 0
