67.7573 75.9672 0
43.1088 157.349 0
-13.5876 296.234 0
3.33638 375.347 1
58.0804 393.062 0
127.963 385.787 1
458.358 -103.876 1
472.661 -94.3875 0
-34.0857 -10.6877 0
-46.8853 37.5408 0
-33.0771 75.5353 0
249.153 167.702 0
191.548 296.141 0
296.66 232.776 0
611.124 11.6691 0
461.919 580.65 0
424.687 589.884 0
305.326 570.685 0
352.4 602.444 0
346.092 462.98 0
572.414 424.107 0
534.599 427.401 0
493.287 446.006 0
432.905 794.932 0
314.324 1138.62 0
281.576 1210.07 0
268.587 1292.7 0
228.27 1313.28 1
618.249 597.373 1
625.263 589.778 0
642.169 681.274 0
572.72 832.231 0
909.526 1159.27 0
823.202 1142.68 0
820.235 1215.95 0
710.757 1303.23 0
666.845 1453.82 0
567.981 1461.32 0
506.803 1452.12 0
448.943 1257.94 0
476.748 1242.57 0
-16.7569 1180.35 0
87.7294 1249.12 0
284.081 1153.79 0
468.934 1359.39 0
311.31 1153.57 0
353.802 1216.28 0
490.463 1074.76 0
506.692 1101.73 0
511.957 1183.91 0
383.69 1282.99 0
543.304 1440.61 0
912.876 -265.064 0
925.926 -290.991 0
31026 6482.18 0
