-24.7872 -15.11 0
-29.1088 -30.102 0
-117.076 -109.861 1
-116.113 -403.333 1
-99.3239 -440.896 0
-79.931 -480.834 0
34.368 -533.761 0
7.53951 -512.808 0
-19.1809 -487.025 0
-12.8169 -514.877 0
-60.8612 -544.389 0
-117.899 -540.443 0
-190.137 -445.01 0
3.86017 -381.298 0
-61.7553 -356.379 0
-204.501 -206.759 0
-196.98 -153.531 0
-343.493 69.8039 0
-328.724 94.8375 0
-260.485 77.647 0
-241.163 48.3063 0
-326.657 4.38978 0
-1075.87 -211.486 0
-1084.58 -211.485 0
-956.147 -216.777 0
-886.714 -266.102 1
-890.697 -237.173 1
-810.573 -219.008 1
-797.32 -199.824 1
-203.594 -132.602 1
211.462 -255.359 0
1369.05 21.7296 0
2735.09 -170.356 0
2238.01 -150.688 0
2217.96 -203.747 0
2221.66 -180.739 0
2252.15 -97.0261 0
2269.43 -43.3597 0
2707.29 282.526 0
763.56 -470.512 0
806.441 -475.268 0
866.019 -459.286 0
895.6 -420.419 0
1888.39 -442.799 0
2988.25 -969.283 0
2979.98 -973.287 0
3230.91 -1098.01 0
3193.19 -1042.99 0
3083.51 -1016.61 0
3039.36 -982.763 1
14528.6 -1963.98 1
