74.2504 25.1451 0
94.0585 11.1566 0
104.077 -8.52943 0
-6.23931 135.134 0
33.0641 48.9991 0
98.1411 124.283 0
102.823 162.316 0
110.294 286.771 0
100.215 341.663 0
81.3386 364.311 0
101.435 356.35 1
373.62 81.4563 1
400.069 169.53 0
457.803 168.459 0
406.194 180.203 0
440.893 227.624 0
134.971 551.409 0
153.106 790.788 0
243.094 772.58 0
254.991 765.82 0
247.213 770.582 0
221.866 810.749 0
204.571 738.505 0
249.638 687.055 0
272.355 651.676 1
350.43 -137.8 1
387.784 -133.398 0
405.92 -114.003 0
420.685 -88.2247 0
418.658 -55.1187 1
135.589 -339.692 1
109.888 -498.704 0
103.96 -526.954 0
264.359 -757.22 0
254.055 -799.597 0
91.203 -1056.05 0
60.1793 -980.826 0
-104.708 -868.332 0
-74.5318 -867.268 0
-92.2841 -843.294 0
456.967 -1104.87 1
442.016 -1114.24 0
381.029 -1117.55 0
294.025 -1077.38 0
1146.83 -1332.45 0
768.182 -1244.52 0
751.531 -1170.41 0
803.646 -1151.62 0
932.949 -1197.75 0
952.157 -1224.46 0
1032.1 -1349.89 0
1420.23 -1793.93 0
1335.8 180.988 0
1233.96 158.937 0
1190.79 140.58 0
1167.4 115.386 0
1199.49 62.087 0
1453.21 75.1568 0
1439.83 77.3551 0
2022.54 -326.862 0
1744 223.577 0
1681.87 215.204 0
1713.98 247.105 0
5541.98 -216.301 0
5504.35 -405.348 0
