174.141 -78.5856 0
302.633 55.649 0
296.117 119.76 0
296.769 120.919 0
272.648 -283.729 0
1118.91 1271.31 0
1130.34 1245.61 0
1151.22 1261.85 0
1196.25 1281.59 0
1227.59 1292.63 0
1254.48 1324.28 0
1280.46 1337.37 0
1217.99 1328.83 0
1215.88 1313.5 0
1226.3 1292.2 0
1238.12 1244.85 0
1279.8 1221.2 0
1274.32 1246.39 0
1286.79 1248.27 0
1317.87 1254.8 0
1348.94 1263.74 0
1377.77 1283.78 0
1334.51 1295.8 0
1337 1326.18 1
1351.9 1318.39 1
1363.53 1378.17 0
1443.26 1414.61 0
1469.56 1507.7 0
1421.38 1547 0
1391.07 1705.69 0
1535.82 1514.57 0
1556.83 1427.95 0
1666.99 1234.37 0
2042.75 994.89 0
2031.64 1015.48 0
2057.66 996.297 0
1454.48 1017.98 0
1455.81 1019.85 0
1419.31 1013.63 0
1474.03 992.112 0
1501.72 1038.63 0
1533.15 1070.44 0
1555.16 1053.23 0
1560.05 1107.19 0
1562.53 1210.34 0
1892.88 1012.86 1
