28.508 157.062 0
13.9152 187.365 0
-2.08619 233.631 0
-12.4557 228.708 1
-7.38708 180.058 1
143.122 -96.9905 0
97.6145 -132.092 0
156.579 -163.085 0
168.952 -142.873 0
180.785 -118.988 0
187.929 -65.6429 0
157.745 -30.346 0
162.057 -14.1158 0
196.654 -7.53586 0
247.209 -74.5759 0
272.351 -132.258 0
233.163 -172.249 0
274.705 -91.9927 0
244.405 -61.0629 1
233.147 -213.464 1
224.196 -210.035 0
276.276 -115.497 0
236.227 -90.0381 0
199.867 -104.232 0
294.635 204.838 1
156.255 58.0782 0
278.84 -160.149 1
282.124 -144.949 0
291.393 -121.229 0
402.575 -98.5121 0
701.649 -395.024 1
718.676 -392.439 0
707.831 -405.486 0
1613.92 342.544 0
1769.46 229.356 1
1800.1 153.614 0
1800.83 204.556 0
1824.81 252.856 0
1836.91 345.347 0
1820.3 417.788 0
1894.24 353.676 0
1925.17 357.903 0
2024.08 441.063 0
1953.48 485.634 0
1907.71 522.956 0
1849.96 478.091 0
1959.62 410.679 0
1964.17 319.5 1
2183.55 82.71 1
2181.38 130.063 0
2163.62 262.215 0
2110.09 321.733 0
2633.96 243.052 0
