-58.9133 -0.799321 0
-81.4748 34.7094 0
-43.4769 128.834 0
-820.503 422.061 0
-853.591 499.43 0
-929.437 527.857 0
-939.793 613.103 0
-1067.03 439.68 0
-1791.78 402.415 0
-1805.04 409.802 0
-1484.46 76.0205 0
-1456.61 32.2695 1
-1470.31 86.2117 1
-1536.79 174.009 0
-1496.94 411.652 1
-1575.05 433.375 1
-1567.15 468.815 1
-1499.04 533.168 1
-1503.19 560.934 1
-1485.71 602.718 1
-1506.01 589.362 1
-1464.07 594.725 1
2702.04 -457.407 1
2866.8 -362.309 0
2870.74 -325.107 0
2845.93 -277.949 0
2784.55 -23.7622 0
2768.26 -18.5195 0
2848.35 37.3782 1
4209.93 -202.877 1
3976.05 -414.109 0
5425.53 -62.7979 0
5398.48 90.5905 1
5452.31 101.594 1
5632.09 -99.5349 1
5662.73 -146.304 0
5703.89 -143.521 0
5658.72 -131.138 1
6910.8 -71.2001 1
6887.79 -68.7051 0
6890.12 -78.8432 0
6888.2 -70.6445 0
6792.12 175.192 1
6734.49 -190.491 1
6740.6 -130.729 0
6774.22 -91.7743 0
6749.06 -64.2244 1
6799.57 -92.7133 1
6932.31 -103.8 0
6886.09 -4.48197 1
6834.82 20.2481 1
7987.19 -207.609 1
7940.52 -183.228 0
8027.76 -204.003 0
