-26.7801 43.7907 0
-42.0368 72.7908 0
-50.5367 130.347 0
1.00852 167.063 0
-5.79984 193.295 0
-68.3953 301.193 0
-123.05 328.301 0
-152.377 356.231 0
-218.546 100.836 0
-195.349 108.457 0
-199.365 62.8524 0
-194.253 31.5767 0
-219.966 28.531 0
-176.66 88.1668 0
-70.5654 53.919 0
-71.0578 18.5085 0
-76.3882 -20.1607 0
-160.185 -32.663 0
85.0628 -3.91005 0
107.655 -76.3839 0
227.775 -151.322 0
284.504 -52.6021 0
458.812 -194.948 0
409.5 -154.59 0
1120.5 -595.835 0
596.706 -32.9438 0
589.897 49.5033 0
574.606 -70.9298 0
593.926 -223.497 1
-1398.5 -2762.5 1
-1396.92 -2756.87 0
-1404.59 -2741 0
-1409.37 -2727.12 0
-1398.04 -2699.56 0
-1704.78 -2649.85 0
-1807.26 -2576.35 0
-1800.86 -2378.51 1
-798.323 1573.4 1
-880.04 1620.67 0
-912.614 1638.29 1
-909.507 1594.87 0
-901.053 1596.63 0
-891.749 1583.82 0
-930.882 1573.88 0
-908.482 1653.11 1
-1480.38 1869.76 1
-1422.09 1852.76 0
-1437.67 1840 0
-1472.49 1824.47 0
-1364.05 1813.67 0
-1359.34 1795.04 0
-1310.34 1768.77 0
-1295.27 1753.87 0
-1287.09 1737.17 0
-1325.35 1757.43 1
-626.219 2630.12 1
-635.809 2585.89 0
-592.504 2559.35 0
-621.792 2570.59 0
-407.913 2391.15 0
-232.973 2212.52 0
-333.744 2362.4 0
-303.208 2192.96 0
-284.448 2203.94 0
-377.257 2320.74 0
-454.915 2431.95 0
-626.811 2306.22 1
-70.3173 2186.11 1
-120.616 2233.02 0
-138.971 2248.11 0
-129.18 2301.49 0
-176.685 2247.55 0
200.476 1522.63 0
233.244 1521.71 0
237.594 1551.79 0
182.63 1659.25 0
125.074 1801.88 0
96.6649 1852.82 0
110.802 1873.49 0
106.952 1869.99 0
234.776 1798.01 0
389.297 1655.25 0
-88.3988 1875.83 0
-283.569 1887.89 0
-338.502 1936.1 0
-710.593 1909.73 0
-785.343 1933.66 0
-782.716 1963.92 0
-789.899 1980.22 0
-792.519 1966.75 0
1710.17 2205.07 1
