26.3797 51.9708 0
18.5725 64.6316 0
20.1899 114.448 1
13.6632 141.378 1
16.4894 174.352 0
-21.9095 278.742 0
-40.2353 266.381 0
42.4942 272.556 1
33.1652 280.978 1
16.7202 304.552 0
62.9523 273.275 0
110.653 188.704 0
111.524 233.084 0
125.705 215.126 0
175.909 302.374 0
149.32 326.341 0
201.644 466.309 0
168.849 504.283 0
130.719 521.806 0
136.143 564.703 0
94.0926 640.676 1
66.7925 647.123 0
77.0602 621.09 1
5.14117 579.28 0
30.1561 543.806 0
-15.9962 446.39 1
-530.447 279.194 1
-539.231 253.387 0
-470.791 121.363 0
-659.565 371.526 0
-674.73 391.479 0
-316.485 306.285 0
-167.017 138.42 0
-173.366 -104.286 0
-177.603 -76.923 0
-208.773 -14.7754 0
-235.358 29.1532 0
-260.702 92.5648 0
-225.285 135.65 0
-219.706 104.941 0
-228.188 133.378 1
554.317 133.264 1
-689.392 -823.256 0
-675.137 -846.026 0
-582.548 -829.795 0
-229.821 -1010.41 0
-203.366 -1004.03 0
-181.95 -993.836 0
-163.777 -935.603 0
-133.212 -932.332 1
-115.024 -1094.78 1
-136.525 -1068.85 0
-183.682 -1025.78 0
-230.538 -1034.68 0
-237.762 -1023.42 0
-329.153 -968.017 1
-3597.68 -901.27 1
-3610.43 -875.549 0
-3436.37 -767.655 0
-3448.96 -720.491 0
-3475.3 -738.51 0
-3549.16 -727.15 0
-3570.86 -695.605 0
-3604.97 -711.549 0
-3587.76 -683.293 1
-3529.5 -682.744 1
-4920.75 -952.725 0
-4666.12 -883.058 0
-4742.91 -854.456 1
-4734.93 -840.626 1
-4691.23 -865.127 1
-4779.92 -885.245 1
-4735.66 -867.714 1
-4772.14 -932.72 1
-18759.2 -1060.95 1
-18759.1 -1079.91 0
-18796.5 -1120.87 0
-18832.8 -1092.7 0
-18820.8 -1041.61 0
-18793.6 -997.561 1
-18805.5 -960.621 1
-18838.7 -969.696 0
-18605 -988.838 1
-18627.7 -957.464 1
3207.16 -868.456 1
1022.51 67274.7 0
1029.44 67126.9 0
956.41 67066 0
1990.75 67020.6 0
2013.51 67860.6 1
1207.05 88872.6 1
1234.04 88637.5 0
476.777 88149.8 0
501.503 88052.2 0
419.049 87999.5 0
553.804 88106 0
632.082 87993.7 0
586.672 88067.8 1
870.074 87868 1
904.876 87799 0
880.6 87771 0
906.24 87803.1 0
853.639 87872.8 0
881.535 87855.4 0
880.901 87818.6 0
902.159 87869.5 0
779.336 87904.1 0
693.766 87973 0
1349.51 87112.8 0
