-10.9541 58.7065 0
-19.2662 100.094 0
-26.0287 78.7628 0
-18.1462 -23.5622 1
-27.6568 -260.056 1
-29.7961 -289.683 0
-63.5653 -304.393 0
-66.2212 -325.839 0
-82.4403 -270.284 0
-47.7042 -76.4745 0
93.685 -82.2433 0
102.06 -37.2129 0
203.647 141.295 0
248.883 287.019 0
-687.497 -422.194 0
-1136.03 214.429 0
-1317.05 154.591 0
-1521.59 14.4186 0
-1489.52 42.1922 0
-1593.37 17.1145 0
-1557.89 41.1529 0
-2484.67 -88.081 1
-2456.28 -128.556 0
-2327.12 -149.676 0
-2327.94 -213.472 0
-2331.69 -256.713 1
-7225.07 -86.682 1
-6364.9 -59.09 0
-6048.46 -344.315 0
-6040.78 -410.101 0
-6968.32 -343.676 0
-7000.44 -502.1 0
-6963.2 -572.896 0
-7241.4 -644.874 0
-7275.26 -535.302 0
-6949.54 -251.264 0
-6902.67 -61.1592 0
-7122.78 -1300.6 0
-6845.14 -1391.34 0
-6850.56 -1378.64 0
-6946.71 -1386.48 1
-6860.83 -1297.58 1
-5230.89 -229.695 0
-4752.51 -1181.36 1
-4696.2 -1163.97 0
-4679.47 -1240.56 0
-4633.48 -1318.85 0
-4627.31 -1128.56 0
-4688.74 -1077.04 1
-4765.18 -1150.92 1
-4698.87 -999.065 0
-4672.96 -866.526 0
-4673.95 -26.6981 0
-4567.36 -1357.22 1
-4661.1 -1422.33 0
