-3.1474 5.06627 0
-85.7732 -8.44218 0
-170.795 44.47 0
-259.255 186.645 0
-259.738 189.709 0
-236.735 191.241 0
-230.934 132.653 0
-270.994 91.2616 0
-383.849 -29.483 0
-396.234 -56.3366 0
-409.344 -141.761 0
-322.607 -95.5697 0
-226.389 -110.344 1
-103.968 -273.162 1
-162.334 -227.164 0
-143.773 -276.688 0
-21.4268 -272.094 0
-48.8165 -226.257 0
-80.0741 -99.8277 0
-91.8911 -9.06778 0
-106.696 112.377 0
-91.9467 178.258 0
-100.424 193.128 1
-80.7541 259.291 1
-103.134 304.808 0
-111.642 300.831 0
-6.30246 108.637 0
-43.4713 149.102 0
-75.4404 194.587 0
-98.2748 243.03 0
10.2011 384.278 0
26.9565 367.384 0
55.7143 377.251 0
32.8535 407.623 0
-5.75858 474.164 0
-12.7691 543.537 0
-95.9383 634.702 0
28.6709 319.391 0
-39.259 214.915 0
-79.0214 239.579 0
-76.7674 285.329 0
-102.651 358.023 0
-91.0378 378.003 0
-84.9667 394.201 0
-22.921 458.367 0
-4.38619 481.872 0
0.786031 490.059 0
-3.55898 531.144 1
-117.902 -255.589 1
133.78 -115.452 0
-130.999 -208.008 0
9.3065 -203.033 0
120.581 -183.303 0
3566.7 -1159.64 0
3611.06 -1112.56 0
3600.62 -1083.68 0
3525.65 -1097.76 1
