56.6046 -34.6947 0
98.8349 -78.1589 0
95.173 -34.401 0
100.5 -26.3997 0
73.7074 -7.85786 0
-11.6422 63.6195 1
496.323 127.568 1
548.329 76.8721 0
618.263 -23.5933 0
646.726 -34.0466 0
612.342 0.842014 0
652.438 -24.247 0
621.464 -61.295 0
587.727 -71.1701 0
570.286 -49.5997 0
572.689 40.8347 0
530.221 83.4794 0
577.07 130.329 0
883.922 -65.4715 0
943.787 -92.1752 0
940.74 -118.432 0
925.206 -179.942 0
922.687 -180.531 0
657.03 -534.886 0
683.784 -562.673 0
671.277 -493.053 0
634.791 -363.463 0
961.807 -411.197 0
967.157 -385.68 0
1059.85 -366.277 0
1103.04 -373.162 0
1013.32 -357.063 0
966.107 -354.749 0
921.471 -337.852 0
914.963 -376.222 0
913.21 -399.083 0
885.83 -294.721 0
799.981 -13.649 1
1787.87 -1787.28 1
1707.76 -1578.03 0
1841.7 -1723.97 0
1894.54 -1819.68 0
