5.29602 -86.2669 0
60.6636 -113.932 0
100.012 -114.047 0
-268.53 -151.39 0
-341.617 -142.416 0
-417.51 -170.287 0
94.7156 -40.2956 0
59.5854 -2.56499 0
53.8612 61.9127 0
44.3353 87.4019 1
235.251 406.717 1
225.997 352.629 0
209.065 312.102 1
37.707 -189.855 1
15.5142 -196.954 0
19.0289 -191.768 0
3.2037 -151.358 0
-8.40092 -143.974 1
62.939 -149.651 1
71.5497 -122.154 0
146.833 -10.3467 0
136.867 -166.178 0
1373.65 -983.544 0
1408.55 -1025.09 0
1390.44 -1024.18 0
1377.73 -1054.67 0
1402.36 -1081.37 0
1426.96 -1096.69 0
1448.21 -1100.35 0
1445.23 -1080.67 0
1388.99 -985.243 0
1334.45 -784.769 0
1289.24 -747.88 1
1106.53 -713.605 1
1131.21 -736.452 0
1147.34 -729.893 0
1126.26 -711.653 0
1122.07 -705.236 1
3236.57 193.865 1
3196.23 281.478 1
3213.82 301.281 1
3319.66 -140.314 1
3291.18 -85.9003 0
3376.77 -61.6167 0
3391.79 -114.094 0
3450.08 -227.61 0
3501.91 -61.4445 0
3476.06 213.178 0
3530.65 353.082 0
3469.34 444.093 1
3451.16 437.896 1
3427.32 398.017 0
4164.26 -74.8658 1
4155.9 -57.9028 0
