71.6377 83.0369 0
20.1253 123.193 0
75.0701 167.718 0
86.4905 200.346 0
197.646 204.946 0
122.004 227.273 1
-27.0835 -75.6812 1
-17.677 -33.1994 0
-25.4378 14.3534 0
-51.5535 9.62607 0
-303.689 -99.0201 1
3139.77 659.018 1
3074.46 469.38 0
3052.59 441.237 0
2927.61 426.609 0
2853.24 383.506 0
2866.7 367.904 0
2858.71 354.282 0
4343.05 1243.87 0
4344.32 1150.44 1
4339.28 1164.12 1
4333.92 1176.74 1
4399.29 1196.14 0
4523.14 1046.76 1
4809.44 681.748 1
4806.64 680.901 0
4819.58 711.392 0
4831.29 716.315 1
4832.57 711.682 1
