17.0236 -12.7324 0
19.2627 -24.1089 0
26.7687 -26.642 0
58.9195 32.397 0
17.6065 44.0121 0
28.307 7.55023 0
165.854 -333.653 1
183.143 -229.939 0
116.55 -234.158 0
272.753 -299.186 0
286.545 -328.042 0
305.271 -341.817 0
268.78 -343.64 0
274.626 -269.319 0
300.033 -339.105 0
340.98 -349.01 0
359.408 -155.006 0
452.715 -4.84058 0
363.285 -19.1605 0
684.285 -192.358 0
681.658 -211.279 0
690.901 -209.143 0
619.543 -153.166 0
568.44 -148.072 0
575.433 -241.289 0
579.859 -300.85 0
515.993 -333.103 0
478.867 -340.44 0
510.055 -222.943 0
531.703 -174.521 0
642.469 -109.967 0
630.626 -84.6109 0
700.889 -88.029 1
620.36 -51.3328 1
1671.74 438.162 0
1548.44 461.932 0
1557.03 465.434 0
1581.9 444.039 0
1434.29 532.556 0
1367.17 595.276 0
1221.41 477.445 0
2176.19 237.167 0
2225.82 306.692 0
2220.45 363.333 0
2196.55 426.927 0
2154.63 473.828 1
3009.33 -151.015 1
3012.13 -145.441 0
2954.96 -155.773 0
2845.66 -166.403 0
2749.97 -241.26 0
2783.05 -268.317 0
2785.23 -276.345 0
2792.48 -263.037 1
2737.56 -287.317 1
