-93.6067 35.3872 0
-81.9532 1.17268 0
-45.5951 42.8777 1
-57.8492 6.43221 1
169.655 32.3121 0
-144.713 212.488 0
-101.112 93.3562 0
-119.816 183.038 0
-114.005 101.808 0
-42.3733 -30.3482 0
41.2903 -29.1038 0
519.694 -308.811 1
574.733 -306.536 0
588.462 -333.272 0
613.753 -325.889 0
633.876 -273.458 0
655.872 -305.651 0
574.164 -230.904 0
563.653 -185.645 0
487.029 -61.6355 0
443.781 -1.71695 1
1282.88 -17.6836 1
1328.53 4.09415 0
1335.43 -38.1433 0
1398.2 -77.3728 0
1384.24 -24.2586 0
1396.06 -13.5692 0
1846.37 727.406 0
1868.56 702.25 0
1862.73 699.195 0
1930.17 678.943 0
1921.5 621.126 0
1939.94 596.628 0
1941.89 542.562 0
1944.17 536.423 1
1987.48 553.217 1
