-37.7027 49.6525 0
-1.41703 83.0633 0
-8.50686 83.2295 0
310.385 -235.775 0
281.238 -278.849 0
1386.31 -153.5 0
1474.46 -405.069 0
1463.51 -452.242 0
1462.71 -504.891 0
1490.71 -486.469 0
1322.7 -296.918 0
1238.59 -208.717 0
1171.33 -176.977 0
1089.05 -227.516 0
1067.16 -229.335 0
1042.59 -245.746 0
1010.78 -285.713 0
1018.77 -316.858 0
979.565 -316.109 0
1022.45 -311.954 0
1006.77 -247.588 0
981.256 -293.628 0
1048.73 -454.922 1
1244.05 -549.953 0
1234.1 -519.323 0
1244.96 -546.461 0
1271.08 -560.637 0
1403.83 -603.789 0
1605.97 -533.752 0
1649.21 -545.191 0
1583.52 -460.265 0
1560.25 -325.788 0
1382.99 25.5124 0
1259.01 -519.499 0
1241.29 -448.304 0
-1633.43 635.638 0
-1653.43 649.004 0
-1673.5 640.713 0
-1660.51 667.335 0
-1488.56 676.958 0
-1475.5 688.968 0
-1463.86 698.777 1
1452.14 1576.3 1
1441.94 1584.51 1
1450.48 1551.32 0
1456.79 1488.19 0
1410.55 1470.86 0
1437.65 1441.86 0
1414.24 1408.58 0
1431.85 1388.9 0
1483.41 1380.28 0
1437.24 1422 1
1231.1 1285.55 1
1353.49 1282.49 0
1343.31 1283.72 0
1361.97 1298.83 0
1575.59 1588.14 0
1413.68 2023.1 1
1397.6 2032.88 1
1304.5 2067.96 0
1216.03 2034.98 1
1453.24 1466.42 1
1464.99 1455.4 0
1534.46 1455.55 0
2177.65 973.467 0
-609.666 3281.79 0
-671.214 3467.72 0
-721.339 3511.53 0
-598.505 3351.94 0
220.706 -107.015 0
686.917 -887.507 0
677.27 -944.474 0
611.589 -660.771 0
563.581 -339.687 0
484.251 -293.567 0
487.719 -275.481 0
487.878 -268.157 0
476.46 -287.12 0
414.804 -292.141 1
371.206 -248.254 1
430.005 -261.754 0
594.072 -345.942 0
661.194 -411.772 1
2665.76 -2154.28 1
2704.3 -2174.41 0
2721.46 -2174.68 0
3451.25 -2707.77 0
3412.69 -2621.99 0
3369.53 -2597.12 1
