119.015 53.143 0
112.179 63.8457 0
98.8189 121.954 0
95.0493 155.037 0
85.162 177.359 1
-64.909 -39.1532 1
-78.8857 -60.6963 0
44.7324 -138.427 0
12.2626 117.815 0
-17.0036 187.86 1
-2816.06 -968.82 1
-2819.42 -972.898 0
-2765.71 -940.09 0
-2686.2 -917.668 0
-2491.64 -833.686 1
5688.16 -1101.04 1
5512.31 -1274.05 0
5484.62 -1325.1 0
5408.92 -1340.81 0
5314.95 -1298.57 0
5255.53 -1239.79 0
5247.87 -1144.16 0
5137.64 -971.558 0
5487.88 -2183.22 0
5514.25 -2080.26 0
5565.51 -2104.29 0
5270.41 -2465.22 0
5268.99 -2463.11 0
5419.92 -2414 0
5452.99 -2366.7 0
5458.16 -2343.17 1
5968.15 -1918.93 1
6008.22 -1927.04 0
5982.31 -1931.04 0
6003.89 -1908.53 0
5945.13 -1907.96 0
6404.98 -1838.12 0
6403.06 -1850.86 0
6371.2 -1827.64 0
6390.67 -1868.49 0
6411.81 -1876.24 0
6448.18 -1653.62 0
6438.53 -1668.44 1
7310.56 -897.101 1
7521.33 -1246.1 0
7361.48 -1314.64 1
5903.92 -1101.76 1
5900.75 -1071.37 1
6478.24 -1082.45 0
6582.21 -999.998 0
6570.4 -1004.11 0
6609.58 -1068.73 0
6588.26 -1044.82 0
6623.36 -1001.27 0
6677.93 -933.911 0
6797.95 -1105.41 0
6838.5 -1083.36 1
6841.55 -1062.4 1
6815.51 -1008.75 0
6813.59 -991.225 1
9943.37 -552.139 1
