2.75006 25.8842 0
8.81762 59.5011 0
40.9645 67.0956 0
41.9253 53.743 0
11.5733 92.0195 0
-10.836 124.391 0
-15.1784 94.5473 0
-51.6556 91.9053 0
-73.5627 119.227 0
-42.5585 153.91 0
-63.4568 133.518 0
-70.5396 163.085 0
-103.357 154.355 0
-124.884 196.583 0
-162.689 213.723 0
-313.094 86.9733 0
-281.047 79.0785 0
-331.901 93.9232 0
-863.854 119.92 0
-914.709 129.614 0
-32.4131 613.384 1
-50.291 453.863 0
-77.3921 479.498 0
-105.107 535.494 0
-123.072 574.944 0
22.2469 679.859 0
2.24609 892.594 0
-44.8922 863.326 0
-503.609 564.36 0
-502.369 699.633 0
-282.333 649.324 0
-398.95 912.939 1
-334.42 737.609 0
42.0048 705.127 0
57.0852 682.901 0
40.9439 692.511 0
68.4838 560.777 0
137.681 550.12 0
390.399 616.622 0
407.136 543.151 0
573.208 529.348 0
578.71 523.61 0
256.589 703.296 0
301.269 794.023 0
652.935 284.683 1
682.422 235.037 0
663.632 217.186 0
666.899 230.047 0
638.191 233.761 0
588.455 275.78 1
637.364 -725.188 1
521.128 -731.301 0
471.637 -769.588 0
457.012 -783.687 0
447.353 -789.983 0
605.726 -947.582 0
620.886 -1047.7 0
728.258 -1162.4 0
799.836 -1311.86 0
1083.18 -1488.23 0
1020.22 -1406.59 0
989.32 -1350.15 0
991.817 -1289.25 0
1002.58 -1224.58 0
1003.57 -1225.71 0
983.9 -1210.72 0
979.622 -1219.83 0
947.05 -1206.81 0
942.065 -1184.3 0
1020.14 -1291.37 0
1029.94 -1257.27 0
926.976 -1156.77 0
974.208 -994.459 1
963.164 -1595.23 0
999.088 -1584.99 0
990.026 -1575.65 0
987.047 -1560.27 0
985.507 -1559.71 0
995.693 -1550.05 0
1110.69 -1490.81 0
1160.52 -1518.34 1
1256.94 -1464.36 1
885.339 -2246.66 0
849.118 -2243.34 0
887.398 -2272.29 0
873.836 -2264.09 0
911.785 -2196.99 0
206.046 -2227.12 0
187.69 -2206.49 0
99.3362 -2241.47 0
95.7345 -2263.04 0
107.871 -2253.94 0
420.838 -2411.23 0
-30.17 -2316.22 1
-42.6292 -2349.66 0
