-7.33455 23.6976 0
25.4971 54.5422 0
-82.1167 147.232 0
-100.529 137.301 0
-25.6455 121.936 0
-73.908 194.416 0
-174.631 226.948 0
-168.476 226.202 0
-192.742 196.724 0
-158.934 193.63 0
-176.722 200.197 0
-20.437 -113.552 1
5.81506 -93.9044 0
12.3086 -125.094 0
-356.658 -54.8378 0
-393.259 -57.1604 0
693.875 222.453 0
600.51 184.31 0
562.992 183.925 0
538.058 224.606 0
449.893 316.655 0
499.846 384.506 0
611.945 332.679 0
623.396 354.812 0
628.44 422.058 0
516.289 530.473 0
471.772 547.622 0
468.855 535.794 1
508.675 465.886 1
475.612 488.909 0
420.337 219.805 0
428.022 209.791 0
525.488 179.67 0
610.717 161.364 0
580.568 168.206 0
216.808 535.44 0
145.695 172.176 1
463.543 474 0
-1637.6 1513.3 0
-2459.11 1578.04 1
-3491.03 1910.97 0
-3677.86 2163.46 0
-3735.61 2193.08 0
-1896.28 2051.18 0
-1622.78 1914.1 0
-1591.09 2089.6 1
-1492.36 2085.67 1
-1124.75 2603.49 0
-1722.49 2849.76 0
-1814.38 2934.88 1
-44906.4 11795 1
-44937 11756.8 0
-44166.3 11606.3 0
-44150.5 11593.2 0
-44025.9 11444.6 0
-43980.7 11398.8 0
-43896 11343.7 0
-43830.3 11361.4 0
-43801.5 11362.6 1
-43838 11350.1 1
-43840 11373.6 0
-43875.4 11412.6 0
-43884.8 11465.1 0
-43910.8 11527.4 0
-43880.1 11538.5 0
-43861.3 11588.3 1
-44013.5 11814 1
-43737.2 11488.6 0
-43821.8 11422 1
-42365.9 10378.9 1
