153.94 -121.81 0
238.765 -68.4683 0
1167.74 -296.827 0
1110.64 -345.379 0
1074.11 -354.087 0
787.816 -250.954 0
794.412 -269.53 0
656.027 -171.116 0
670.041 -149.838 0
705.388 -94.5783 0
706.487 -34.5314 0
657.998 10.6457 0
690.245 62.1542 0
666.267 79.9006 0
832.451 92.8756 0
1164.12 -159.782 0
1184.42 -204.504 0
1126.49 -214.002 0
1124.56 -227.302 0
1152.98 -188.065 0
1171.33 -167.976 0
1180.42 -111.957 0
1157.88 -20.2455 0
1174.26 -57.8228 0
1133.32 -28.8996 0
1129.25 -56.372 0
1167.77 -37.5883 0
1125.61 83.0232 0
988.206 181.483 0
873.227 268.241 0
1005.99 248.679 0
1039.28 223.244 0
1050.39 353.656 0
997.833 365.588 0
1028.87 285.641 0
1019 290.587 0
570.57 519.182 0
615.242 513.205 0
648.376 585.987 0
638.34 604.239 0
590.975 809.393 0
575.308 826.993 0
584.87 835.935 0
584.815 837.265 1
667.209 755.477 1
817.995 626.238 0
863.149 563.323 0
1702.76 151.698 0
1712.84 157.467 0
1633.79 102.377 0
1640.03 127.086 0
1642.95 172.756 0
1590.44 280.008 0
1654.08 251.967 0
1715.77 254.686 0
1835.76 191.645 0
1777.39 240.905 0
2380.72 -406.181 0
2451.73 1794.77 0
2567.28 1759.13 0
2531.37 1710.25 1
2507.66 1686.01 0
2470.5 1633.33 1
2486.9 1651.85 1
2460.4 1627.01 0
-1095.67 1558.62 0
-1057.34 1559.29 0
-1035.78 1580.68 0
-1025.94 1569.76 0
-1027.3 1559.71 0
-949.198 1686.69 0
-1147.51 1817.27 0
-1140.24 1837.78 1
-1209.07 1906.54 1
-1222.39 1870.35 0
-1229.03 1870.3 1
-1199.39 1844.45 1
-331.552 1869.33 0
-273.599 1853.44 0
-270.513 1827.94 0
-382.867 1831.56 0
-415.738 1839.95 1
-414.46 1882.32 1
156.503 1724.43 1
192.932 1814.96 0
