-33.2925 -9.75771 0
-82.0359 47.2314 0
26.8785 176.253 0
12.5428 98.6822 0
-23.1616 56.398 0
-29.5194 29.1389 0
-61.8695 -29.6234 0
-72.6099 -58.0065 0
-80.3801 -82.1899 0
-118.533 -100.608 1
206.905 -161.119 0
-431.485 166.867 1
-459.679 209.564 0
-454.219 286.038 0
-460.818 186.895 0
-448.017 193.649 0
-432.632 215.308 0
-216.045 471.422 0
-247.454 527.904 0
-279.643 607.89 0
-310.627 655.09 0
-345.532 642.44 0
-269.638 640.468 1
-302.183 632.337 1
-290.529 643.003 0
-313.303 681.521 0
-292.428 747.24 0
-362.985 710.319 0
-392.481 710.75 0
-468.835 757.764 0
-537.146 787.357 0
-857.529 768.635 1
-932.883 886.678 0
-975.042 906.722 0
-983.146 959.088 0
-1000.9 901.763 1
-1051.04 611.91 1
-908.814 145.46 0
-733.995 84.7657 0
-285.231 -112.612 0
-273.288 -149.138 0
-299.318 -180.792 0
-289.417 -299.087 0
-268.888 -295.628 0
-262.419 -291.58 1
-197.34 -280.553 1
3115.24 2328.37 0
3052.91 2345.29 1
2935.89 2268.7 0
3098.73 2332.58 0
3023.34 2308.56 0
3028.31 2362.47 0
3017.98 2380.48 0
2966.23 2354.66 0
2993.09 2378.55 0
2992.11 2366.3 0
2991.16 2365.03 0
2991.49 2369.22 0
2993.25 2470.48 0
2928.83 2452.72 0
2930.49 2520.21 0
3184.84 2501.74 0
3210.11 2483.45 1
4228.14 2260.5 1
4207.96 2373.85 0
4159.62 2444 0
4213.57 2471.08 1
4217.27 2396.5 1
3723.93 2187.61 0
3697.42 2211.64 0
3699.13 2255.13 0
3758.53 2287.67 0
3766.15 2309.12 0
4151.53 2269.1 0
4234.5 2148.58 0
4235.97 2049.8 0
4262.06 2004.06 0
4302.69 1915.3 0
4280.13 1817.72 0
4216.83 2480.99 0
4219.19 2462.81 0
4209.5 2457.5 0
4157.53 2482.54 0
4157.17 2465.75 0
4173.78 2419.46 0
