45.6642 -60.6411 0
85.1496 -70.9937 0
146.783 -162.023 0
144.886 -145.55 0
160.54 -127.303 0
170.03 -69.2422 0
196.96 -26.4807 0
212.119 -3.72231 0
236.911 -57.5539 0
270.359 -78.5564 1
270.861 -138.977 1
271.491 -129.401 0
258.306 -140.273 0
225.911 -121.128 1
202.507 -80.7385 1
233.23 -83.63 0
255.601 -126.466 0
265.536 -129.388 0
336.871 -173.713 0
367.83 -175.755 0
349.15 -91.028 0
315.028 -53.7032 0
257.417 -38.3001 0
261.916 -38.7941 0
279.783 -38.0921 0
388.71 -90.9247 0
407.862 -134.969 0
361.945 -141.96 0
416.818 -131.243 0
235.564 182.982 0
157.845 183.312 0
156.663 215.792 0
162.125 225.882 0
315.441 328.572 1
820.702 -388.47 1
823.887 -325.308 0
814.203 -314.34 0
831.443 -284.63 0
826.38 -256.763 0
815.525 -347.79 0
780.26 -280.034 0
760.232 -182.811 0
742.554 -128.511 0
666.961 -66.2096 0
677.74 -147.573 0
817.017 -220.254 0
763.549 -137.878 0
716.069 -167.222 0
734.863 -167.76 0
743.241 -173.265 0
759.69 -173.839 1
563.339 6.11322 1
588.962 8.80108 0
561.153 49.7777 0
602.825 50.1031 0
640.53 22.9433 0
666.808 9.92241 0
629.326 90.2651 0
866.487 38.0771 0
897.725 -9.94209 0
1146.5 -118.008 0
1169.5 -158.617 0
1312.93 -259.492 0
1221.76 -1.23547 0
1034.9 184.071 0
1052.84 247.822 1
1312.41 266.76 1
1324.93 272.357 0
1344.82 268.771 0
1526.15 187.557 0
1553.83 203.53 0
1561.43 231.115 0
1559.7 278.57 0
1702.08 224.956 0
1703.69 202.722 0
2107.72 140.488 0
