-23.2985 52.2244 0
-35.0564 55.1399 0
-43.7905 61.864 0
-86.1303 49.156 0
-84.4171 54.1497 0
-21.9234 56.4706 0
48.8722 17.7152 0
106.658 -41.5001 0
115.699 -56.0787 1
-253.262 -57.337 1
-246.423 -47.3386 0
-459.987 21.6849 0
-461.01 35.9103 0
-446.371 63.8911 1
-444.869 212.904 1
-40.1521 53.6213 0
-21.1195 43.1684 0
-26.3858 6.31393 0
53.7516 -32.0851 0
133.203 -22.9923 0
130.994 -64.5493 0
175.41 -93.5216 0
175.156 -93.2233 0
-40.0406 -66.1917 0
1.95366 -70.9479 0
87.0551 -84.1802 0
61.4612 -42.8018 0
88.4849 -19.6365 0
135.202 -12.477 0
181.584 11.9763 0
242.742 9.01996 0
482.286 -94.8809 0
435.507 -50.3637 0
467.526 -25.2794 0
464.727 -51.0771 0
561.812 -70.6361 0
562.425 -53.2996 0
562.528 -26.5685 0
533.162 -8.51047 0
772.727 -130.656 0
836.406 -63.5455 0
801.205 145.868 0
818.771 39.0682 0
952.085 -181.612 0
704.418 -144.682 0
689.248 -147.493 0
2004.02 -898.165 0
2000.3 -875.556 0
2039.75 -919.196 0
2028.83 -870.332 0
2044.74 -1013.2 0
1906.5 -733.312 0
1637.24 -639.365 0
1529.3 -799.913 0
1580.97 -748.476 0
1609.75 -748.279 0
1668.19 -242.288 0
1818.53 -372.141 0
1802.21 -273.513 0
2132.04 -443.76 0
2187.19 -518.196 0
2299.47 -619.275 0
2291.88 -650.968 0
2336.26 -630.499 0
2318.19 -150.109 0
2358.52 -124.892 0
