-24.3341 44.609 0
-28.6699 89.7297 0
66.9873 61.9637 0
75.6647 66.6405 0
63.838 52.9236 0
28.3576 38.5612 0
-16.5721 45.9539 0
-89.8614 49.6847 0
-144.944 35.5271 0
-191.546 57.6012 1
-304.809 152.338 1
-158.97 153.269 0
-194.285 246.524 0
-93.7573 234.994 0
-105.262 169.268 0
-151.424 130.258 1
-184.921 175.666 1
-2.23955 439.622 0
43.5378 61.2312 0
60.8401 56.1164 0
89.6402 71.7302 0
81.8541 43.1352 0
110.906 15.3465 1
86.7201 -47.5952 1
70.2416 -103.554 0
71.6582 -135.755 0
196.255 -171.296 0
325.534 -132.461 0
370.739 -153.271 0
-1242.75 3017.38 0
-1381.55 3366.79 0
-1396.62 3390.49 0
-1455.39 3364.3 0
-1475.72 3380.22 0
-1636.7 3150.85 0
-1657.66 3152.74 0
-2040.96 3225.54 0
-2073.51 3236.94 0
-2077.65 3327.32 0
-2063.65 3879.53 0
187753 -445593 0
