2.38156 23.5371 0
3.96246 44.0892 0
34.7956 4.67022 0
10.9384 -53.13 0
2092.94 -1038.26 0
1913.08 -601.587 0
1986.64 -634.299 0
1998.14 -449.634 0
1978.26 -365.046 1
1994.78 -588.307 1
2018.73 -581.758 0
2342.14 -788.033 0
2293.84 -763.069 0
2314.47 -759.034 0
2414.39 -632.691 0
2431.69 -547.153 0
2382.27 -643.785 0
2419.86 -617.778 0
2456.27 -599.747 0
2651.08 -624.26 0
2584.31 -524.404 0
2645.47 -475.215 1
2097.39 -525.353 1
2332.08 -566.142 0
2318.39 -538.161 1
2308.75 -530.972 0
2310.61 -516.323 0
2332.86 -498.435 0
2303.08 -468.376 0
2267.38 -441.275 0
2295.02 -450.327 0
2445.2 -475.015 0
2475.25 -367.185 0
2583.97 -423.398 0
2617.1 -436.569 0
2702.61 -490.767 0
2751.69 -528.319 0
2740.72 -564.447 0
2798.63 -652.789 0
2820.98 -717.47 0
2737.5 -649.001 0
2746.78 -703.11 0
2682.19 -725.274 0
2582.82 -538.096 0
2660.6 -501.503 0
2674.1 -520.043 0
2993.85 -669.454 0
3028.86 -666.376 0
3075.6 -659.734 0
3179.53 -657.249 0
3202.02 -634.951 0
3236.6 -572.508 0
3231.41 -559.238 0
3247.32 -486.566 0
3251.34 -447.12 0
3277.64 -400.473 0
3265.39 -408.042 0
3195.5 -423.845 1
3166.33 -373.546 0
3148.22 -354.844 1
2101.26 -420.467 1
2100.39 -402.958 0
2088.82 -369.571 0
2101.96 -330.831 0
2148.91 -275.439 1
1860.78 -273.551 1
2472.14 -378.417 0
2448.13 -311.852 0
2321.78 -192.541 0
