-7.91189 47.2712 0
-69.41 89.0131 0
-219.665 93.844 0
-235.543 87.6542 0
-242.812 108.564 0
-215.639 162.163 0
-215.61 188.134 0
-731.575 306.719 0
-724.414 326.054 0
-731.836 356.391 0
-762.953 409.242 0
-860.07 459.169 0
-806.473 402.123 1
-774.321 372.276 1
-702.938 429.548 0
-634.829 445.382 0
-1376.15 691.538 0
-1464.75 447.207 1
-1445.61 426.942 0
-1408.28 482.005 0
-1362.2 503.057 0
-342.547 539.97 0
-295.705 582.148 0
-289.551 622.684 0
-262.649 701.209 0
94.1345 -34.3052 0
156.636 74.192 0
123.479 111.862 0
95.573 178.409 0
-20.8559 229.475 0
-64.0258 262.993 0
-79.3766 332.909 0
-83.5273 384.054 0
-109.711 383.282 0
-95.5388 360.189 0
-50.3592 368.801 0
-0.915806 382.923 0
-12.6546 428.207 0
-97.7275 480.537 0
-101.864 453.116 1
1503.34 939.563 1
1654.11 737.238 0
1380.78 873.343 0
1447.27 893.645 0
1571.52 913.21 0
1536.76 943.588 0
1389.5 895.127 0
1462.09 850.136 0
1168.85 850.681 0
1397.87 817.025 0
1305.59 1069.47 0
1087.32 2047.48 0
1090.27 2017.39 0
1082.37 1946.65 0
1085.57 1941.13 1
1156.32 1340.79 1
1185.1 1290.1 0
1275.41 1200.36 0
1246.39 1204.71 0
1198.86 1088.54 0
1127.77 1087.24 1
1115.03 1080.15 1
1416.11 999.356 0
1402.26 963.546 0
1397.8 971.751 0
1507.84 990.893 0
1438.24 891.04 0
1228.5 839.221 0
1182.56 875.492 0
1167.29 856.842 0
1132.89 841.753 1
1090.21 794.116 1
1059.6 791.796 0
1070.97 807.531 0
1140.5 836.698 0
1149.94 854.529 0
1207.38 1126.63 0
1245.59 1317.24 1
1237.6 1376.34 1
1124.19 1369.73 0
1185.96 1358.93 0
1221.47 1371.05 0
1242.8 1389.92 0
1219.18 1392.31 0
1220.33 1409.05 0
1226.14 1397.86 0
1242.92 1401.18 0
1318.45 1444.63 0
1144.04 1099.77 0
1527.5 1371.37 1
1536.38 1394.17 0
1530.57 1470.15 0
2077.64 1227.8 0
2072.76 1148.9 0
2124.05 1071.93 0
2161.68 1052.8 0
2114.81 982.344 0
2060.54 937.741 1
2060.61 1000.24 1
2108.99 1030.97 0
2167.17 1039.28 1
2224.4 1027.56 1
