-219.028 232.179 0
-114.946 169.44 0
-128.263 202.544 0
-159.762 261.207 1
77.2301 -122.518 1
79.0494 -98.5548 0
89.2987 -37.0895 0
140.087 -41.3943 0
103.644 -50.9478 0
119.366 -77.477 0
125.141 -91.2288 0
102.91 -94.7021 0
21.8394 -89.8739 0
88.9732 -85.6866 0
117.414 -73.5371 0
3.09068 -25.901 0
-47.9269 104.924 0
-22.5492 241.056 0
8.81205 157.386 0
7.30187 117.055 0
54.5781 160.85 1
678.8 11.51 1
646.213 47.5958 0
707.264 47.2372 0
737.757 99.6227 0
854.531 113.876 0
830.491 136.149 0
817.91 137.912 1
819.732 121.757 1
1030.33 -181.05 0
1045.61 219.998 0
948.658 183.859 1
1416.53 70.9742 0
1377.68 -16.1556 1
1405.36 15.3734 0
1395.06 47.7585 0
1415.3 11.0917 0
1983.7 683.444 0
1039.05 566.181 0
1467.03 104.846 0
1469.93 70.4909 0
1531.28 -720.305 0
1504.58 -663.451 0
1499.26 -706.662 0
1466.81 -627.852 0
1449.6 -563.374 0
1554.19 -559.073 0
1570.37 -605.491 0
1594.42 -561.274 0
1637.79 -484.328 0
1596.18 -448.352 0
1572.55 -392.831 1
4135.6 -166.891 1
4185.02 -504.148 0
