30.8759 18.2857 0
55.8763 46.1246 0
-25.6725 42.8598 0
-25.0939 116.704 0
3.80935 200.312 0
34.9656 276.886 0
173.678 272.876 0
153.146 490.577 0
58.191 544.887 0
82.2059 622.132 0
106.127 670.072 0
126.204 661.694 0
219.117 715.773 1
878.244 398.347 1
869.858 371.893 0
929.05 367.229 0
1008.16 171.826 0
1047.8 93.1158 0
1056.27 -58.4193 0
1058.1 -67.909 0
1051.68 -47.2051 0
1118.13 -55.7216 0
1188.56 -57.0664 0
2004.76 196.049 0
2013.2 138.486 0
1981.89 111.539 0
1967.04 131.624 0
2055.09 137.266 0
1669.06 -28.8943 0
1698.66 -20.8362 0
1825.43 9.17643 0
1794.18 36.4635 0
1751.88 25.5015 0
1721.31 44.8574 0
1673.7 40.1343 0
1608.49 76.957 0
1650.56 53.8327 1
1193.31 530.131 1
1240.83 526.596 0
1195.63 575.073 0
1211.3 536.48 0
1147.54 556.723 0
1051.99 542.027 0
1006.31 511.203 1
1012.12 473.985 1
1394.55 -364.89 0
1355.53 -324.699 0
1362.55 -273.522 0
1414.01 -266.457 0
237.979 1988.5 0
464.89 1889.15 0
414.831 1949.06 0
535.1 1433.09 0
465.921 1428.79 0
407.725 1462.83 0
400.372 1493.03 0
227.19 1338.23 0
235.661 1332.11 0
236.573 1264.18 0
288.442 1242.58 0
386.698 1269.29 0
370.531 1233.01 0
332.899 1260.92 1
326.209 1244.94 1
5838.61 5137.75 0
5943.3 5795.05 1
5904.9 5784.55 1
5903.1 5777.84 0
5937.25 5599.89 0
5909.79 5345.48 1
5896.07 5315.62 1
5841.88 5284.81 1
5847.4 5296.92 1
5791.05 5058 1
5771.56 5035.91 0
5752.5 5059.28 0
5766.96 5264.25 1
5123.16 6579.87 1
5355.72 6584.17 0
5492.86 6692.19 0
5038.72 6520.61 0
5027.92 6527.95 0
3977.32 6544.73 0
4154.45 6499.91 0
4223.37 6478.43 0
4801.82 6636.45 0
