-4.75663 58.6107 0
5.81723 94.147 0
47.5556 207.087 1
25.973 253.344 1
25.143 242.43 0
610.108 -644.896 0
589.847 -780.494 0
469.066 -758.98 0
463.821 -740.739 0
409.116 -654.303 0
469.863 -496.336 0
490.871 -414.386 0
485.829 -383.128 0
473.701 -314.486 0
461.721 -244.736 0
432.788 -136.565 0
414.1 -69.2619 0
384.725 -78.2782 0
419.268 -176.441 1
372.954 -239.969 1
655.253 -185.279 0
731.884 -253.121 0
696.144 -197.85 0
664.763 -156.385 0
664.11 -106.617 0
786.932 -84.9762 0
873.723 -253.619 0
829.079 -291.445 1
787.498 -220.468 1
791.288 -219.88 0
865.088 -198.554 0
1098.29 -106.929 0
1074.12 -171.147 0
1062.6 -109.789 0
1066.08 -35.4839 0
1098.21 -101.416 0
1106.21 -207.557 0
1089.95 -220.833 0
1104.92 -99.9919 0
1246.35 -113.468 0
1464.66 -59.7606 0
1257.97 -110.89 0
1252.45 83.4242 0
1192.44 413.656 0
1249.81 525.581 0
1308.51 574.506 1
1333.91 517.564 1
1338 522.424 0
1366.85 534.307 1
1784.76 281.63 1
1611.58 317.094 0
1579.34 349.16 0
2247.11 -281.021 0
603.908 48.0313 0
661.406 67.0169 0
993.945 51.0578 0
