1.76062 -28.9643 0
126.731 -71.9504 0
159.223 -57.1049 0
185.363 -19.1904 0
231.642 -56.5355 0
203.661 100.13 0
316.111 -73.6255 0
313.837 -95.1242 0
376.144 -120.521 0
333.22 -180.998 0
-365.816 -475.815 0
-390.913 -441.186 0
-46.9994 -465.974 0
195.119 -933.612 1
215.615 -893.827 0
217.787 -845.445 0
190.53 -744.052 0
179.346 -694.801 0
190.622 -695.786 0
77.4701 -549.489 1
-3.34241 -417.133 0
6.2346 -398.894 0
-24.3654 -369.483 0
-39.2046 -314.871 0
-78.4161 -224.424 0
-89.7555 -246.067 1
456.65 392.509 1
496.254 377.884 0
477.49 396.4 0
499.542 353.668 0
530.067 385.802 0
560.545 384.536 0
329.084 325.787 0
407.542 252.208 0
374.072 281.514 0
400.096 306.592 0
381.944 297.436 0
406.963 292.591 0
355.738 337.902 0
427.437 314.758 0
446.932 302.251 0
487.882 303.081 0
446.354 280.455 0
414.388 232.9 0
416.178 219.115 0
463.115 201.59 0
663.357 166.534 1
738.879 -287.999 0
646.065 -323.611 0
676.78 -335.619 0
675.661 -341.812 0
710.85 -347.014 0
666.38 -367.232 0
645.102 -380.734 0
670.08 -479.423 0
600.192 -418.827 0
