-39.9022 38.6746 0
-38.2287 63.5202 0
71.1971 101.888 0
55.4058 105.399 1
-554.691 -69.0419 1
-514.252 -86.2335 0
-476.967 -96.3061 0
-452.401 -95.0468 0
-430.155 -83.067 1
207.931 177.809 1
208.17 184.661 0
189.435 149.816 0
198.862 198.577 0
191.39 234.048 0
182.056 268.71 0
194.695 356.154 0
225.956 426.341 0
192.743 433.288 0
87.4581 352.818 0
122.933 299.025 0
136.347 184.054 1
67.4053 88.0773 1
91.3086 100.282 0
224.464 83.3135 0
319.198 29.5854 0
367.454 6.73825 0
451.911 -45.9005 0
459.542 -75.5936 0
330.014 -84.6847 0
343.077 -137.389 0
336.135 -119.91 0
333.838 -109.003 0
425.109 -123.755 0
390.811 -129.078 1
385.342 -212.154 1
381.919 -221.395 0
378.837 -213.044 0
310.43 -279.14 0
141.632 -218.572 1
144.505 -173.391 1
247.898 -205.038 0
193.929 -199.726 0
186.104 -169.959 0
174.822 -57.4742 1
265.995 -65.1257 1
-278.328 -49.2406 0
-325.315 -45.1742 0
1323.82 -965.484 0
1307.61 -1020.46 0
1308.37 -1009.74 0
1303.72 -1030.1 0
1209.5 -838.405 0
1325.21 -867.243 0
1211.94 -495.029 0
1237.8 -535.709 0
1279.08 -465.671 0
1312.57 -563.439 0
1290.79 -538.826 0
1287.51 -549.853 0
1256.63 -575.447 0
1300.89 -579.414 0
1351.64 -596.349 0
1393.55 -603.349 0
1407.69 -582.913 0
1414.49 -534.926 0
1431.58 -483.553 0
1470.28 -433.452 0
1473.77 -363.214 1
2206.95 -697.937 1
2205.5 -638.808 0
2173.83 -555.961 0
2221.94 -535.186 0
2198.02 -469.854 0
2193.25 -402.731 0
2179.82 -357.756 0
2205.86 -331.365 0
2242.63 -356.458 0
2349.22 -400.062 0
2428.63 -367.193 0
2382.25 -352.968 1
3216.32 293.463 1
