-7.8054 -28.3651 0
-104.586 1.93941 0
-206.723 -12.2048 0
-330.874 -50.0446 0
-1442.45 37.011 0
-1063.21 125.02 0
-643.511 44.6344 0
-725.339 128.919 0
-741.734 137.379 0
-878.824 107.301 0
-886.088 150.669 0
-633.923 417.898 0
-620.981 449.403 0
-650.329 435.673 0
-681.362 406.542 0
821.354 254.587 0
785.016 328.181 0
622.246 280.393 0
578.411 129.363 0
607.755 107.663 0
659.804 113.269 0
601.825 80.2094 0
714.757 55.6078 0
695.158 49.2937 0
750.706 72.3863 0
788.49 102.745 0
827.031 145.257 0
837.461 154.298 0
838.998 180.745 1
782.26 193.301 1
763.609 219.864 0
699.38 297.382 0
707.868 330.885 0
836.344 421.022 1
855.522 447.076 1
864.928 365.727 0
873.108 297.001 0
826.559 290.215 0
825.005 282.771 0
738.247 264.466 0
737.254 285.301 0
768.413 321.769 0
752.214 342.765 0
983.704 -297.32 1
1033.32 -254.395 0
1160.34 -256.587 0
1106.71 277.297 0
1073.92 95.504 0
1069.56 765.225 0
995.263 653.887 0
980.621 555.065 1
995.519 475.185 1
1000.52 462.468 0
1021.83 485.34 0
1059.15 482.84 0
976.388 421.591 0
928.864 538.543 1
1048.55 -224.517 1
1105.69 -282.618 0
1294.55 -271.955 0
1298.68 -257.957 0
1293.61 -258.697 0
1323.89 -289.663 0
1339.07 -321.476 0
1360.51 -342.239 0
1426.11 -260.111 0
1438.54 -253.513 0
1442.18 -223.778 1
1410.98 -279.795 1
1395.62 -316.722 0
1477.61 -312.477 0
1427.08 -340.115 0
1402.45 -303.846 0
1434.79 -317.569 0
1407.23 -311.848 0
1470.3 -321.355 0
1453.76 -328.736 0
1448.38 -332.905 0
1174.19 -328.975 1
1166.28 -274.995 1
1184.59 -493.88 1
1458.18 -467.999 0
820.573 -343.701 0
864.952 -432.48 0
1123.15 -672.382 0
1196.9 -789.537 0
998.151 -73.4474 0
982.784 -21.811 0
1005.4 -0.807043 0
