-6.75966 4.35281 0
-358.681 37.2741 0
-320.51 53.9046 0
-326.227 -15.0711 0
78.6991 -268.528 0
115.531 -176.723 0
112.268 -172.567 0
103.194 -122.919 1
273.442 -364.389 1
215.976 -414.154 0
212.336 -410.699 0
209.549 -441.164 0
203.984 -450.398 0
200.224 -499.166 0
131.013 -518.887 0
128.782 -461.39 0
121.653 -516.632 0
103.634 -487.656 0
100.891 -469.966 0
65.5223 -400.592 1
300.295 -879.399 1
298.533 -839.489 0
305.569 -785.392 0
313.945 -780.519 0
661.665 -797.637 1
660.082 -707.587 0
585.934 -873.431 0
432.476 -646.372 0
425.851 -582.526 0
582.23 -519.812 0
586.431 -462.082 0
651.631 -526.662 0
679.95 -546.503 0
707.961 -516.361 0
706.468 -501.687 0
737.809 -570.972 0
718.043 -18.0007 0
689.323 25.449 0
647.39 33.9298 0
636.227 10.1902 0
657.123 -1.73791 1
610.773 -42.7003 1
486.938 -252.747 0
397.678 -119.063 0
398.136 -43.9506 0
236.4 137.102 0
214.165 165.195 1
279.989 182.071 1
325.458 137.87 0
-736.881 1289.83 0
-2789.72 2842.45 1
-2804.9 2924.09 0
-2623.29 2826.86 0
-2520.95 2552.28 1
-2721.58 2593.94 0
-2646.76 2844.13 1
-3831.03 1357.23 0
-3837.32 1250.89 0
-3869.49 1271.42 0
-3841.38 1251.16 0
-3372.97 1286 1
-3366.19 1266.01 0
-3331.38 1253.64 0
-3316.28 1297.52 0
-3302.45 1273.49 0
-3176.55 1237.72 0
-3137.17 1202.3 0
-3133.81 1160.64 0
-3223.41 872.229 1
-3254.41 819.826 0
-3269.79 760.383 0
-3207.58 736.782 0
-3141.53 751.418 1
-2029.75 803.34 1
-1989.09 876.856 0
-1925.68 997.347 0
-2763.55 68.1087 0
-2827.34 1.44541 0
-2835.04 -11.3034 0
-2830.27 -17.3456 0
-2799.81 -6.74545 0
-2802.27 45.9684 0
-2933.26 247.053 0
-2820.69 698.271 1
-6827.19 690.737 1
-6727.1 614.922 0
-6560.12 633.507 0
-6531.36 596.817 0
-5572.23 652.8 0
