-34.0965 1.74023 0
-57.8941 18.274 0
-81.4946 74.0456 0
-115.965 56.9218 0
-147.332 37.6593 0
-151.243 49.9822 1
219.369 -209.494 1
201.434 -241.424 0
123.95 -122.494 0
80.7493 -50.4684 0
643.006 -145.642 0
707.207 -246.402 0
753.045 -262.534 0
784.386 -243.242 0
814.925 -235.072 0
780.189 -126.018 0
779.104 -95.4228 0
746.744 -94.2946 0
815.376 -150.366 0
834.67 -161.688 0
849.24 -186.792 0
838.087 -142.351 0
1071.31 -156.143 0
1214.72 -109.024 0
1431.47 43.8616 0
1502.36 5.30083 1
1591.45 -32.1895 1
1588.5 -25.4556 1
1575.86 -1.15504 1
1573.18 -15.7723 0
1585.45 -71.3276 0
1664.43 -63.3405 0
1698.78 -26.8602 0
1708.92 22.9696 0
1775.03 83.1742 0
1688.39 95.1224 1
1294.86 -941.812 1
1218.95 -950.885 0
1208.39 -959.068 0
1279.57 -919.983 0
