16.7536 -2.6987 0
14.2626 -58.9887 0
-66.1014 -46.9977 0
-167.765 58.5195 0
-227.397 144.462 0
-255.845 201.323 0
-277.485 201.565 0
-296.588 221.949 0
-230.576 272.523 1
-230.969 365.124 0
-193.648 264.269 0
-257.077 607.968 0
-617.14 1073.52 0
-521.546 1207.62 0
-435.736 986.702 0
-367.703 980.318 0
-390.043 1010.69 0
-468.586 1015.92 0
-413.965 989.392 1
-439.362 1042.88 1
-420.361 1052.76 0
-372.988 1047.4 0
-354.563 1089.41 0
-371.766 887.721 0
-530.861 1026.03 0
-556.452 1075.97 0
-542.975 1077.63 0
-509.685 1049.81 0
-479.091 1027.72 0
-522.678 946.953 1
-553.21 884.39 1
-284.602 794.156 0
-231.999 769.431 0
-406.011 949.639 0
-189.214 -378.87 0
-194.938 -381.123 0
-220.116 -350.065 0
-1060.5 192.997 0
-994.857 97.3429 0
-1688.59 117.339 0
-1464.51 131.262 0
-1551.15 74.7477 0
-1550.18 86.84 0
-1483.31 38.823 0
-1456.92 31.3084 0
-1529.44 82.4077 0
-1288.43 32.6095 0
-419.023 -137.643 0
-442.079 -136.393 0
-507.903 -104.975 0
-492.29 -136.989 0
-522.871 -126.948 0
-496.84 -185.119 0
-423.829 -257.512 0
-364.384 -334.637 0
-313.776 -414.681 0
-192.682 -493.033 0
-83.3265 -623.043 0
28.4798 -701.833 0
88.1878 -696.188 0
110.433 -732.73 0
102.998 -733.278 0
83.0502 -739.548 0
-847.169 1254.7 0
-753.505 1319.41 0
-813.474 1339.35 0
-771.798 1345.56 0
-983.258 1084.14 0
-947.222 1095.49 0
-908.705 1105.5 0
-879.965 1127.4 0
-916.584 1177.15 0
-983.697 1200.3 0
-1077.79 1328.5 0
-1266.47 1180.76 0
-1321.13 1052.02 0
-1377.56 1015.47 0
-1361.84 1055.26 0
-1400.06 1140.79 1
-42748.1 52612 1
-43039.1 53047.4 1
-42997.6 53042.9 0
-42931.5 53044.9 0
-42917.3 53004.2 0
-42873.7 53044.4 1
-41869.6 52686.1 1
-41847.9 52693.6 0
-41814.5 52698 0
-41801.1 52593.3 0
