44.623 10.8566 0
-23.8657 51.795 0
-47.0363 74.4786 0
-56.2174 134.131 0
-46.2744 128.931 0
-244.584 -259.31 0
-240.54 -162.921 0
-235.751 -128.483 0
-229.928 -56.2296 0
-47.6717 -293.496 1
101.222 -351.687 0
91.239 -363.526 0
101.353 -396.995 0
130.802 -279.074 0
298.442 -159.682 0
300.962 -208.34 0
370.65 -101.19 0
331.088 -121.108 0
287.291 -64.236 0
335.392 -42.1905 0
366.558 -99.889 0
424.838 -85.5317 0
457.372 -67.8111 0
2459.91 -291.662 0
2303.95 -313.67 0
2239.85 -300.379 0
2203.86 -345.159 0
2000.01 -343.185 0
1961.41 -334.716 0
1777.25 -276.45 0
1909.87 -227.179 0
1876.49 -255.281 0
1877.67 -266.74 0
2203.35 -280.83 0
2243.82 -308.516 0
2349.44 -329.477 0
2328.87 -283.931 0
2544.17 -161.749 0
2538.32 -31.5963 1
2698.96 43.5308 1
2726.42 -73.288 0
2637.28 -8.20137 0
2678.98 41.0158 0
2678.06 40.9827 0
2767.54 13.6016 1
2711.88 28.3624 1
2523.76 28.4149 0
2536.96 -10.2259 0
2734.84 -147.88 0
3702.19 -436.409 0
3683.38 -462.493 0
