-4.0472 5.68846 0
-20.9153 10.3936 0
-93.3002 4.14913 1
-126.343 53.6081 1
-58.7915 58.8705 0
-10.876 44.2945 1
106.82 -124.594 1
136.495 -234.588 0
159.647 -272.38 0
159.724 -157.526 0
71.5241 -142.707 0
17.2862 -252.364 0
329.31 -506.626 0
331.633 -305.41 0
313.847 -9.33664 0
343.732 -23.9287 0
344.344 -2.02308 0
341.769 52.002 0
343.091 88.0516 0
391.226 154.864 1
429.08 169.112 1
437.111 156.074 0
434.794 151.753 0
400.911 134.393 0
377.28 118.699 0
387.546 172.759 0
359.412 184.527 0
127.154 284.506 0
8.23949 505.366 0
-38.6387 498.837 0
4.36115 454.081 0
-45.8794 455.732 0
8.77671 423.2 1
33.9733 349.407 1
717.576 594.131 0
689.186 603.553 1
697.741 211.007 0
408.938 -2882.28 0
387.571 -2943.2 0
372.648 -2997.33 0
350.723 -2934.32 0
324.775 -2850.51 0
633.412 -2954.46 1
626.411 -2950.88 0
650.084 -2887.68 0
658.241 -2874.59 0
663.762 -2860.76 1
584.963 -2812.75 1
581.174 -2813.6 0
579.199 -2803.01 0
664.299 -2805.87 0
605.206 -2833.16 1
580.404 -2782.1 1
660.952 -2777.3 0
823.246 -2927.73 1
847.288 -2956.52 0
2458.19 -3756.42 0
2448.27 -3770.54 0
2449.58 -3807.69 0
2393.45 -3870.8 0
2383.22 -3932.72 0
