28.9062 43.8198 0
21.9264 78.8422 0
-20.4333 142.388 0
-30.5476 173.645 0
-40.3607 214.766 0
-15.7986 230.77 0
-13.2065 254.024 0
40.327 196.401 0
14.2789 256.498 0
-12.468 317.701 0
-25.5161 345.306 0
148.051 293.748 0
170.131 274.321 0
93.5529 336.764 0
132.802 264.394 1
169.348 250.999 1
87.4908 337.993 0
76.5901 286.578 0
54.8706 263.391 0
-243.462 230.159 0
-178.706 242.05 0
-99.7414 254.117 1
174.413 -427.353 1
68.1816 -377.335 0
117.224 -326.488 0
145.159 -301.571 0
405.101 -274.485 0
428.024 -178.97 0
351.774 -34.2957 0
303.443 -23.9401 0
883.944 -45.576 0
895.93 -116.221 0
951.199 -124.949 0
956.079 -140.12 0
992.277 -67.7014 0
974.397 -54.3462 0
929.778 1.0951 0
913.59 -34.3366 0
907.407 -53.3411 0
904.98 -65.8241 0
887.23 -91.2997 0
771.824 -44.6776 1
1161.56 446.782 1
1097.74 433.148 0
1067.36 424.442 0
739.437 85.4459 0
924.936 13.233 0
928.466 -30.8538 1
