-21.5259 37.7243 0
-43.9891 59.6383 0
14.0173 52.4512 1
26.9479 -37.2468 1
54.2933 -55.4644 0
61.1939 -61.8878 0
15.2229 -57.5861 0
57.4438 -7.60364 0
68.9216 16.6908 0
92.6517 50.8727 0
28.6774 78.889 0
14.0498 102.41 0
53.0098 127.602 0
21.8566 87.866 1
-19.0931 105.176 1
-85.2989 72.6114 0
320.316 50.4813 0
329.745 10.6402 0
276.875 -3.84094 0
245.102 -0.0795288 0
295.203 35.2371 0
261.636 11.1847 0
264.257 26.8001 0
349.918 85.8779 0
384.592 60.5067 1
381.945 109.337 1
488.135 12.6967 0
466.95 -18.1962 0
498.488 -43.2789 0
494.318 -14.3106 0
418.656 51.0735 1
138.392 6.55469 1
66.9407 19.3196 0
211.951 133.565 0
392.448 -7.70288 1
370.873 42.2309 0
418.376 97.8889 0
475.414 162.299 0
457.25 123.01 0
443.427 112.906 0
490.906 174.832 0
573.615 136.356 0
606.782 133.93 0
626.129 140.878 0
667.945 122.622 1
689.335 146.767 1
729.112 147.571 0
788.05 206.443 0
783.442 227.094 0
961.669 172.601 1
878.227 137.285 1
-136.778 -1241.89 0
320.896 -1037.41 0
409.118 -1014.05 0
453.981 -942.182 0
475.126 -929.611 0
675.152 -1685.16 0
1689.46 -3955.4 0
