22.0248 -46.9174 0
56.4221 -64.2581 0
202.29 124.568 0
293.403 163.801 0
316.377 172.41 0
280.95 190.166 0
-1361.1 1188.82 1
-1458.24 1325.68 1
-1214.84 1010.53 0
-1314.41 1064.91 0
-127.113 1316.89 1
-113.698 1416.63 0
59.2906 1235.65 0
89.3324 1184.98 0
117.663 1104.43 0
274.177 965.659 0
730.524 625.681 0
739.834 617.206 0
881.926 321.428 0
895.812 267.629 0
895.893 205.993 0
927.44 203.258 0
777.87 -213.039 1
784.562 -209.247 0
760.043 -308.139 0
810.482 -303.057 0
834.682 -316.354 1
862.374 -275.487 1
920.846 -324.248 0
2628.05 -3160.17 1
8257.43 1770.63 0
8172.03 1746.47 0
