41.4597 -16.7442 0
15.9735 -10.0405 0
-27.8096 43.8209 0
-31.0312 -11.3359 0
-13.6477 -59.0721 0
-5.17223 -19.8666 0
-3.27782 5.15488 0
-0.343159 51.2384 0
-131.183 -44.4496 0
-153.374 -7.38366 0
-79.8134 80.0461 0
-139.702 153.263 0
-157.211 196.45 0
-162.254 257.796 0
-94.5838 205.941 0
-136.069 89.4308 0
-191.704 31.0552 0
-225.27 -14.623 0
-264.745 -88.4231 0
-271.958 -84.4249 0
-230.865 -74.7079 0
-144.939 -28.6251 0
-172.454 -79.3611 0
-7.56725 -93.7383 0
229.033 -288.435 0
258.614 -375.402 0
431.002 -400.359 0
442.788 -352.707 0
461.872 -309.649 0
485.077 -276.825 0
606.172 -382.012 0
521.679 -285.424 0
485.198 -193.189 0
451.521 -55.2117 0
424.745 32.1554 0
403.449 76.7453 0
444.623 114.555 0
478.949 95.6515 0
308.161 164.18 0
314.074 185.192 0
307.663 184.868 0
615.716 164.777 0
614.062 131.869 0
749.923 36.6771 0
774.948 -58.5174 0
778.41 -145.061 0
510.658 -162.648 0
531.05 -215.107 0
466.162 -276.312 0
410.986 -314.146 0
440.799 -372.349 0
427.181 -367.762 0
431.737 -366.034 0
504.833 -372.289 0
-468.14 206.905 0
-503.13 238.75 1
-509.831 241.222 1
-466.828 221.592 1
-828.018 2094.93 1
-784.642 2025.73 0
-803.448 2029.68 0
-2283.63 2134.25 0
-2296.29 2233.33 0
-1844.22 1399.76 0
-1744.09 1363.07 0
-1437.25 1446.25 0
-1489.14 1451.01 0
-1167.67 1437.38 1
-1088.01 1420.26 0
-871.47 1968.87 0
-808.101 2050.02 0
-769.464 2116.28 0
-740.166 2168.02 0
-501.082 2230.18 0
-73.0111 1902.02 0
-46.6034 1923.22 0
86.191 2282.83 0
82.9768 2287.23 0
42.2693 2217.71 0
-28.8038 2125.82 0
-47.3636 2105.65 0
171.8 2082.97 0
