-61.2683 -9.1034 0
-145.143 33.0691 0
-154.313 93.702 0
-140.591 169.737 0
-21.4677 172.716 0
-67.0774 233.558 0
-16.0404 148.504 0
-132.634 150.995 0
-66.0453 175.332 0
-95.3536 166.223 0
-99.4486 167.457 0
-96.4335 182.804 0
-158.478 183.248 0
-65.3351 181.559 0
-36.6557 191.588 0
-4.21621 192.646 0
39.5837 197.705 0
37.0518 192.282 0
116.813 153.843 0
194.608 32.4053 0
198.781 7.88383 0
199.201 6.35567 0
194.83 -6.33905 0
179.61 73.3368 0
177.247 137.824 0
205.68 246.511 0
204.527 318.708 1
489.087 -194.638 1
460.678 455.184 0
430.448 516.514 0
333.357 490.014 0
114.449 640.377 0
50.8123 687.533 0
18.6603 926.996 0
63.7761 972.449 0
61.1293 969.069 0
58.8199 992.152 0
101.018 942.55 0
101.385 874.007 0
60.7785 820.015 0
25.2919 831.819 0
39.4951 862.387 0
-397.396 888.531 0
-441.838 861.664 0
543.555 2186.42 0
406.381 2191.96 0
398.365 2122.52 0
420.998 2189.14 0
393.397 2229.14 1
276.023 3011.21 1
425.452 3117.99 1
442.356 3101.84 1
412.485 3141.66 1
350.615 3043.25 1
415.897 3089.05 1
60.333 3080.42 0
-1209.49 2812.74 1
-811.856 2739.02 0
-892.955 2713.53 1
-953.738 2733.58 0
-1341.7 3013.54 0
640.96 3029.61 0
736.023 3040.87 0
839.189 2914.38 1
835.681 2903.76 0
834.031 2828.9 0
871.43 2814.07 0
882.714 2754.3 0
947.27 2759.4 0
978.636 2760.15 0
1014.89 2761.75 0
1011.9 2747.09 0
