-11.5515 40.3821 0
-9.70072 77.8399 0
27.9924 113.926 0
37.2567 176.123 0
28.8557 207.104 0
11.5331 252.947 0
-48.9325 262.938 0
96.7972 169.941 0
113.434 140.746 0
157.397 145.049 0
184.695 175.585 0
183.734 226.919 0
100.219 201.147 0
179.766 181.93 0
159.925 149.367 0
-26.4914 43.8061 0
-28.6911 24.8009 0
30.4656 -17.183 0
63.2555 -69.1999 1
44.121 -47.8175 1
81.3346 33.8113 0
39.1325 15.2929 0
29.4277 26.6494 0
81.4935 53.1441 0
48.6343 60.6952 1
-1319.54 427.68 1
-1250.49 401.47 1
-1269.05 431.013 1
-204.519 -2.5791 0
-219.937 148.474 0
-167.342 237.087 1
-154.08 293.763 1
-158.892 305.982 0
-321.394 491.212 0
-348.719 498.128 1
-364.931 514.397 1
-361.733 549.069 0
-385.223 595 0
-384.185 616.197 0
-453.76 663.035 1
-1227.36 -518.49 1
-1256.63 -521.096 0
-1551.08 -271.493 0
-1552.24 -241.765 0
-1458.83 -245.994 1
-67891.7 308.754 1
-67330.5 430.719 0
-67325.2 452.802 1
-67280 535.219 1
-67591.1 546.882 0
-67601.6 575.376 0
-67740.8 557.848 0
-67651.5 482.59 0
-67777.9 631.248 0
-67816.2 784.628 0
-67907.3 800.248 1
-51022.2 1973.99 1
