36.7532 17.7091 0
338.514 283.029 0
577.977 192.116 0
868.034 93.2508 0
898.668 19.51 0
931.007 -27.6968 0
935.708 -25.0432 0
884.679 33.4754 0
809.485 41.3063 0
811.858 120.962 0
863.44 113.785 0
848.751 167.557 0
910.915 214.602 0
1139.15 222.812 0
1141.19 204.61 0
1121.87 259.834 0
1065.57 252.14 0
1023.6 312.574 0
992.08 348.45 0
984.577 370.091 0
1060.19 214.398 1
1110.81 105.91 1
1118.23 133.712 0
1138.66 134.394 0
1089.31 265.479 0
1110.54 256.288 0
1092.5 280.273 0
1073.77 285.986 0
1077.24 305.425 0
1072.47 315.597 0
1117.47 326.161 0
1545.72 322.892 0
1412.42 510.989 0
1481.59 542.13 0
1531.87 550.732 0
1584.18 587.535 0
1648.75 630.114 0
1544.07 1068.69 1
1573.89 1043.4 0
1565.07 1039.77 0
1188.52 1037.63 1
1214.73 1030.87 1
1331.64 1062.3 1
1300.02 1079.55 0
1329.45 1031.17 0
1362.52 1005.05 0
1403.68 980.87 0
1589.17 816.854 0
1791.04 536.72 0
1766.7 595.66 0
1755.71 683.997 0
1807.05 634.073 0
1986.66 681.562 0
1922.91 629.791 0
1912.21 625.966 0
1991.23 816.577 0
1991.8 843.627 0
2008.15 947.43 1
2219.71 815.827 1
2158.5 830.358 0
2155.76 822.028 0
2120.42 817.486 0
2160.96 737.121 0
2140.51 568.38 0
2141.29 540.527 0
2179.9 584.69 0
