33.7623 128.839 0
-44.7498 185.576 0
-196.423 276.858 0
-101.285 321.903 0
-83.2579 283.068 0
232.15 704.903 1
214.651 746.409 0
256.052 777.369 0
242.895 807.578 0
240.001 859.097 0
249.206 917.583 0
143.724 966.947 0
79.861 975.294 1
-16.0286 932.709 1
-13.5178 942.749 0
-24.5332 1004.41 0
-96.6477 972.623 0
-118.422 907.608 0
-130.059 885.712 1
-99.6851 451.246 1
4012.98 -10360.5 0
4304.75 -9791.68 0
4668.42 -9243.59 0
4932.81 -7723.7 1
4800.17 -61097.2 0
11460.9 -70513.2 1
11480.5 -70402.5 1
11510.2 -70346.1 0
11552.1 -70312.7 0
12038.5 -70634.2 0
