14.7409 29.4188 0
-42.0446 19.6127 0
-55.1082 61.3852 0
-60.1675 101.837 0
-103.926 129.491 0
18.5019 116.7 0
85.4523 53.8755 0
161.078 61.2577 0
148.026 71.5771 0
114.245 61.9299 0
190.817 53.1333 0
234.261 -13.4928 0
306.968 -71.7729 0
378.974 -163.858 0
522.348 -145.403 0
546.749 -134.992 0
546.567 -117.474 0
563.688 -102.027 0
551.012 -64.9416 0
536.082 -50.8473 0
512.495 -14.9276 0
530.747 -11.8667 0
389.93 89.7114 0
460.686 75.3657 0
536.623 68.3355 0
565.059 21.5021 0
611.558 -38.2621 0
651.211 -80.7878 0
675.969 -111.224 0
682.202 -130.188 0
697.73 -112.566 0
681.176 -96.5348 0
848.659 -81.7132 0
807.768 -56.3176 0
801.001 -29.6093 0
773.597 -14.7183 0
684.749 -32.6797 1
684.304 -122.093 1
734.272 -143.037 0
752.587 -171.013 0
729.282 -118.917 0
968.691 -393.846 0
939.488 -443.151 0
913.316 -393.57 0
868.691 -378.67 0
833.28 -316.317 0
845.997 -250.973 0
881.362 -260.975 0
1021.3 -241.971 0
1020.63 -229.949 0
1016.11 -207.959 0
1002.96 -226.476 0
1146.68 -188.99 0
1283.56 -340.092 0
1253.17 -336.485 0
1240.45 -320.253 0
1198.89 -277.509 0
1209.42 -241.934 0
1215.4 -208.129 0
1271.4 -218.773 0
1284.01 -274.878 0
1238.1 -290.269 1
1196.98 -125.62 1
1236.96 -173.822 0
1146.49 127.474 0
1173.69 98.2469 0
1079.29 50.1827 0
1104.61 291.123 0
1132.35 326.055 0
1153.1 356.026 0
1167.65 316.548 0
1186.52 310.054 0
1211.95 197.915 0
1297.47 119.452 0
1248.63 114.55 0
1192.98 100.69 1
1145.62 90.4333 1
1166.67 96.4819 0
1359.7 73.2464 0
1486.15 87.1794 1
1476.6 39.3655 1
1508.29 60.3298 0
