-42.4954 -12.5019 0
-80.0201 -46.0903 0
-219.241 -104.96 0
-194.997 -121.949 0
-204.27 -128.416 0
-202.087 -147.748 0
-189.093 -152.435 0
-165.809 -107.749 0
-165.138 -129.053 1
-190.891 -153.069 1
-231.91 -136.938 0
-317.088 -132.236 0
-257.166 -187.374 0
-123.751 -287.639 0
-123.851 -350.464 0
-32.5633 -433.038 0
-8.69083 -461.616 0
-57.8615 -407.003 1
-47.3385 -391.29 0
-50.346 -398.573 1
124.806 -580.022 0
127.969 -530.589 0
146.37 -516.215 0
86.5965 -381.882 0
163.815 -392.983 0
157.029 -386.77 0
187.406 -339.798 0
512.269 -142.201 0
689.101 -28.0452 0
3549.72 -676.922 0
3441.8 -907.288 0
3386.46 -927.694 0
3372.22 -693.947 0
3369.12 -898.534 0
4318.08 -453.432 0
4146.6 -639.377 0
4062.86 -598.106 0
4017.86 -577.317 0
3998.4 -603.188 0
4121.45 -693.522 0
4142.43 -703.552 0
4135.39 -697.809 0
4152.41 -684.445 0
5218.07 -1238.91 0
5202.39 -1297.67 0
5169.84 -1333.92 0
5152.55 -1366.09 0
5126.91 -1335.71 0
5112.43 -1063.71 0
5091.41 -983.02 0
5170.73 -895.458 0
5206.89 -821.126 0
5273.81 -868.542 0
5291.35 -934.883 0
5021.79 -885.271 0
5044.99 -917.912 0
5237.7 -1199.13 0
5263.5 -1186.28 0
5286.33 -1198.43 0
5354.47 -1260.78 0
5080.63 -689.062 0
5118.56 -674.769 0
5118.24 -686.679 0
5156.4 -691.776 0
5204.8 -674.529 0
5430.66 -883.959 0
5297.05 -432.911 0
5236.19 -297.421 0
5102.1 -308.915 0
5091.35 -284.421 0
5132.22 -366.573 1
5331.03 76.4355 1
5365.99 58.6726 0
5775 -134.598 0
5800.46 -182.256 0
5765.69 -278.188 0
5655.02 -173.237 0
5718.03 -19.1069 0
5561.83 954.544 0
5501.84 970.315 0
5315.09 793.107 0
5303.12 722.66 0
5325.07 664.134 0
5308.69 650.278 0
4938.79 234.059 1
10022.7 2249.22 0
10028.8 2255.67 1
10016.5 2241.23 0
10065 2115.23 0
10095.9 2020.22 1
12521.3 2164.45 1
