15.2796 80.3563 0
133.194 97.4478 0
118.405 47.8365 0
990.782 -570.169 0
1044.01 -634.355 0
990.62 -629.157 0
968.841 -627.361 0
936.252 -615.1 0
928.99 -561.703 0
971.141 -560.305 0
948.925 -522.938 0
920.716 -475.086 0
846.359 -433 0
901.906 -479.868 0
879.338 -414.171 0
857.159 -429.02 0
588.792 -526.35 0
522.29 -490.722 0
488.78 -453.643 0
461.91 -379.562 0
355.297 -303.639 0
246.468 -211.266 1
16373.4 9831.16 1
16376.5 9982.82 0
16412.8 9981.52 0
16369.1 10007 0
16685.7 9963.06 0
16907.9 9697.5 0
16881.8 9653.38 0
16979.7 9661.99 0
16931.2 9627.57 0
16912.8 9600.12 0
16884.1 9560.81 0
17266 9411 0
17255.6 9455.75 0
17238.3 9470.09 0
17213.3 9473.67 1
17190.8 9286.37 1
17237.4 9456.92 0
17147.3 9525.45 0
17198 9623.6 1
17228.5 9599.06 1
17239.4 9640.2 0
17280 9672.04 0
17363.8 9720.68 0
17372.6 9743.76 0
17457.8 9789.7 0
19034.6 10828.1 0
19054.7 10911.2 0
19040.2 10948.5 0
19118.8 10917.8 0
19146.5 10890.5 0
19123.2 10911.1 0
18856 10767.3 0
17415.3 10207.2 1
17662.3 10303.5 1
17655.4 10276.3 1
19239.6 10524.7 1
19424.6 10454.4 0
