36.2204 39.6172 0
12.1311 99.1365 0
-35.0164 116.185 0
-69.8052 153.117 0
3.44791 206.175 0
-25.852 272.615 0
-37.3451 326.957 0
-8.11743 425.602 1
269.575 -248.006 1
263.693 -237.55 0
259.229 -215.206 0
279.325 -174.303 0
-60.8498 -101.396 0
-68.8643 -59.3145 0
-48.2702 47.3263 0
-46.5143 17.4488 0
-18.9877 6.31036 0
-7.58138 -30.275 0
-15.9759 -27.3897 0
-45.1906 2.33014 0
-102.12 -5.16151 0
-137.418 39.6901 1
-104.58 56.353 1
-120.716 79.701 0
-162.719 94.7511 0
-147.438 213.604 0
-126.317 293.76 0
-170.513 364.373 0
-103.817 411.175 0
-138.59 401.442 0
-136.64 405.851 0
-108.838 417.531 0
-41.2367 419.943 0
-32.3945 412.963 0
-19.8177 406.79 0
-14.0902 436.992 0
-19.477 487.919 0
-228.309 496.868 0
-296.346 540.436 0
-144.67 561.701 0
-210.804 621.957 0
16.3604 666.875 0
100.144 628.389 0
284.911 476.696 1
-229.946 1597.26 0
-359.289 1598.13 0
-481.498 1614.54 0
-400.048 1317.82 0
-353.082 1097.02 0
-1775.27 693.415 0
-1844.64 696.447 0
-1857.64 695.132 0
-1846.3 670.951 0
-1791.68 753.813 0
-1840.61 672.491 0
-1928.86 644.304 1
29894.6 6086.09 1
29854.3 6048.91 0
29793.4 6139.74 0
30617.1 -4304.29 0
