-59.0124 77.8516 0
-58.9873 83.7361 0
-25.9886 67.1339 0
-21.3294 98.0624 0
-41.903 131.429 0
55.4426 209.217 0
219.645 237.937 1
229.659 240.969 1
240.052 275.715 0
310.865 325.232 0
428.461 315.792 1
429.444 281.646 1
471.879 271.396 0
484.21 266.397 0
512.788 254.921 0
398.264 263.993 0
436.069 180.191 0
431.863 194.376 0
431.235 192.063 0
444.325 190.017 0
446.529 198.582 0
553.41 200.519 0
525.763 250.018 0
529.555 278.635 0
480.607 336.612 0
499.808 331.036 0
561.687 343.435 0
689.131 297.446 1
709.599 289.801 1
616.012 323.001 0
578.611 337.445 0
597.071 336.402 0
530.709 406.239 0
469.081 488.786 0
455.131 598.183 0
423.877 587.585 0
391.937 587.902 1
3999.26 1772.33 1
4755.24 -748.295 0
4781.83 -754.405 0
