-26.57 -52.1091 0
-42.6518 -116.822 0
-87.7238 -140.375 0
-115.446 -186.585 0
-87.3478 -190.055 0
-28.8892 -107.612 0
-92.64 -205.725 0
-60.4501 -241.372 0
3.7677 -265.769 0
-8.11627 -269.29 0
-45.9285 -248.459 0
-178.526 -158.362 0
-50.8581 171.614 1
405.14 214.912 1
449.864 266.118 0
470.565 265.165 0
492.254 270.854 0
520.796 336.317 0
519.138 314.29 0
554.091 286.08 1
617.504 154.236 1
631.681 49.2092 0
611.371 25.3547 0
580.74 25.9274 0
614.808 32.7423 0
613.454 -46.8271 0
610.799 -106.382 0
594.854 -159.082 0
625.782 -146.165 0
601.493 -97.5349 0
606.345 -48.0951 0
554.331 -40.3725 0
514.793 -12.8819 1
440.383 64.8867 1
444.761 111.5 0
497.925 137.62 0
1253.35 -84.0177 0
1574.34 -374.089 0
1563.5 -352.576 0
1709.47 -217.3 0
1661.62 -230.653 0
1381.07 -126.584 0
1378.55 12.8239 0
1359.16 -35.9495 0
1734.06 -204.702 0
1830.38 -244.305 0
1821.89 -306.177 0
2258.85 4.11813 0
2323.4 -45.3177 1
2359.83 -50.6278 1
