89.851 -184.352 0
264.662 129.992 0
274.539 124.999 0
253.186 -77.9859 0
371.776 -147.732 0
411.756 -256.218 0
430.424 -402.089 0
513.707 -473.25 0
536.736 -515.888 0
539.659 -526.425 0
473.171 -547.55 0
423.85 -517.664 0
421.214 -485.25 0
428.439 -440.022 0
475.063 -388.854 0
413.21 -284.038 0
396.513 -242.808 0
439.839 -242.69 0
417.79 -272.843 0
452.967 -333.82 0
476.479 -287.816 0
429.354 -294.907 0
469.594 -244.804 0
212.082 -150.115 0
161.48 -72.5349 0
142.458 -39.0046 0
188.167 -18.7973 1
70.6287 -224.268 1
149.287 -239.688 0
171.081 -241.512 0
103.772 -233.659 0
353.921 -248.072 0
372.657 -192.867 0
403.469 -161.288 0
340.955 -200.323 0
356.524 -189.62 1
299.785 -279.39 1
243.046 -216.413 1
432.031 172.744 1
478.958 154.188 0
559.317 121.702 0
431.28 308.362 0
517.004 349.151 1
494.856 497.602 1
471.954 522.905 0
521.146 518.263 0
538.566 570.037 0
576.464 508.539 0
534.167 544.14 0
550.361 539.388 0
533.729 562.892 1
589.739 528.294 1
594.634 492.161 0
582.141 477.958 0
582.964 526.105 0
607.913 560.613 0
736.04 457.529 0
712.303 421.983 0
719.543 337.207 0
711.093 359.146 0
701.658 340.329 0
1011.6 379.462 0
1003.61 449.402 0
1078.21 492.565 0
1150.47 535.785 0
1162.37 523.494 0
1193.26 116.509 1
1397.4 -430.165 0
1414.33 -440.104 0
1396.83 -419.337 0
1253.7 -361.031 0
1447.1 -689.648 0
1488.67 -692.02 0
1492.22 -615.526 0
1467.89 -559.806 0
1510.44 -576.183 0
1550.71 -428.701 0
1635.82 -315.187 0
1689.97 -238.353 0
1861.86 -62.6232 0
1872.24 -21.3981 0
