-39.6168 -8.36443 0
-96.1596 79.5914 0
-117.264 404.923 0
-30.1209 356.091 0
102.433 149.584 0
101.112 174.574 0
90.0031 502.921 0
47.8723 609.971 0
52.489 670.644 0
166.36 763.633 0
186.923 795.483 0
224.934 772.74 0
261.854 790.292 0
269.768 771.885 0
234.86 806.569 0
176.756 872.291 0
138.491 871.474 0
103.163 1004.02 0
115.149 973.396 0
131.998 952.095 0
147.301 985.53 1
206.159 877.1 1
201.52 970.825 0
284.853 858.036 0
304.983 900.513 0
326.138 925.098 0
382.402 939.128 0
380.621 995.771 0
376.063 984.701 0
524.294 976.001 1
237.523 1259.56 1
196.012 1114.4 0
-198.403 564.187 0
-208.269 533.181 0
-221.608 634.152 0
-48.4962 710.977 0
-31.1883 735.169 0
-35.6375 755.568 0
28.3074 798.644 1
49.5261 826.526 1
101.818 1077.9 0
271.833 1123.87 0
519.81 1011.03 1
539.772 1028.88 0
776.801 791.892 0
844.461 897.838 0
904.726 918.216 0
849.204 863.89 0
765.216 822.229 0
783.737 820.258 1
1611.01 887.337 1
1483.95 885.673 0
1651.06 915.009 0
1667.24 901.336 0
1737.18 981.744 0
1628.78 1042.71 0
1551.06 1089.78 1
1129.24 1188.93 1
1091.56 1204.31 0
1159.26 1225.59 0
1294.53 1239.33 0
1190.62 1200.11 0
1201.31 1174.7 0
1220.11 1139.86 1
