35.4972 35.7011 0
-1.9014 62.3843 0
-126.525 88.2544 0
-117.535 127.374 0
-94.7938 110.984 0
-68.1326 90.5105 0
-40.8297 96.5692 1
-32.6739 143.877 1
23.284 84.3431 0
41.4606 38.6845 0
88.3692 35.9979 0
101.231 51.9031 0
134.532 65.7005 0
93.2248 113.939 0
113.374 94.0765 0
79.9469 123.532 0
-56.7874 169.808 0
-175.191 285.505 0
-88.0459 189.597 0
-153.919 128.757 0
-161.693 168.952 0
-178.91 226.706 0
-200.927 274.305 0
-303.107 362.226 0
72.1359 257.544 0
62.9514 155.884 0
-119.774 158.605 0
-76.868 160.566 0
-348.434 718.064 0
6.12149 845.578 0
64.3216 557.568 0
89.1671 580.682 0
108.493 579.01 1
73.2254 614.007 1
84.3274 593.644 0
268.826 487.857 0
286.431 480.433 0
335.888 464.796 0
443.841 445.303 0
524.426 440.235 0
541.015 411.094 0
577.118 361.977 0
623.084 349.441 0
619.31 355.653 0
595.662 305.142 0
575.39 321.066 0
544.486 381.48 0
539.219 458.29 0
221.732 459.804 0
139.634 565.726 0
204.939 587.817 0
234.526 614.049 0
269.319 605.045 0
322.157 638.374 0
266.047 635.541 0
547.742 684.033 0
564.584 726.988 0
581.816 729.64 0
696.311 700.636 0
-571.596 1008.06 0
265.631 1000.95 1
175.051 1019.53 0
60.8318 999.682 0
-206.259 861.168 0
-24.909 911.641 0
-57.5802 856.121 0
-251.772 1268.63 0
