55.2165 19.1565 0
18.2485 49.0255 0
-7.67871 54.1381 0
-30.198 121.873 0
-237.968 2.79186 1
-267.256 146.728 1
-250.984 167.2 0
-268.056 149.223 0
-294.473 190.007 0
-170.955 301.043 0
11.768 -531.867 0
13.7384 -649.297 0
72.35 -636.616 0
96.3298 -632.439 0
133.066 -694.152 0
137.735 -677.992 0
130.449 -649.747 0
119.996 -674.286 0
127.268 -709.067 0
329.593 -1059.92 0
393.009 -1140.72 0
405.564 -1193.18 0
358.066 -1062.81 0
420.319 -1015.38 0
882.195 -1109.88 0
892.359 -1118 0
960.122 -1090.16 0
983.247 -1098.95 0
1022.92 -1111.47 0
944.066 -974.943 0
999.585 -1075.19 0
1024.43 -1067.86 0
1065 -1097.05 0
1044.27 -1069.6 0
968.162 -1047.89 0
1077.99 -997.595 0
1283.38 -1034.42 0
1293.97 -1009.73 0
1308.92 -1016.38 0
1360.98 -1007.7 1
1317.71 -954.348 1
1146.13 -215.157 0
1052.59 -340.42 0
1131.17 -264.55 0
1128.27 -289.249 0
1134.5 -249.651 0
1187.49 -245.758 0
1179.1 -258.863 0
1080.77 -212.043 0
1082.36 -171.706 0
1135.56 -154.823 0
1143.34 -115.946 0
1123.77 -157.431 0
1094.55 -163.646 0
1073.8 -162.374 0
1183.44 -291.687 0
1148.08 -160.038 0
1025.54 104.772 0
1001.56 107.325 0
980.675 137.061 0
912.352 139.473 1
-3025.26 1582.19 1
-3044.48 1572.04 1
-2683.87 1363 1
-2671.84 1456.12 0
-2652 1485.92 0
-2643.99 1433.02 0
-2523.56 1444.93 0
-2528.68 1436.96 0
-2559.14 1405.14 0
-2593.08 1373.57 1
-2607.36 330.871 1
-2662.26 362.894 0
-2678.39 388.677 0
-2550.46 450.172 0
-2384.61 396.444 0
-6372.24 2580.06 0
-6269.07 2530.4 1
-6201.84 2445.19 1
-6238.26 2441.96 1
-6313.24 2460.89 0
-6360.64 2467.8 0
-6765.4 2404.85 1
-6713.08 2447.72 0
-6700.64 2397.12 0
-7033.63 1721.21 0
-7089.7 1730.22 0
-7145.2 1773.68 0
-7003.18 2106.62 1
-4837.08 704.579 1
-3536.33 1069.77 0
-3572.58 1065.28 1
-3597.42 1084.04 0
-3622.6 1101.24 0
-3607.51 1117.64 0
-3628.83 1126.74 0
-3631.71 1145.91 0
-3580.26 1175.96 0
-3572.38 1212.36 0
-3703.37 1289.45 0
-3684.81 1288.03 0
-3763.17 1102.78 1
