-10.1787 20.6851 0
42.9218 12.0303 0
97.2729 229.639 0
-15.7206 1.1541 0
-9.12232 -1.5755 0
39.7239 -67.1237 0
-3.73931 -47.996 0
53.7141 24.5533 0
-4.69931 19.0035 0
-98.6013 19.792 0
-156.936 90.9133 0
-93.9506 133.527 0
-84.179 127.062 0
-77.7581 120.003 0
-80.7182 99.2999 0
-44.7779 77.7647 0
13.8764 75.7037 0
151.456 95.5323 0
152.196 121.658 0
142.172 142.594 0
184.342 180.165 0
150.633 301.027 0
100.973 403.207 0
188.649 418.467 0
261.767 455.63 0
265.354 426.086 0
246.433 245.911 0
218.087 197.737 0
235.63 114.548 0
278.791 93.583 0
347.964 97.0992 1
385.775 169.208 1
394.169 105.258 0
305.638 125.236 0
338.965 99.1225 0
337.171 136.743 0
295.28 67.3308 0
306.839 -19.2199 0
284.964 -59.4554 1
-1149.7 418.66 1
-932.985 450.068 1
-982.8 533.146 1
-1644.3 108.032 0
-1553.96 23.1333 0
-1519.54 57.2961 0
-1113.25 18.5163 1
-1109.31 32.0551 0
-1100.73 30.6995 0
-1044.84 54.8065 0
-1021.3 -21.3384 1
-979.031 -24.4454 1
-995.382 -163.044 1
-456.539 2.57072 1
-446.711 0.0308836 0
-425.962 32.1056 0
-408.462 4.58196 0
-442.627 -17.254 0
-469.366 -25.1942 0
-474.426 -12.1167 0
-465.632 30.4439 0
-1188.82 858.527 0
-1354.3 2459.27 0
-1418.04 2526.5 0
-1455.03 2524.61 0
-1500.19 2501.5 0
-1506.96 2489.79 0
-1531.59 2471.45 1
-1584.75 2476.18 1
-1586.34 2419.26 0
-7590.39 1068.97 1
-7202.4 930.296 0
-7759.74 977.437 0
-7787 1123.6 0
-7776.58 1162.2 0
-7751.08 1164.14 0
-7444.57 934.443 0
-7443.92 891.544 0
-7587.35 937.582 0
-8236.1 1089.81 1
-8237.67 1092.14 1
-8334.56 1089.75 1
-36004 -7809.06 0
-36024.1 -7735.98 0
