-4.44192 6.32024 0
56.4165 53.594 0
14.2194 -37.8921 0
-43.7883 -41.7046 0
-30.3404 -2.95953 0
64.7576 111.789 0
-62.5008 -220.755 0
787.943 -22.7131 0
596.58 15.5465 0
399.042 -28.4673 0
494.21 -43.871 0
573.114 -86.452 0
664.732 -127.046 0
828.445 -101.46 0
-914.458 -633.356 0
-934.034 -655.24 0
-914.843 -661.376 0
-797.519 -642.655 0
-764.28 -609.437 0
-1293.68 -675.153 1
-992.99 -274.02 1
-1019.86 -234.032 0
-976.13 -218.876 0
-908.181 -224.705 0
-963.424 -238.906 0
-296.607 -378.566 1
-302.002 -406.183 0
-320.373 -556.391 0
-340.368 -619.607 0
-318.491 -704.435 0
-261.634 -654.03 0
-314.513 -555.671 0
-497.479 -419.532 0
476.705 491.712 0
-514.799 1840.84 1
-404.275 1909.73 0
-383.047 1895.82 0
-396.788 1978.82 0
-452.729 1963.47 0
-467.119 1735.05 0
-570.92 1654.75 1
-696.603 1862.01 1
-928.132 2198.9 0
-942.552 2206.77 0
-984.265 2240.07 0
-1250.01 2757.1 0
-1319.49 2716.83 0
-1274.79 3262.14 0
-1410.08 3294.91 0
-1663.62 3327.35 0
-1684.69 3379.51 1
-30457.6 -12835.6 0
-29354.1 -13095 0
-29348.1 -13106.9 0
-31304.8 -12497.9 0
-31202.6 -12431.4 1
-20821.7 -12419.2 1
-21083.5 -12715.6 0
-21101.3 -12816.9 0
-21078.3 -12782.6 0
-21056.7 -12814.9 0
-21030.8 -12710.4 0
-20995.1 -12640.8 0
-20940.1 -12615.1 0
-20873.8 -12584.9 0
-19008.8 -11862.5 0
-19009.1 -11820.4 1
-18984.8 -11773.7 1
-18917.5 -11608.7 0
-18867.9 -11583.8 1
-18840.6 -11532.9 1
-18951.1 -11732.1 0
-18629.4 -11903.2 0
-18524.4 -11651.1 0
-18445.7 -11558 1
