-246.072 24.6412 0
-251.332 -57.6917 0
-383.074 339.895 0
-346.817 398.889 0
-368.015 412.114 0
-316.391 409.316 0
-253.862 430.888 0
-159.208 457.24 0
-165.533 471.691 0
842.656 1002.9 0
845.086 1077.21 0
848.043 1138.62 0
826.82 1198.55 0
773.944 1216.54 0
657.569 1222.71 0
610.602 1211.88 0
586.023 1207.79 0
626.341 1115.15 0
642.988 1050.99 0
555.374 785.045 0
642.747 738.259 0
824.841 614.265 0
812.916 497.825 0
763.105 536.136 0
751.108 483.224 0
802.794 510.634 0
844.037 378.172 0
854.319 390.638 0
836.232 421.286 0
735.938 398.944 0
745.408 325.513 0
728.049 322.567 0
732.959 290.281 0
652.266 296.518 1
2361.39 63.9392 1
2335.98 88.5347 0
2239.78 49.0947 0
2250.6 108.551 0
2230.21 183.875 0
2269.17 526.414 0
2196.55 589.853 1
1958.45 278.662 1
1951.69 311.075 0
1913.7 383.168 0
2074.59 233.659 0
2143.47 192.443 0
2204.9 175.931 0
2765.13 -312.106 0
2786.26 -276.287 0
2719.22 -208.085 0
2775.21 -149.862 0
2699.22 -213.455 0
3000.52 -301.566 0
2978.72 -312.156 0
2977.83 -318.399 0
2979.35 -283.776 0
2940.66 -265.685 0
2906.22 -223.713 0
2911.29 -200.084 0
2924.98 -178.609 0
3261.09 -380.124 1
3220.21 -429.749 0
3239.48 -450.466 0
3266.84 -492.446 0
3301.92 -300.143 0
3313.82 -237.601 0
3303.31 -194.047 0
3328.89 -140.455 0
3214.09 -84.7708 0
3192.38 -65.9923 0
3188.86 -80.2405 1
3194.95 -95.7051 1
3219.36 -116.192 0
3259.19 -73.3724 0
3201.77 -8.98944 0
3188.38 -59.4504 0
3159.76 -96.0344 1
3248.85 -85.7461 1
3269.31 -87.3204 0
3359.94 -199.247 0
3427.72 -209.349 0
3453.19 -234.723 0
3450.17 -252.044 0
3455.34 -254.217 0
3597.63 -539.241 0
3597.23 -505.029 0
3544.56 -332.39 0
3552.64 -372.447 0
3602.3 -383.428 0
3615.32 -381.093 0
3634.43 -394.305 0
3688.73 -358.396 0
