-111.413 111.632 0
-109.463 211.671 0
-132.096 307.174 1
-107.46 268.881 1
-135.51 274.733 0
-169.273 210.863 1
-98.7094 193.667 1
-87.3565 202.343 0
-136.728 230.154 0
-118.083 265.828 0
-123.229 327.088 0
-109.439 385.963 0
-121.274 321.047 0
-146.347 -384.081 0
-174.803 -333.451 0
-188.907 -228.812 0
-131.338 -294.93 0
209.599 -333.131 0
174.096 -372.047 0
159.712 -376.035 0
249.18 -28.6145 0
243.916 10.1935 0
248.88 162.041 1
283.514 -273.231 1
222.344 -256.129 0
216.915 -262.78 0
178.912 -260.138 0
261.331 -346.664 0
250.43 -427.099 0
255.703 -449.093 0
299.086 -392.909 0
335.132 -338.78 0
971.699 -1224.62 0
946.508 -1173.01 0
904.807 -1076.47 0
1066.87 -1049.48 0
1107.73 -1001.24 0
1221.56 -1098.73 0
823.992 -3867.16 0
1026.61 -3556.7 0
1036.36 -3532.48 0
968.561 -3299.71 0
1035.05 -3281.35 1
754.836 -3079.13 1
963.921 -3335.56 0
903.741 -3358.22 0
950.25 -3360.31 0
1026.75 -3265.34 0
1000.64 -3230.97 0
1228.69 -3132.24 0
1335.43 -3051.37 0
1254.9 -3093.17 0
1252.16 -3098.48 0
1232.11 -3121.91 0
1231.06 -3163.41 0
1180.18 -3154.5 0
1132.65 -3145.04 0
1137.68 -3061.4 0
1174.37 -3042.74 0
1185.37 -3064.11 0
1185.64 -3071.55 1
1208.8 -3051.39 1
645.54 -3318.32 0
658.533 -3359.43 0
757.048 -3388.28 0
726.582 -3319.6 0
1159.15 -2910.41 0
