-47.2346 64.7788 0
-30.8143 122.957 0
-34.9065 203.454 0
-68.8031 258.194 0
164.893 329.453 0
253.934 142.333 0
191.265 126.562 0
168.074 133.545 0
76.191 176.168 0
104.496 85.245 0
314.179 48.5271 0
781.494 28.4466 0
891.782 49.354 0
845.513 69.4098 0
910.397 123.4 0
891.723 140.866 0
910.257 151.121 0
857.749 162.322 0
854.465 176.081 0
858.407 200.095 1
870.082 183.63 1
873.983 153.596 0
943.289 163.015 0
901.536 164.471 1
838.52 498.223 1
959.632 398.157 0
911.101 462.174 0
716.893 538.329 0
755.011 435.493 0
773.289 438.364 0
773.329 432.422 0
784.102 436.714 0
772.894 420.29 1
1554.1 755.899 1
1559.25 734.953 0
1580.86 697.928 0
1588.39 657.801 0
1622.25 591.682 1
1722.62 519.75 1
1740.71 580.936 0
1723.62 652.16 0
1704.06 757.405 1
1982.22 318.818 1
2020.88 303.043 0
1968.48 -143.388 0
2099.55 -258.028 0
2057.52 -230.425 0
2175.05 -494.409 0
2184.47 -531.763 0
2281.58 -924.966 0
2270.29 -1541.18 0
2266.15 -1379.66 0
2207.79 -1379.43 0
2199.61 -1383.15 0
2184.29 -1380.38 0
2695.33 -963.789 0
2573.67 -715.114 0
2638.71 -725.668 0
2715.84 -781.748 1
2655.14 -697.419 1
2523.84 -440.025 0
2484.24 -514.671 0
2442.32 -495.276 1
2402.03 -282.306 1
2270.46 -148.532 0
2256.62 -55.767 0
2308.9 44.7285 1
1785.24 -67.3466 1
1785.06 -174.747 0
1747.49 -135.301 0
1703.6 -119.823 0
959.572 -277.545 1
985.879 -306.057 0
1149.36 -224.827 0
1202.35 -192.906 0
1189.11 -139.274 0
1118.56 -88.1218 0
1337.69 49.3419 0
1333.37 64.8254 0
1928.03 291.211 0
1928.11 368.661 1
2194.07 252.844 1
