16.3126 3.12374 0
-75.945 -15.945 0
-99.7859 -67.6162 0
-98.1786 -77.9489 0
-85.4762 -145.415 0
-120.654 -146.748 0
-62.4022 -133.77 0
-164.017 -16.5297 0
-259.047 79.8195 0
-273.671 99.1032 0
-271.396 153.564 0
-284.563 236.075 0
-278.306 252.461 0
-205.127 249.134 0
-108.909 169.362 0
-313.603 242.669 0
-233.478 170.026 0
-140.197 123.236 0
85.9839 7.42502 0
101.151 18.1923 0
6.95018 199.809 0
-9.69442 416.64 0
-56.203 466.026 1
10.759 -164.966 1
-10.1657 -112.433 0
-2.35462 -74.1651 0
238.681 -102.935 0
248.102 -121.661 0
242.681 -134.381 0
154.989 -58.2789 0
123.402 -69.3633 0
117.753 -62.1365 0
131.949 -63.7078 0
218.457 12.2516 0
193.824 -6.70298 0
193.871 24.2882 0
295.567 47.3108 0
293.244 50.8155 0
268.502 60.906 0
250.414 50.9572 0
279.009 40.3247 0
328.879 -75.716 0
357.723 -90.6266 0
371.489 -93.4432 0
371.619 -79.1638 0
379.852 -48.1986 0
342.908 56.8416 0
500.86 32.7395 0
463.987 -112.382 0
479.374 -150.611 0
481.398 -130.546 0
392.902 46.471 0
313.687 263.301 0
308.372 305.446 0
258.142 396.543 0
236.582 362.173 0
166.701 392.234 1
210.268 352.947 1
377.036 273.769 0
417.145 261.727 0
362.386 336.458 0
346.854 227.162 0
358.46 179.955 0
126.544 99.6127 0
76.7258 29.6845 0
55.2669 7.122 0
116.205 34.5545 0
143.44 50.6017 0
-167.158 -101.382 0
-2246.56 -680.652 0
-2021.73 -716.078 0
-1885.3 -662.21 0
-2063.33 -675.205 0
-2159.56 -665.939 1
-2144.42 -617.504 1
1598.85 -250.516 1
