-1.33669 6.0193 0
12.1212 41.6397 0
46.2546 97.4932 0
42.2347 196.313 0
78.4982 309.694 1
60.6245 16.4624 1
112.873 45.3533 0
2288.82 -608.106 0
2345.71 -344.046 0
2307.57 -16.8971 1
2356.45 -56.3676 1
2309.35 -173.829 0
2346.51 -146.946 0
2352.77 -120.448 0
2340.03 -40.3115 0
2339.96 8.10539 0
2405.3 20.9247 0
2428.43 -26.1793 0
2385.64 -11.4096 0
2385.94 -54.8259 0
2444.92 -147.746 0
2455.17 -112.226 0
2458.79 -47.8783 1
2451.78 26.0121 1
2461.15 108.741 0
2463.12 185.673 0
2468.1 253.64 0
2485.79 296.939 0
2528.06 291.339 0
2811.45 -98.9656 0
2770.38 74.6946 0
2797.48 6.74303 0
2757.46 -157.743 0
2716.11 -207.561 0
2544.3 -11.2389 0
2835.93 -147.874 0
2927.02 -303.815 0
3013.36 -385.712 0
2940.68 -216.495 0
2902.26 -173.435 0
2840.96 -132.555 0
2793.57 -75.829 0
2826.92 -83.0517 0
2804.37 -15.304 0
2868.81 77.5577 0
2990.39 57.3709 0
2997.58 88.4203 0
3268.56 -85.0514 0
3237.37 -81.7126 0
3132.07 -159.804 0
3105.51 -83.2299 0
2973.08 229.55 0
2721.59 484.394 0
1655.36 1204.19 0
1680.68 1319.7 0
1706.24 1409.25 0
1713.55 1427.42 0
1715.07 1363.71 1
1411.86 1102.8 1
1420.21 1131.53 1
1436.65 1168.86 1
1410.53 1333.11 1
1623.98 679.438 1
