9.56587 110.552 0
1.69825 134.441 0
-15.4589 229.454 0
-35.5151 300.834 0
-69.519 347.376 1
-377.877 621.66 0
-446.341 633.178 1
-1071.54 888.075 0
-1053.21 834.927 0
-1077.68 858.75 0
-1071.57 937.832 0
-1133.13 1597.93 0
-1182.78 1741.26 0
-1187.2 2137.85 1
-1423.38 2136.62 0
-1492.24 2209.04 0
-940.476 2644.07 0
-876.049 2590.36 0
-885.389 2537.99 0
-1378.62 2491.09 1
476.468 2441.13 0
421.333 2302.58 0
396.449 2193.4 0
386.661 2227.25 0
386.945 2287.89 0
378.338 2410.84 0
392.552 2463.16 0
381.49 2522.47 0
484.788 2606.04 0
456.242 2626.56 0
486.252 2603.29 1
490.902 2667.84 1
515.669 2662.95 0
426.265 2639.02 0
326.569 2695.33 0
358.734 2778.71 0
385.349 2804.93 0
382.924 2831.28 0
431.576 2855.48 0
498.924 2866.14 0
498.181 2862.38 0
549.899 2750.49 0
562.619 2669.6 0
696.57 2676.13 0
792.127 2665.51 0
835.202 2707.04 0
833.513 2758.38 1
1032.12 3191.26 1
985.226 3175.25 0
955.076 3180.25 0
998.283 3228.48 0
981.944 3286.49 1
437.55 1931.53 1
417.506 1924.93 0
394.725 1942.68 0
397.244 1991.78 0
435.006 2098.36 0
373.872 2417.09 0
396.823 2517.05 0
350.366 2753.45 1
119.596 2863.88 1
229.769 2934.77 0
-68.4818 3195.06 0
-24.6762 3178.14 1
3285.74 3184.68 1
3328.37 3141.03 0
3326.86 3102.73 0
3366.08 3028.72 0
3371.17 2993.13 0
3378.12 2946.55 0
3377.71 2914.93 0
3381.32 2871.31 0
3403.11 2819.46 0
3635.69 2998.24 0
3710.84 3107.89 0
3734.18 3190.67 0
3834.11 3570.3 0
3850.16 3564.57 1
3734.75 3187.73 1
3640.42 3269.54 0
3599.96 3514.3 0
3602.54 3514.82 0
3710.28 3399.3 1
3765.31 3282.54 1
3772.89 3273.72 0
3756.03 3209.4 0
3741.5 3273.41 0
3738.22 2919.91 1
3755 2933.64 0
3782.28 2884.31 0
3730.88 2843.42 0
3720.24 2844.06 0
3665.59 2997.1 0
3641.6 3059.85 0
3642.44 3078.56 1
3192.22 2999.35 1
3242.7 2895.38 0
3261.76 2889.02 0
3219.34 2548.92 0
3239.73 2500.14 0
3306.16 2363.37 0
3356.95 2527.15 0
3374.24 2559.25 0
3306.09 2554.33 0
3301.51 2579.81 0
3292.12 2581.82 0
3314.69 2543.35 0
3350.34 2548.29 0
3416.54 2551.56 0
3239.54 2529.12 1
-69440 192.428 1
-68103.9 371.364 0
