39.5474 -6.81464 0
-47.7192 -4.64595 0
507.949 -114.999 0
482.498 -111.327 0
503.968 -113.338 0
341.589 -81.2384 0
332.724 -98.8231 0
339.182 -83.6474 0
340.911 -105.022 0
365.011 -47.9816 0
336.614 -94.9731 0
448.347 -143.939 0
584.77 -258.596 1
619.379 -174.878 0
642.885 -181.826 0
574.452 -206.731 0
504.292 -304.923 0
454.133 -287.985 0
448.986 -309.208 0
365.306 -178.054 0
346.395 -171.927 0
366.614 -162.211 1
401.997 -81.2577 1
434.248 -95.8221 0
501.469 -36.5294 0
546.765 -22.7633 0
603.095 21.7455 0
518.759 67.3306 0
416.227 22.5446 0
427.998 -0.111185 0
625.277 -26.0506 0
738.388 -6.52802 0
752.538 -71.0622 0
747.125 -77.7345 0
688.472 25.5375 0
693.232 23.4149 0
715.698 -0.658329 0
742.671 8.08161 0
767.827 13.5611 0
724.084 5.99919 0
700.983 14.8323 0
542.022 20.8053 0
735.203 -62.6773 0
769.651 -53.6205 0
762.591 -79.7782 0
770.226 -112.416 0
803.546 -117.07 0
754.799 -264.732 0
724.216 -317.316 0
707.049 -272.585 0
735.675 -217.216 0
818.753 -282.477 0
785.752 -527.081 0
746.541 -413.404 0
1120.07 -454.352 0
1135.94 -504.953 0
1068.82 -611.842 0
1014.78 -693.622 0
978.406 -654.941 0
932.178 -568.635 0
936.011 -519.927 0
820.638 -99.9691 1
1139.71 -21.3379 0
1074.52 174.269 1
1097.67 172.044 1
1003.21 96.2672 1
1364.13 140.066 0
1410.62 94.5449 0
1461.73 71.4332 0
1468.34 79.7568 0
