6.14051 -11.19 0
27.5027 -2.39943 0
10.154 -11.065 0
-82.3803 -21.0425 0
-99.3783 -57.4624 0
-149.107 -15.8679 0
-191.563 51.6088 0
-251.928 119.3 0
-277.224 150.49 0
-175.842 135.1 0
-177.085 188.331 1
-216.581 302.313 1
-271.605 260.368 0
-235.698 330.786 0
-297.423 352.112 0
-270.315 370.134 0
-309.098 368.204 0
-352.01 412.358 0
-327.827 405.087 0
-528.046 493.942 0
-536.235 541.937 0
-539.544 543.353 0
-515.376 550.662 0
-502.193 565.834 0
-529.714 540.381 0
-500.42 522.174 0
-301.052 483.378 0
-260 471.993 0
-293.148 453.047 0
-306.487 404.362 0
-269.919 387.067 0
-617.774 845.336 0
-574.094 865.413 0
-361.247 800.714 0
-344.936 742.11 1
-186.126 478.681 1
-266.151 -1083.86 0
-181.46 -1469.91 0
-203.626 -1459.52 0
-231.135 -1450.54 0
-94.1215 -1564.24 0
-61.9028 -1268.49 0
-76.7861 -1212 0
-90.0542 -1167.59 0
-18.9271 -1166.36 0
-5.59239 -1148.57 0
79.0461 -1183.68 0
-108.833 -1048.09 0
-78.1606 -1035.57 0
-52.7252 -1062.53 0
-24.8124 -1079.76 0
-126.8 -980.39 0
-140.596 -920.673 0
-81.3789 -1048.9 0
-18.886 -1099.77 0
87.8111 -1190.62 0
103.255 -1148.67 0
-231.71 -1045.17 0
-262.422 -994.544 0
-241.13 -943.558 0
-250.987 -939.58 0
-261.492 -983.439 1
-285.496 -1050.03 1
-361.523 -992.931 0
-363.728 -974.734 0
-399.968 -1011.42 0
-519.02 -1048.39 1
-504.875 -1058.6 1
-455.783 -1092.32 0
-483.073 -1058.12 0
-474.789 -967.519 0
-453.699 -953.627 0
637.122 -2132.65 0
625.133 -2082.56 0
643.736 -2081.72 0
589.787 -2093.8 0
546.449 -2190.79 0
506.391 -2204.95 0
500.012 -2209.25 0
548.222 -2247.45 0
569.132 -2255.98 0
755.869 -1973.05 0
739.173 -1849.9 1
4.74719 -2771.13 0
1326.12 -1928.47 0
1287.23 -1888.94 1
1238.59 -1916.22 0
1232.6 -1957.34 0
1205.54 -1956.78 1
1414.33 -1831.84 1
1313.92 -2443.69 0
1338.16 -2375.73 0
1373.16 -2207.47 0
1316.16 -2097.23 1
3938.77 -2416.74 1
