-0.626188 26.7738 0
2.39427 82.5546 0
14.2966 82.1721 0
23.4042 103.864 0
104.557 85.0517 1
85.1145 84.9807 1
93.2686 93.7945 0
159.632 75.0224 0
269.512 -134.051 0
285.146 -151.512 0
565.23 -278.764 0
609.343 -294.754 0
605.129 -322.311 0
381.464 -217.497 0
293.368 -143.563 0
249.797 -197.587 0
243.198 -250.838 0
245.227 -192.616 0
180.235 -187.695 0
301.793 -246.37 0
340.897 -186.601 0
370.647 -158.277 1
397.631 -111.151 1
652.752 103.616 0
681.336 406.396 0
775.91 384.206 0
896.061 180.462 0
882.814 149.001 0
872.186 81.1373 0
849.773 142.14 0
795.075 210.26 0
824.359 179.664 0
1128.13 41.8086 0
1114.77 -52.1764 1
1134.61 -34.3639 1
1079.02 5.10585 0
1104.65 -61.0952 0
1134.8 -84.3244 0
1110.23 214.279 0
1093.94 260.654 0
1119.96 280.407 0
1096.58 277.461 0
1090.25 325.264 0
1099.32 324.123 1
1142.28 -217.935 1
1142.41 -216.619 0
1155.64 -203.263 0
1158.91 -177.134 0
1171.78 -138.642 1
1197.06 -149.603 1
1229.14 -155.693 0
1318.39 -173.573 0
1172.85 194.214 0
1354.32 185.944 0
1373.67 164.2 1
