57.438 10.2986 0
0.374973 71.7539 0
-9.65631 87.1258 0
11.2048 63.3082 0
407.089 -381.228 0
398.128 -400.354 0
395.821 -474.268 0
391.052 -500.736 0
468.4 -430.429 0
480.769 -388.662 0
484.337 -374.657 0
389.899 -302.486 0
446.269 -316.364 0
479.526 -308.04 0
419.9 -304.795 0
462.509 -262.502 0
334.174 -260.937 0
361.034 -180.251 0
388.804 -116.632 0
525.155 -189.454 0
546.071 -178.665 0
583.761 -135.07 0
547.794 8.67172 0
689.721 -48.3278 0
742.602 -239.042 0
750.612 -182.869 0
764.951 -147.51 0
862.832 -130.26 0
858.894 -141.833 0
872.533 -200.451 0
814.336 -156.553 0
816.347 -155.953 0
849.031 -168.365 0
852.956 -166.99 0
858.384 -42.2975 0
896.966 -165.784 0
886.235 -91.7579 0
979.963 -69.2042 0
-299.991 614.41 0
-241.268 563.023 1
-220.292 481.233 1
-214.894 510.649 1
-194.246 577.47 1
1317.23 350.664 1
1423.75 72.2171 0
1467.88 -47.0763 0
1520.6 -60.2138 0
1619.25 -140.849 0
1485.98 5.91354 0
1442.01 -9.4602 0
1417.67 -6.1637 0
1475.87 -1.17584 0
1517.51 -29.2608 0
1445.59 -42.2678 0
1493.6 -105.889 0
1504.39 -88.213 0
1525.63 -44.5653 0
1472.64 -6.9346 0
1372.96 26.2321 0
1321.31 23.5754 0
1301.56 2.28532 0
1324.26 -64.0595 0
1384.11 -88.2982 0
1585.04 -221.85 0
1649.73 -249.961 0
1734.92 -175.798 0
1851.08 -201.336 0
1452.78 -967.073 0
1468.11 -966.982 0
1409.92 -883.015 0
1431.94 -838.712 0
1450.36 -852.993 0
1508.98 -856.106 0
1593.37 -730.994 0
1707.87 -674.11 0
1794.51 -654.463 0
1831.1 -647.365 0
517.135 905.392 1
483.709 916.398 1
1700.96 657.597 1
1667.37 703.089 0
