-54.435 44.8977 0
-47.0297 41.2251 0
2.70761 111.659 1
188.754 11.5504 1
204.819 103.082 0
155.039 116.79 0
160.859 122.85 0
155.015 127.336 0
90.9968 185.097 0
50.2069 180.826 0
31.1732 160.996 0
-22.4226 166.936 1
500.776 -93.4086 1
372.02 -103.26 0
364.737 -160.092 0
290.839 -170.411 0
216.343 -117.43 0
265.925 -114.8 0
236.479 -135.149 0
142.522 -260.735 0
149.062 -115.458 0
110.042 -61.7399 0
116.797 8.1056 0
129.654 115.97 0
338.867 64.9954 1
451.295 3.34493 0
1213.11 -250.411 0
1179.63 -296.199 1
1174.66 -315.066 0
1236.81 -280.849 0
1254.73 -288.779 0
1339.69 -336.84 1
1296.06 -225.056 1
1274.72 -212.415 0
1350.83 -170.675 0
1991.48 -554.544 0
1959.61 -543.621 0
1929.02 -524.002 0
1886.33 -556.639 0
1858.6 -542.333 0
1710.65 -527.214 0
1858.48 -518.97 0
1865.61 -547.136 0
1758.45 -699.835 0
1809.07 -722.277 0
1881.99 -740.061 0
1850.97 -743.841 0
1872.23 -776.507 0
1811.95 -726.244 0
1634.04 -612.205 0
1629.92 -585.039 0
1646.9 -504.287 1
1242.85 175.98 1
-5088.13 4611.99 0
-5123.56 4725.01 0
-5103.39 4723.56 0
-5352.97 5808.63 0
-5436.27 5824.02 0
-5335.3 5776.27 0
-5517.29 5876 0
-5502.13 5869.54 0
-5580.53 5510.34 1
-5624.72 5441.13 0
-5565.14 5433.93 0
-5587.99 5484.03 0
-5534.65 5443.39 1
-5491.1 5322.91 1
-5541.07 5409.01 0
-5617.36 5397.08 0
-5185.31 5343.75 1
-5277.49 5376.99 0
-5253.11 5386.23 0
-5257.45 5409.71 0
-3457.05 4530.65 0
