56.7116 48.0022 0
40.2418 0.731995 0
27.3387 -43.3441 0
51.3821 -66.1386 0
94.0531 -64.752 0
87.7485 -47.9378 0
115.202 -17.6576 0
60.2813 215.812 1
40.5951 279.183 1
17.0623 295.946 1
55.6092 261.954 1
72.6526 242.555 0
70.8341 231.818 0
10.4087 253.961 1
63.6875 -350.825 0
93.2806 -360.68 0
73.655 -333.07 0
63.6903 -340.931 0
35.1869 -299.974 0
-43.9118 -160.675 0
163.068 -414.174 0
69.2526 -496.745 0
71.412 -465.24 0
56.9103 -445.513 0
52.5614 -431.913 0
43.0121 -418.482 0
277.139 -454.383 1
276.372 -465.867 0
271.246 -1069.34 0
197.124 -790.247 0
196.742 -720 0
181.944 -723.388 0
304.061 -573.146 0
290.949 -585.345 0
264.843 -621.925 0
308.066 -585.628 0
337.858 -622.851 0
385.508 -749.9 0
428.992 -822.596 0
427.904 -912.525 0
422.595 -1061.34 0
446.506 -1051.94 0
451.28 -1025.56 0
394.531 -973.737 0
446.779 -977.429 0
651.103 -1075.1 0
693.537 -1112.62 0
638.327 -1083.01 0
694.326 -1041.63 0
720.925 -992.724 0
756.493 -968.236 0
745.477 -970.755 0
703.419 -912.594 0
667.47 -925.932 0
638.595 -912.829 1
728.981 -868.665 1
707.656 -843.405 0
723.457 -775.643 0
450.21 -796.931 0
420.219 -800.987 0
360.205 -701.545 0
350.694 -671.624 0
327.735 -651.034 0
342.418 -597.517 0
359.681 -542.698 0
386.215 -461.88 0
383.296 -435.829 0
540.127 -308.867 1
955.197 38.8864 1
986.141 91.3102 0
978.492 71.5068 0
1061.11 27.7739 0
1108.06 152.585 0
823.12 656.372 0
1710.67 1058.24 0
1694.33 1278.43 0
1934.94 892.011 0
1931.63 900.47 0
1922.04 899.453 1
1447.89 279.675 1
1492.74 272.228 0
1505.49 234.434 0
1462.74 210.958 0
1509.44 218.439 0
1508.37 225.934 0
1468.07 221.755 0
1739.97 345.723 1
