-8.61804 28.5617 0
-13.6787 56.5207 0
-57.8787 81.856 0
-33.4856 72.8696 0
24.8269 94.9178 0
-66.6375 45.1878 0
-14.8762 68.5662 0
91.282 75.8063 0
67.9127 96.6528 0
48.8944 126.232 0
84.6433 250.712 0
97.3006 382.538 0
178.544 302.36 0
181.839 236.753 0
247.632 143.329 0
325.156 53.8212 0
501.748 76.4173 0
447.333 -103.764 0
489.77 -8.1357 0
456.9 21.7145 0
545.054 60.8617 0
464.451 202.838 0
437.802 211.361 0
423.765 191.483 0
547.359 -63.0823 0
536.934 8.36999 0
448.027 -130.115 0
511.837 -174.622 0
580.001 -237.444 0
583.688 -220.728 0
603.643 -179.337 0
608.177 -246.329 0
717.801 -131.617 0
742.07 -86.1899 0
969.256 109.578 0
946.803 118.779 0
912.268 205.642 0
913.428 44.2997 0
896.668 -29.4875 0
908.732 -22.8869 0
919.73 -34.4801 0
855.94 -199.061 0
798.754 -152.698 0
789.972 -159.519 0
768.482 -164.424 0
764.889 -141.067 1
699.208 16.5956 0
718.775 22.2877 1
351.644 -332.768 0
368.124 -324.574 0
416.365 -338.755 0
400.948 -309.882 0
-644.142 548.037 1
-619.541 574.418 0
-590.525 503.296 1
-656.433 628.606 1
-1118.86 1067.01 0
-1191.51 1019.14 0
-1207.24 1047.34 0
-1232.89 1130.21 0
-1248.31 1189.37 0
-1235.7 1191.61 0
-1251.27 1144.45 1
1069.51 843.006 1
1075.62 834.136 0
1061.92 779.333 0
1072.29 769.282 0
1072.49 771.292 0
1105.49 806.364 0
1120.14 849.247 0
1220.3 915.104 0
1292.98 752.268 0
1052 844.658 0
1026.72 1235.48 0
1055.14 1328.27 0
1038.49 1361.03 0
995.311 1392.45 0
1032.14 1261.37 0
1071.44 1180.51 0
1054.54 1508.88 0
1275.53 1302.99 0
1258 1259.43 0
1422.35 1262.37 0
1393.01 1305.61 0
