-19.141 90.9446 0
-38.9401 155.915 0
-31.0477 171.248 0
-38.0884 176.917 1
125.278 132.638 1
90.5775 199.131 0
86.5811 222.124 0
58.7462 341.372 0
82.971 352.873 0
79.3007 299.584 0
239.092 126.736 0
291.075 53.4945 0
330.451 29.2573 0
277.162 0.775824 0
434.835 -118.909 1
440.661 -139.122 0
454.469 -154.578 0
422.579 -144.369 0
356.026 -124.755 0
417.505 -110.974 0
434.761 -166.643 0
422.04 -250.298 0
434.034 -269.004 0
127.426 -222.09 0
289.826 -138.014 0
298.927 -84.5971 0
367.708 139.937 0
300.158 273.704 0
294.481 370.045 0
350.406 416.359 0
334.009 422.144 0
289.316 412.939 0
280.692 385.609 1
257.662 356.39 1
298.135 391.768 0
273.873 313.177 0
306.293 276.575 0
288.955 253.237 0
328.541 225.332 0
448.582 195.932 0
466.967 205.036 0
475.185 280.032 0
460.139 392.056 0
514.029 425.042 0
281.992 937.384 0
237.209 1054.92 0
228.725 1102.7 0
211.701 1126.24 0
198.123 1133.58 0
199.802 1059.68 0
90.3902 1036.2 0
139.838 944.136 1
149.421 896.996 1
-9.11995 1027.69 0
-1.57119 840.872 0
-110.844 848.985 0
-33.92 577.039 0
-20.526 638.974 0
-52.4861 634.398 0
-17.2364 673.286 0
9.88421 695.449 0
41.089 725.315 1
1988.19 686.008 1
2016.93 660.21 0
2004.45 645.391 0
1922.81 635.311 0
2062.96 597.501 0
2116.32 542.198 0
2150.44 533.588 0
2118.93 542.334 0
2082.46 618.315 0
2015.53 685.117 0
1826.95 656.176 1
2397.29 905.156 1
2457.15 782.097 0
2475.38 447.375 0
2488.63 315.344 0
2577.06 374.745 0
2559.96 400.64 0
2531.4 415.123 0
2471.47 377.039 0
2592.02 321.38 0
2591.64 266.348 1
2226.7 371.323 1
2283.67 248.409 0
2185.66 550.31 0
2087.2 -37.7075 0
2027.04 -157.722 0
2081.35 -163.245 0
1897.16 -417.625 0
1897.9 -524.976 0
1916.73 -588.531 0
1927.69 -619.472 0
1944.33 -633.731 0
2343.17 -468.148 1
2326.11 -489.63 0
2376.67 -631.575 0
2659.14 -1429.44 0
