-18.3874 43.5006 0
-55.8856 59.5229 0
-63.0196 30.2985 1
-83.1196 -42.7529 1
-13.7196 -39.3564 0
-107.702 151.543 0
-49.1328 50.9358 1
-85.0143 33.8271 0
-61.4636 56.1177 0
-24.7959 40.6854 0
-43.6882 68.0373 0
-39.7607 62.5851 0
-30.8697 125.621 0
80.9087 146.241 0
39.1509 128.422 0
103.881 98.655 0
-153.891 108.454 1
-387.406 -101.031 1
-371.824 -93.5687 0
-418.624 -103.889 1
-444.643 -147.856 1
-414.681 -200.972 0
-303.95 -282.873 1
-281.781 -279.17 1
-314.714 -243.499 0
-46.8705 -485.372 1
-71.0342 -509.346 0
-5.8801 -502.647 0
-18.1286 -491.054 0
-29.735 -469.653 0
125.509 -483.443 0
-314.742 -390.782 0
-218.934 -349.416 0
-257.884 -327.63 0
437.687 -304.771 0
368.71 434.527 0
508.915 524.127 0
1395.31 149.386 1
1423.82 124.753 0
1392.19 104.8 0
1360.88 126.668 0
1317.87 174.789 0
1342.51 222.814 0
1397.72 245.669 0
988.797 444.432 0
936.969 442.415 0
934.43 491.608 0
897.671 541.271 1
758.843 665.616 1
640.934 651.475 0
98.4936 598.944 0
99.3617 600.298 0
-35.6261 681.25 0
-15.2601 712.597 0
-26.5412 707.233 0
-45.2475 677.568 1
93.4552 687.813 1
172.283 711.541 0
303.894 757.236 1
1061.26 171.297 1
1062.25 185.097 0
1217.77 186.022 0
1136.48 288.638 0
1331.68 309.9 0
1377 369.589 0
1460.01 463.895 0
2240.55 94.0703 1
2165.27 75.7254 0
2244.87 128.348 0
2282.12 54.234 0
-536.499 -40.4702 0
-562.065 -43.3949 0
-581.792 -34.0052 0
-556.087 -106.048 0
-592.358 -117.569 1
860.627 814.093 1
690.075 1089.7 0
868.677 372.757 0
847.327 378.047 0
