26.7565 -9.87065 0
-4.54383 -25.9813 0
-16.1366 21.5409 1
-39.0928 73.2094 1
-46.0539 79.5968 0
-69.5187 109.703 0
-320.506 406.014 0
-56.4077 256.618 1
3.23362 219.529 0
61.4159 160.983 0
8.84475 222.826 0
-38.1451 207.713 0
1.51242 203.077 0
172.418 162.257 0
195.014 113.918 0
166.95 115.463 0
100.391 62.4715 0
89.9524 29.4304 0
83.6904 43.5485 0
65.483 -252.393 0
76.9538 -161.185 0
97.7815 -165.218 0
80.333 -151.222 0
61.6499 -90.8416 1
115.199 124.023 1
100.717 139.191 0
67.47 166.334 0
64.2956 119.639 0
68.4281 122.676 0
36.0339 127.466 0
41.4526 197.3 0
-44.2256 267.851 0
-75.3561 295.698 0
-87.6766 250.906 1
6.98 228.301 1
8.88441 215.712 0
0.66516 255.371 0
121.238 323.863 0
195.274 345.686 0
173.393 340.96 0
188.107 310.368 1
113.781 385.546 1
143.125 314.419 0
177.843 261.762 0
237.062 182.868 0
238.746 131.69 0
222.035 112.465 0
267.509 123.973 0
278.746 107.526 1
379.528 153.79 1
459.146 219.121 0
497.864 270.049 0
380.148 259.363 0
233.266 322.285 0
167.91 344.595 0
78.5596 454.022 0
163.834 476.975 0
177.038 439.778 0
193.935 382.124 0
196.429 391.53 1
88.0916 397.539 1
70.6689 423.066 0
29.9818 408.185 0
-384.637 319.483 0
-414.145 303.579 0
-423.515 267.854 0
-435.724 282.861 1
-470.634 266.668 1
-396.604 264.331 0
-442.637 321.062 0
-546.467 367.132 0
-501.711 400.319 0
-533.703 436.364 0
-520.561 417.991 0
-456.296 413.14 0
-445.648 398.3 0
-326.271 393.334 0
-253.05 408.916 0
-193.043 393.008 0
-130.505 373.879 0
-135.125 400.447 0
-76.935 340.926 1
-155.65 307.581 1
-120.75 452.88 0
195.988 300.253 0
148.237 310.976 0
112.668 320.242 0
136.221 358.951 0
111.74 392.238 0
126.931 433.828 0
191.399 440.085 0
150.285 459.616 0
259.941 512.874 0
341.396 456.791 0
322.572 521.346 1
186.748 625.246 1
239.932 689.17 0
191.525 764.53 0
206.387 823.439 0
212.577 848.949 0
178.658 876.004 0
127.694 885.807 1
39.6809 860.406 1
50.3979 882.668 0
101.202 935.144 0
87.1767 923.59 0
111.998 907.651 1
-11137.7 562.894 1
-10667.7 722.227 0
-10483.2 576.396 1
-10485.9 588.934 0
-10485.2 585.082 0
-10515.3 560.94 0
-10504.6 522.588 0
-10568.4 679.076 0
-10452.2 347.358 0
-10244.6 309.403 0
-10172.3 254.779 0
-10103.6 141.98 0
-10017 136.717 0
-10029.8 155.553 0
-10041 195.054 0
-9324.04 -349.986 0
-9354.3 -356.263 0
