-2.55094 32.0065 0
35.3862 72.2562 1
63.5759 149.944 1
50.448 163.057 0
52.4398 167.701 0
36.5941 165.902 0
53.9375 291.334 1
22.368 316.202 1
34.7916 326.824 0
141.137 51.1228 0
137.499 51.4007 0
151.972 24.4375 0
77.9319 112.628 0
4.03574 247.883 0
78.9603 263.279 0
63.9388 261.809 0
79.5283 283.657 0
82.0567 321.47 0
93.2526 336.057 0
161.576 348.541 0
178.857 346.34 0
183.324 335.475 0
227.749 307.193 0
287.39 144.263 0
280.194 131.431 0
-340.809 23.0105 0
-334.651 15.9866 0
-303.326 7.88361 0
-288.075 -19.7048 0
-189.073 -51.6674 1
530.828 -3.43669 1
548.582 41.9384 0
540.473 69.4671 0
548.785 97.4564 0
545.14 138.752 0
569.936 208.949 0
529.082 288.111 1
213.234 677.249 1
249.472 596.817 0
254.309 608.935 0
261.46 615.177 0
248.456 605.408 1
-92.0358 872.924 1
-25.6666 916.891 0
151.286 679.963 0
183.146 472.748 1
279.911 436.235 1
376.773 382.395 0
312.057 504.786 0
284.886 510.82 0
331.072 506.07 0
310.775 565.6 0
316.49 642.792 0
402.774 750.928 0
810.31 728.425 0
-1505.61 325.403 0
-1518.38 302.835 0
-1384.56 293.971 0
-1312.7 303.717 0
-1308.22 234.35 0
-1279.24 223.249 1
210.882 250.558 1
227.332 326.275 0
223.945 347.296 0
278.006 405.355 0
302.209 394.446 0
314.573 400.188 0
331.553 387.866 1
341.347 339.352 1
326.022 365.526 0
344.038 428.582 0
221.63 353.638 0
249.986 336.162 0
240.282 334.325 0
180.9 286.676 0
253.88 262.535 0
232.437 303.671 0
484.924 416.112 0
525.609 452.031 0
539.55 518.675 0
630.258 444.166 0
675.744 245.781 0
685.394 144.776 0
562.056 175.439 0
