28.6357 -45.3748 0
169.433 -274.466 0
285.669 -217.508 0
248.941 -197.372 0
254.556 -192.08 1
446.531 -142.966 1
470.164 -137.733 0
527.611 -211.623 0
529.596 -262.395 0
535.796 -340.165 0
475.314 -384.509 0
527.637 -455.333 0
542.655 -383.771 0
564.304 -375.137 0
592.651 -370.546 0
551.363 -402.444 0
582.108 -413.693 1
583.089 -383.968 1
481.486 -410.385 0
525.198 -422.037 0
596.009 -405.024 0
605.579 -403.613 0
618.808 -367.413 0
615.326 -347.952 0
612.924 -303.378 0
629.564 -223.505 0
624.918 -70.5094 0
568.295 30.6304 1
749.889 145.915 1
767.613 69.174 0
720.299 71.8943 0
765.791 82.5066 0
755.693 120.273 0
754.13 92.5383 0
764.096 85.0721 0
774.652 33.941 0
736.967 -29.3528 0
753.183 -0.565544 1
734.145 -15.2526 1
754.764 -5.43152 0
573.746 -49.0922 0
1134.37 67.4383 0
1245.01 -9.83094 0
1273.85 -58.2018 0
1251.77 -324.932 0
1312.21 -354.768 0
1345.04 -348.603 0
1149.99 -363.502 0
1075.97 -494.824 0
1176.59 -470.582 0
1145.42 -442.393 0
1356.55 -350.943 1
401.308 1218.32 1
362.072 1254.93 0
252.375 1184.99 0
260.626 1187.92 0
632.749 951.817 0
675.504 1046.05 0
508.842 1334.23 0
449.874 1421.06 0
434.676 1462.67 0
461.39 1434.08 0
423.963 1528.62 1
350.834 1575.64 1
197.082 2120.47 1
184.726 2137.19 0
76.6977 2276.29 0
361.54 1803.52 0
341.52 1737.67 0
413.395 1824.3 0
430.464 1811.37 0
-34.3051 2991.74 0
-16.0571 3089 0
