-17.16 9.70122 0
-17.3099 69.1911 0
-8.77259 163.452 0
-43.917 209.473 0
-94.4719 253.51 0
-179.229 250.856 0
-184.168 274.886 1
135.771 778.337 1
184.664 754.769 0
308.707 774.691 0
307.251 714.616 0
351.856 676.407 0
320.307 504.759 0
308.11 257.204 0
292.316 37.1665 0
291.141 -5.8616 0
301.094 -53.1347 0
226.72 304.794 0
236.859 418.3 0
268.69 384.147 0
249.316 375.925 0
67.7805 273.423 0
133.68 228.675 0
149.496 214.972 0
1204.87 236.877 0
1244.48 175.894 0
1160.39 305.32 0
1085.1 412.441 0
1009.8 414.718 0
938.223 465.669 0
948.807 505.323 0
991.475 470.27 0
1015.49 566.663 0
994.36 556.863 0
1027.43 435.83 0
860.51 575.082 0
709.778 805.098 0
616.52 756.614 0
565.983 673.44 0
527.267 595.581 1
928.093 221.535 1
913.528 274.247 0
949.301 277.776 0
934.754 271.628 0
408.746 389.816 0
409.84 390.977 0
416.366 359.604 1
394.583 397.477 1
431.634 445.376 0
432.935 475.87 0
421.209 494.701 0
378.595 530.777 0
397.019 506.118 0
373.871 511.707 0
157.355 1371.98 1
129.765 1418.09 0
116.792 1496.78 0
-292.823 1614.83 0
-269.077 1555.82 0
83.8201 1250.65 1
112.976 1136.56 0
32.8033 1106.47 0
59.8705 1099.3 0
55.8741 1136.75 0
45.7441 1147.98 1
352.233 908.847 1
389.998 969.56 0
431.886 1012.28 0
563.938 1016.98 0
618.162 989.926 0
636.285 987.72 0
634.842 1003.35 1
613.35 1008.19 1
572.925 1076.76 0
570.307 1109.32 0
598.906 1273.61 0
574.853 1349.54 0
514.868 1394.22 0
520.475 1440.01 0
501.247 1391.98 0
501.646 1351.03 0
496.86 1345.4 0
0.637604 1333.53 0
-134.7 1337.07 0
-80.6013 1351.97 0
204.667 1237.36 0
250.124 1141.88 0
389.857 902.806 0
457.445 868.299 0
419.338 921.012 0
749.592 741.076 0
632.377 971.133 0
684.846 1045.24 0
732.764 -12.7549 0
514.182 1027.34 0
3158.91 232.755 0
