7.41539 45.9678 0
-21.8154 113.549 1
212.903 -224.138 1
233.624 -224.855 0
226.309 -144.065 0
240.304 -118.369 0
1704.51 -533.67 0
1683.86 -573.955 0
1272.07 -331.819 0
1271.66 -372.743 0
1310.17 -368.446 0
1445.07 -327.493 0
1519.67 -314.242 0
1441.42 -362.071 0
1452.02 -315.822 0
1506.06 -292.021 0
1712.26 -190.642 0
1652.46 -99.5662 1
1784.16 190.122 1
1707.75 594.824 0
1695.21 638.385 0
1559.3 568.275 0
1579.21 545.921 1
1556.05 465.461 1
1547.35 449.518 0
1538.91 572.787 0
1547.18 578.322 1
1871.64 50.6949 1
161.572 -6208.77 0
133.557 -6354.56 0
87.9261 -6371.22 0
53.0921 -6371.63 0
11.6197 -6374.02 0
-14.1801 -6371.76 0
-184.275 -6141.92 0
-209.194 -6124.24 0
150.489 -5522.32 1
266.382 -5497.68 1
460.272 -5492.49 1
593.085 -5508.31 0
678.001 -5540.95 0
696.152 -5698.13 0
601.801 -5796.74 0
701.834 -5651.51 0
745.651 -5629.78 0
795.701 -5617.69 0
818.378 -5638.62 0
796.629 -5621.97 0
604.94 -5537.8 0
631.06 -5504.78 0
678.722 -5464.29 0
740.174 -5480 0
777.021 -5458.9 0
795.682 -5479.28 0
811.894 -5531 0
708.582 -5577.46 0
666.928 -5571.48 0
607.105 -5563.29 0
607.372 -5494.66 1
584.034 -5398.01 1
593.279 -5354.22 0
740.54 -5320.09 0
641.028 -5243.44 0
607.553 -5251.83 0
634.567 -5192.51 0
711.521 -5184.87 0
