-9.19645 -43.654 0
-42.6026 43.2118 0
-65.7023 140.986 0
-104.482 152.876 0
-63.7973 157.021 0
-89.8353 118.007 0
-71.606 141.384 0
-133.882 196.638 0
181.616 138.001 0
122.339 76.4475 0
-91.1577 352.803 0
27.5984 389.53 0
80.0331 542.038 0
144.83 462.89 0
173.918 476.987 0
195.415 422.037 0
30.5258 335.119 0
-5.93738 291.345 0
18.3822 320.401 0
2.92485 275.615 0
-68.3553 504.024 0
-66.218 461.084 0
-49.9916 459.398 0
-23.4621 406.369 0
16.3675 395.602 0
-30.2415 398.578 0
-1.80677 405.36 1
-122.315 431.908 1
-43.6061 452.827 0
-15.694 448.367 0
-26.7611 468.878 0
-213.767 484.701 1
381.781 909.234 0
374.357 906.318 0
322.436 882.38 0
325.36 802.626 1
-1003.4 771.109 1
-1017 732.215 0
-1068.69 799.252 0
-800.286 879.33 0
-454.496 746.03 0
-319.708 382.452 0
-666.669 373.121 0
-664.947 397.089 0
-900.317 -20.9215 0
-860.847 -100.644 0
-837.66 -153.562 0
-889.347 -186.551 0
-1005.16 -149.879 0
-931.807 -138.998 0
-851.3 -47.6064 1
-23.9042 -75.268 1
-0.598593 -91.0268 0
-82.4005 -60.4195 0
-105.787 -35.2127 0
-80.1616 21.6953 0
-186.207 40.0366 0
-195.52 120.804 0
-101.018 314.294 0
-91.7012 14.5226 0
-56.6116 21.2687 0
-61.7952 28.5817 0
-42.5869 67.6714 0
208.334 76.1995 0
252.395 89.1704 0
249.691 114.31 0
203.568 97.8442 0
221.496 143.884 0
216.133 178.974 0
161.538 175.047 0
204.002 210.878 0
1133.11 75.6203 0
855.938 -1681.48 0
772.763 -1719.02 0
764.415 -1814.02 0
763.832 -1856.18 0
788.292 -1862.99 0
623.854 -1856.1 0
602.798 -1857.02 0
614.156 -1785.75 0
559.289 -1680.3 0
764.346 -1408.92 1
858.49 -661.831 0
881.929 -698.988 0
301.323 -1340.08 0
313.658 -1344.78 0
342.73 -1298 0
381.892 -1295.43 1
4330.22 -1835.37 1
