9.0263 3.42834 0
13.857 50.9178 0
-2.34993 126.778 0
-1.30969 192.43 1
-41.0053 455.046 1
51.6986 172.637 0
79.8941 155.601 0
185.155 253.754 0
223.751 225.092 0
269.716 206.278 0
295.909 164.536 0
340.865 146.38 0
316.676 105.325 0
377.77 83.5484 0
329.811 68.9534 0
247.909 154.861 0
253.597 117.591 0
254.016 150.203 0
405.891 37.0658 0
401.853 43.9291 0
364.188 278.547 0
299.822 264.555 0
353.121 292.614 0
312.275 347.013 0
331.071 350.042 0
333.232 299.388 0
404.365 197.156 0
565.154 -55.7557 0
930.013 -244.991 0
942.665 -275.399 0
1099.32 -253.123 0
1113.12 -238.718 0
1095.31 -220.227 0
1217.78 -190.918 0
1194.87 -142.925 0
1220.2 -139.902 0
1295.6 -370.094 0
1258.82 -441.29 0
1226.55 -411.414 0
1179.8 -262.739 0
1207.74 -247.688 0
1162.09 -237.729 0
1211.45 -241.689 0
1355.59 -245.919 0
1361.12 -209.986 0
1185.4 -196.149 0
1191.58 -239.28 0
1186.71 -243.665 0
1260.92 -320.307 0
1245.52 -317.393 1
2080.04 -626.263 1
2012.62 -671.005 0
1965.12 -743.709 0
1984.3 -474.352 0
1985.01 -418.373 0
1947.61 -397.521 0
1965.65 -330.253 0
1942.84 -241.909 0
1894.07 -243.746 0
1898.42 -223.978 0
1975.68 -96.9522 0
1882.73 -103.546 0
1857.92 -124.036 0
1834.43 -114.368 0
1826.69 -88.4888 0
1937.34 -104.005 0
1844.25 -68.2018 0
1842.02 -36.0613 0
1839.18 -64.6031 0
1860.54 -85.0106 0
1995.35 -222.268 0
1956.59 -253.985 0
1881.62 -327.008 0
1912.19 -349.43 0
1718.01 -721.986 0
1655.27 -791.546 0
1643.5 -801.12 0
1750.13 -820.084 0
99.5614 -411.258 0
55.6613 -391.832 0
483.525 -307.598 1
-748.216 -102.741 0
2141.92 -1042.25 0
