-58.0653 49.6971 0
-34.0221 53.0877 0
-3.6784 108.208 0
-39.4907 123.01 0
-62.9547 141.369 0
-94.9129 175.291 0
48.4945 93.0265 0
-73.8849 94.4854 0
-80.0064 85.6755 0
-49.4477 116.716 0
-1.59383 -38.6167 0
-132.219 108.072 1
-100.164 91.6544 0
-89.5093 101.739 0
-77.7635 145.126 0
-27.5549 156.095 0
-105.435 130.606 0
-118.978 69.494 0
-66.5246 17.3621 0
-86.658 64.0601 0
-122.548 94.2137 0
-267.74 125.696 0
-282.464 158.233 0
-268.011 149.647 0
-288.831 187.277 0
-325.561 194.342 0
-303.047 213.855 1
-240.332 260.07 1
-211.253 238.507 0
-116.418 192.734 0
-109.626 113.938 0
-47.7903 131.474 0
35.5432 131.395 0
95.7897 167.398 0
462.456 201.652 0
445.67 246.138 0
411.408 285.88 0
366.546 291.411 0
559.136 496.534 0
464.872 -26.6397 0
641.717 -323.032 0
492.189 -127.337 0
501.764 -147.811 0
563.784 -266.766 0
594.394 -348.813 0
509.962 -353.429 0
518.129 -332.703 0
456.629 -302.666 0
438.58 -301.825 0
1111.98 -521.764 0
1092.56 -533.5 0
1144.08 -510.116 0
1158.09 -509.769 0
1154.63 -510.415 0
1154.71 -453.36 0
1180.6 -520.262 0
1056.61 -795.116 0
1074.26 -762.098 0
1047.23 -691.517 0
977.97 -646.671 1
1722.59 -2598.64 1
1592.31 -3917.38 0
1545.76 -3878.95 0
1528.74 -3880.37 0
1451.25 -3830 0
1506.72 -3783.91 1
1620.7 -3752.04 1
1615.31 -3702.19 0
2134.11 -3408.35 0
2114.43 -3382.8 0
2059.78 -3408.97 0
2003.85 -3368.75 0
1992.23 -3221.37 0
1967.94 -3169.65 0
1936.69 -3137.68 0
1916.48 -3130.64 0
1879.18 -3134.16 0
1807.82 -3116.74 0
1783.01 -3050.94 0
1771.24 -3008.45 0
1784.71 -2992.64 0
1900.86 -2978.83 0
1980.8 -3029.2 0
2383.89 -3286.77 0
2427.18 -3243.51 0
2489.27 -3225.74 0
2510.83 -3192.85 0
2517.44 -3232.48 0
2633.01 -3081.31 0
2626.61 -3075.69 0
2557.69 -2974.91 0
2566.47 -2924.73 0
2573.37 -2821.81 1
1592.02 -3543.58 1
1657.96 -3515.02 0
1645.23 -3485.42 0
1607.55 -3448.5 0
1427.39 -3389.45 0
1401.32 -3213.72 0
1333.59 -3168.77 0
1246.12 -3189.6 0
