45.4537 52.9358 0
110.737 63.9678 0
141.434 51.3538 0
155.803 33.6965 0
167.77 36.7105 0
174.809 43.0459 0
248.886 87.9406 0
276.067 232.772 0
315.235 186.661 0
180.076 264.126 0
127.174 285.675 0
138.63 410.953 1
-228.695 206.5 1
-194.634 189.186 0
-183.688 175.034 0
-211.57 203.235 0
-201.742 217.44 1
-311.149 -181.011 1
-306.992 -168.171 0
-237.021 -168.633 0
-242.035 -180.462 0
-231.34 -116.465 0
-226.768 -70.0092 0
-286.252 -57.5127 1
-52.487 375.653 1
-76.5535 421.394 0
-107.22 424.925 0
-107.409 405.629 0
-76.7401 313.701 0
-128.055 290.137 0
-142.985 287.649 0
-137.333 280.791 0
35.9427 294.776 0
-375.456 489.072 0
-297.583 494.92 0
-304.338 506.429 1
367.25 35.787 1
300.664 38.9877 0
238.7 74.604 0
185.994 144.245 0
247.258 143.83 0
-92.2699 335.117 0
-93.8965 348.008 0
-119.011 343.249 0
-209.365 384.321 0
-220.28 401.711 0
-163.194 404.791 0
-141.021 435.914 0
-154.44 454.906 0
-180.761 508.142 0
-145.864 581.072 0
-199.016 633.894 1
-6833.96 6211.3 1
-6844.69 6205.92 1
-6898.4 6187.59 0
-6963.71 6188.1 0
-6976.96 6203.23 0
-6956.09 6218.62 0
-6941.91 6218.58 0
-6917.44 6221.22 0
-7079.48 6519.62 0
-7055.57 6536.53 0
-7125.51 6523.18 0
-6771.72 6343.47 0
-6741.95 5991.17 0
-6744.3 5946.43 0
-6866.09 5988.32 0
-6824.83 5929.07 0
-6954.24 6089.8 0
-6273.78 5941.62 1
-6273.54 5936.48 0
-6257.32 5978.91 0
-6278.16 5996.09 0
-6388.99 6055.45 0
-6395.36 6055.22 1
-7332.36 4403.46 1
-5798.67 5481.01 0
-5576.59 4296.19 1
-5756.32 4326.02 0
-5732.5 4438.52 0
-5765.78 4460.84 0
-5884.39 4569.17 1
-5576.99 3934.66 0
-5474.61 4154.19 1
-5452.22 4175.26 0
-5491.86 4237.02 1
-5523.26 4283.28 1
-5477.94 4292.84 1
-5524.23 4394.41 1
-5475.44 4363.72 0
-5423.81 4350.29 0
-5060.19 4416.72 0
-6777.41 4743.85 0
-8160.95 3610.3 0
-8174.03 3632.77 0
-8240.94 3682.82 0
-7956.36 3709.79 0
-7720.53 3505.77 0
-7777.03 3539.55 0
-7765.2 3543.56 1
-7740.16 3507.08 1
-7610.45 3487.83 0
-6758.89 2764.82 0
-5183.06 1132.31 0
