-8.57808 67.0576 0
106.542 -151.351 0
115.792 -190.992 0
125.856 -145.55 0
61.4172 35.1018 0
134.95 -129.241 0
-77.7261 -160.832 0
3.64555 -60.6406 0
10.2849 -43.8173 0
9.08305 49.5723 0
70.8475 -185.829 1
58.0605 -273.02 0
101.693 -283.388 0
36.4043 -253.265 0
40.0428 -228.706 0
-32.8292 -33.3848 0
-1.09565 40.6169 0
-69.0865 122.619 0
-113.382 139.777 0
-147.778 159.802 0
-151.022 186.124 0
-72.0689 189.281 0
-17.329 186.182 0
-30.3291 167.21 0
-22.2099 199.088 1
57.4078 159.022 1
70.5894 -584.022 0
52.1052 -515.446 0
96.5534 -545.631 0
130.281 -487.098 0
-1136.99 525.922 0
-1215.92 452.824 0
-1225.81 439.279 0
-1260.07 422.238 0
-1280.57 460.184 0
-1255.98 433.476 0
-1243.83 444.564 0
-1179.67 355.138 0
-1825.72 360.935 0
-1832.54 369.614 0
-1804.44 389.369 0
-1715.2 301.669 1
-1670.82 306.362 1
-869.976 363.931 0
-837.266 401.324 0
-829.362 368.784 0
-776.452 293.875 0
-795.773 364.453 0
-861.646 391.4 0
-789.364 419.219 0
-819.347 425.553 0
-787.636 424.859 0
-533.505 222.89 0
-702.145 289.207 0
-706.367 365.785 0
-686.144 624.817 0
-693.007 691.065 1
-592.894 107.618 1
418.377 2452.79 0
406.995 2544.97 0
451.642 2528.06 1
540.469 2310.07 0
548.595 2313.73 0
513.226 2424.58 0
536.579 2474.69 0
472.909 2557.81 0
412.761 2584.87 0
417.047 2664.1 0
469.654 2716.8 0
138.736 2911.74 0
161.863 2951.22 0
199.589 3063.1 0
212.902 3015.57 0
222.404 2948.5 0
275.566 2960.74 1
-18.6271 2401.89 1
-2472.58 3042.19 0
-2437.23 2944.25 0
-2450.95 2991.2 0
-2456.67 3024 0
-2476.89 3091.68 1
-2405.78 3123.78 1
-4761.97 4035.31 0
-4866.72 4166.39 0
-4740.88 4058.45 0
-4600.04 4061.34 0
-11532.3 4241.7 0
-11482.1 4185.38 0
-11099.5 4328.36 0
-10548.8 4184.69 0
-10568.7 4166.25 0
-10547 4137.1 0
-10489.7 4157.19 1
-9230.05 5349.36 1
-9174.41 5571.44 1
-9159.43 5644.86 1
-9146.62 5674.29 0
-9131.6 5683.87 0
