7.77249 30.0663 0
30.7954 62.1313 0
-19.1427 101.633 0
-27.6667 127.4 0
-124.638 171.39 0
-256.022 66.5447 0
-264.332 78.4781 0
-277.004 83.0167 0
-487.693 -55.6893 1
-470.321 -63.5136 1
-445.781 -126.497 1
-470.414 -116.508 1
-995.497 -159.474 1
-966.131 -73.7224 0
-936 -43.7497 0
-972.156 -36.3442 1
-15733.5 -45.1167 1
-16117.3 -39.0875 0
-16178.6 -38.9 0
-16186.9 -17.3725 0
-16133.9 10.3172 0
-16159.9 85.661 1
-16221.3 135.702 1
-21430.7 74.5854 1
-21624.8 201.124 0
-21651.3 244.666 0
-21723.7 209.378 1
-25090.5 170.655 1
-24628 203.393 0
-22559.9 -252.28 0
-22412.8 -326.115 0
-22370.5 -275.134 0
-22334.1 -304.217 0
-22258.2 -351.231 0
-22585.4 -296.616 0
-22556.8 -340.987 0
-22475.5 -332.622 1
-22505.3 -324.876 1
