36.9287 2.3536 0
-166.024 -299.483 0
-106.909 -297.338 0
-152.57 -289.15 0
-431.943 29.201 0
-132.741 91.0342 1
-122.213 74.2009 1
-70.0611 83.2483 0
-5.59183 32.0851 0
11.2656 51.6946 0
50.5747 0.916664 0
52.1353 45.4011 0
29.6193 -220.649 0
-305.464 -92.1712 0
-339.786 -135.237 0
-390.203 -123.481 0
-445.24 -65.4031 0
-397.649 -89.3046 0
-403.531 -25.6036 0
-424.718 -40.5586 0
-481.01 -46.9648 0
-536.875 -27.4316 1
-52927.7 505.498 1
-52917.9 464.657 0
-52896.8 465.99 0
-52904.5 514.272 0
-52926.9 546.219 0
-49218.8 633.868 1
-49270.7 613.201 0
-49328.3 584.195 0
-49449.8 585.576 0
-49474.9 540.948 0
-49398.8 608.833 0
-49417.1 612.812 0
-49433.9 648.447 0
-49285.8 677.682 0
-49291.4 508.232 0
-49312.3 463.86 0
-49393.9 473.536 0
-49441.9 540.595 1
-49441.4 538.375 0
-49409.9 576.489 1
-49464.4 626.643 0
-49699.6 684.087 0
-49274 812.32 0
-49449.1 738.868 1
-49894.5 1193.05 0
-49634.7 1218.86 0
-49604.1 1336.29 1
-49573.9 1557.08 1
-48723.4 745.28 1
-48671.5 756.58 0
-48686 809.147 0
-48695.8 813.313 0
-48648.8 871.516 0
-48547.1 950.843 0
-48527.6 890.429 0
-48509.8 881.057 0
-48517.3 877.594 0
-48530.9 877.699 0
-48460.6 880.583 0
-48471.1 793.174 0
-48519.5 767.848 0
-48555.1 766.243 0
-48579.8 920.404 0
-48562.7 943.296 0
-48510.3 888.779 0
-48449.2 861.894 0
-48555.4 1008.41 1
-48561.6 986.264 1
-48876.6 1080.26 0
-48852.6 1092.84 0
-48936 1142.22 0
-49050.5 1295.12 0
-49054.8 1243.57 0
-49007.6 1233.96 1
-48643.2 1298.41 1
