73.2826 -39.7146 0
80.2456 -47.3342 0
437.577 -253.615 0
454.524 -312.775 1
655.229 -451.869 1
666.439 -429.959 0
669.48 -419.746 0
730.935 -515.304 0
715.8 -474.564 0
668.232 -405.483 0
490.642 26.2862 0
482.242 43.7908 0
389.498 -266.437 0
406.603 -184.731 0
377.454 -190.835 0
358.479 -160.972 0
337.521 -101.009 1
1878.2 -1058.37 1
1878.54 -1196.08 0
1880.46 -1201.46 0
1860.66 -1164.02 0
1852.59 -1106.92 0
1844.13 -1120.59 0
1845.36 -1121.57 0
1917.04 -1136.13 0
1899.95 -1096.71 0
1883.66 -1099.96 0
1948.22 -1115.63 0
1961.98 -1126.41 0
1909.13 -1072.36 0
2142.28 -1242.65 1
2022.89 -1106.8 0
1964.2 -987.19 0
1881.89 -916.298 0
1856.05 -877.976 0
1857.16 -816.232 0
1872.91 -757.487 0
1884.64 -740.659 0
1906.59 -743.41 0
1964.47 -809.38 0
1976.62 -777.13 0
1959.16 -774.651 0
1946.27 -792.969 0
1797.58 -888.41 0
1803.21 -897.454 0
1847.55 -1001.93 0
1856.97 -762.771 1
1941.55 -741.672 1
2444.39 -1230.42 1
2461.02 -1210.82 0
2437.16 -1198.61 0
2456.35 -1159.52 0
2456.78 -1115.13 0
2421.89 -1090.52 0
2398.56 -1031.58 0
2406.18 -1019.32 0
2754.13 -1121.05 0
2552.25 -1016.75 0
2544.79 -1061.27 0
2654.71 -975.628 0
1683.6 -1437.67 0
1663.43 -1472.92 0
1736.5 -1496.47 0
1806.03 -1444.76 1
1852.42 -1399.1 1
