24.3441 -19.7977 0
134.335 -26.9113 0
131.303 -11.1014 0
134.656 1.15833 0
354.242 -23.7524 0
339.91 -61.5472 0
348.279 -131.894 0
339.455 -187.667 0
391.172 -245.023 0
446.807 -191.307 0
486.371 -139.427 0
489.536 -115.637 0
488.079 -51.5255 0
447.403 -15.9551 0
491.906 -19.9162 0
481.179 2.14169 0
507.199 16.9153 1
427.758 139.619 0
556.151 21.2484 0
517.412 55.1848 1
387.247 23.7081 1
605.621 10.7576 0
629.079 17.4344 0
617.028 10.9171 0
-2648.71 -994.46 0
-2695.68 -954.169 0
-2720.86 -956.464 0
-2752 -1005.65 0
-2559.18 -1114.1 0
-2581.37 -1124.46 1
