153.468 -213.864 0
215.131 -222.632 0
188.642 -252.64 0
138.287 -194.554 0
109.404 -169.719 0
78.0667 -143.403 0
128.445 -115.567 0
170.426 -110.829 0
173.541 -98.9185 1
184.914 -116.93 1
183.081 -82.1435 0
181.86 -42.5112 0
212.594 -7.5306 0
205.25 39.915 0
221.525 0.528084 0
216.055 14.3696 0
220.657 13.9986 0
247.511 -26.7216 0
244.283 -92.7277 0
261.284 -136.032 0
186.253 -246.958 0
232.457 -279.957 0
288.843 -239.538 0
297.559 -247.234 0
332.861 -221.828 0
361.807 -187.378 0
471.394 -265.937 0
462.212 -205.517 0
390.829 -154.087 0
363.771 -106.209 0
386.04 -60.9376 0
344.778 -76.3127 0
437.033 -41.3361 0
317.738 40.3465 0
362.662 67.3805 0
433.255 18.1957 0
630.839 -850.567 0
637.115 -1176.01 0
661.596 -1242.94 0
666.295 -1295.69 0
570.284 -1152.25 0
522.126 -1107.41 0
515.399 -1061.27 0
556.562 -1103.48 0
534.675 -1312.19 0
520.287 -1290.9 0
659.98 -1337.55 0
600.807 -1328.92 0
580.892 -1275.94 0
558.373 -1216.72 0
697.554 -1252.5 0
730.882 -1250.33 0
718.198 -1287.49 0
899.694 -1191.11 0
996.086 -1179.07 0
1362.37 -1093.49 0
1472.74 -1208.29 0
1512.13 -1207.38 0
1569.19 -1180.4 0
1523.13 -1247.23 0
1516.27 -1245.37 0
1535.27 -1154.04 0
1555.58 -1170.88 0
1528.59 -1101.25 0
1476.25 -913.755 0
1443.71 -953.391 0
1387.16 -904.493 0
1370.28 -854.963 0
1363.17 -665.867 0
1530.06 -725.127 0
1535.52 -722.11 0
1544.66 -752.662 0
1228.46 -422.24 0
-1400.79 4943.02 0
-1364.23 5016.2 0
-1414.52 4694.18 0
-1365.3 4628.9 1
-711.008 4203.59 0
-982.809 4264.67 0
-1174.08 4597.25 0
