-12.985 -87.0775 0
-36.8754 -138.416 0
-8.0565 -169.174 0
-11.2711 -148.722 0
15.905 -109.764 0
32.5942 -82.0921 0
30.4458 -5.4242 0
-59.1294 21.3425 1
-75.9029 51.3118 1
-36.7905 49.7562 0
-1.87983 62.145 0
32.1697 43.0687 0
123.627 157.359 0
179.314 154.675 0
190.968 58.8441 0
120.276 62.8 0
51.1852 92.4134 0
29.2456 114.261 0
11.0988 142.289 0
15.8347 226.488 0
102.6 215.421 0
11.9534 206.216 0
63.6396 111.841 0
68.3323 91.129 0
140.84 64.0143 0
481.68 -33.3738 0
478.899 -8.38572 0
478.63 54.0501 0
502.457 30.4972 0
495.358 104.817 0
589.43 -1.80839 0
547.564 -7.48101 0
524.511 24.3596 0
483.502 15.946 0
491.911 48.7386 0
489.44 133.006 0
503.369 189.235 0
560.518 195.586 0
568.168 253.359 0
589.037 372.118 0
570.35 366.764 0
581.209 328.445 0
615.095 232.266 0
521.831 395.248 0
623.356 235.792 0
695.453 115.825 0
625.863 121.71 0
604.029 287.729 0
582.983 282.838 0
571.29 236.367 0
628.476 169.219 0
594.721 110.221 1
402.307 86.4933 1
309.052 139.39 0
299.022 179.408 0
355.088 200.69 0
381.75 158.628 0
388.994 169.409 0
411.072 196.682 0
431.376 247.413 0
436.872 323.469 0
405.446 301.951 0
347.15 322.055 1
1173.21 182.277 1
1123.29 162.956 0
1084.14 85.4143 0
1052.71 240.731 0
993.809 286.387 0
1030.34 348.933 0
1020.13 369.946 0
987.132 231.813 1
936.603 191.333 1
1016.14 366.454 0
1040.2 360.758 0
1006.09 426.513 0
1045.67 316.294 0
1027.35 318.323 0
1010.6 373.967 0
1001.37 282.776 0
854.825 53.5596 0
1048.24 243.482 0
1013.54 291.615 0
1107.57 307.932 0
472.969 1187.8 0
2769.2 -2351.75 0
