4.90272 -40.7331 0
3.36163 -158.04 1
-41.0006 -165.253 1
-58.3697 -42.4033 0
-75.5142 -104.874 0
-68.5162 -143.693 0
-62.9141 -82.3299 0
-43.0071 174.444 0
-78.502 242.903 0
-140.337 241.356 0
-151.136 251.053 0
-111.285 338.756 0
15.675 299.055 0
110.611 22.9719 1
82.2752 20.758 0
52.5186 43.7295 0
69.1288 122.253 0
106.819 190.309 0
434.888 453.065 0
440.746 113.199 0
362.97 -38.4473 0
399.992 24.3354 0
407.426 39.2856 0
399.448 45.5794 0
394.829 44.332 0
459.661 441.425 0
498.451 449.733 0
489.34 457.792 0
298.612 318.32 0
344.496 307.456 0
-133.83 315.916 1
-138.786 318.046 0
-129.632 356.751 0
-146.931 297.916 0
-192.424 332.948 0
-189.276 301.017 0
-148.846 259.634 1
-123.513 280.654 1
44.6267 220.814 0
552.995 270.02 0
580.102 251.08 1
549.711 213.762 1
474.204 221.893 0
486.282 206.831 0
653.029 100.596 0
611.222 196.29 0
688.83 223.603 0
528.911 270.164 0
450.382 299.048 0
463.542 277.147 0
520.241 236.18 0
730.256 228.364 0
697.153 237.337 0
543.194 197.641 0
296.627 233.541 0
266.547 194.523 0
286.004 158.148 0
259.267 169.043 0
122.553 297.72 0
116.91 215.203 0
167.302 169.779 0
41.5019 180.805 1
51.0286 49.3238 1
57.4079 25.8242 0
68.4971 -28.455 0
76.1288 -47.6595 0
77.0104 -47.3168 1
1199.74 41.1779 1
1160.06 -12.4167 0
1202.8 10.9311 0
1178.07 53.8729 0
1164.37 151.71 0
1330.75 148.805 0
1432.61 51.8128 0
1477.5 78.9231 0
1427.23 66.2858 0
1453.13 36.1086 0
1592.75 -10.7635 0
1442.36 -3.44766 0
1472.33 23.8721 0
1348.23 59.7242 0
1549.07 -162.685 0
1571.13 -146.049 0
1600.43 -104.147 0
1639.26 -82.1146 0
1628.97 -723.778 0
1668.97 -620.117 0
1652.67 -555.709 0
1604.42 -445.224 0
1530.5 -318.243 0
-1226.6 233.976 1
