-45.3972 28.3998 0
-47.8012 40.7379 0
89.9341 -20.7267 0
217.055 -141.64 0
249.336 -209.96 0
303.938 -256.01 0
279.767 -262.553 0
285.309 -247.179 0
278.295 -264.938 0
266.409 -288.911 0
266.265 -225.094 0
262.642 -186.792 0
220.75 -191.882 0
150.381 -193.593 0
157.805 13.6341 0
175.031 72.3314 0
229.561 75.2346 1
196.199 113.84 1
196.839 115.282 0
237.102 81.2785 0
223.392 28.5155 0
182.272 -5.36754 0
204.65 -92.2869 0
279.094 -175.21 0
288.16 -195.76 0
122.955 -117.218 0
105.53 -84.3006 0
57.9433 -49.0395 0
93.4755 -7.55742 0
-124.218 -62.621 0
-150.851 -96.3902 0
-171.784 -53.089 0
-187.037 -40.029 0
-117.734 -87.9008 1
-103.521 -52.725 1
-101.019 -24.5392 0
-92.2518 -25.0418 0
-108.431 -18.4254 0
-136.325 4.01533 0
-420.795 25.2506 0
-514.408 33.9742 1
-448.186 64.5144 1
-345.274 134.655 0
-260.849 147.452 0
-196.625 204.054 0
-233.689 220.632 0
-178.115 268.742 1
-206.678 313.673 1
-212.278 370.723 0
-202.971 395.628 0
-180.852 387.79 0
-159.03 356.363 0
-118.015 331.777 0
-137.481 240.991 0
-151.841 219.367 0
-74.522 143.534 0
-47.3861 122.501 0
167.304 -3.86585 0
21.7571 117.438 0
-313.845 237.081 0
-360.873 246.787 0
-426.451 292.454 0
-294.674 323.339 0
-300.104 286.165 0
-212.995 216.077 0
-266.253 251.976 0
-138.195 353.493 1
29552.6 -3521.77 1
29604 -3575.59 0
