10.5907 -13.7725 0
18.6964 -26.5506 0
194.325 31.1887 0
160.775 -37.029 0
144.829 -87.3285 0
146.235 -112.766 0
163.376 -71.2502 0
204.893 -85.2165 0
219.768 -35.784 0
148.473 166.588 0
19.7069 153.383 0
249.635 213.956 1
264.324 196.224 1
201.883 319.961 0
167.203 336.441 0
163.016 362.765 0
140.657 359.904 0
162.228 334.741 0
225.244 275.703 1
208.341 226.951 1
383.503 -222.949 0
391.532 -272.624 0
356.58 -206.325 0
294.337 -103.268 0
202.21 72.1835 0
173.357 97.1426 0
139.896 91.8222 0
192.547 17.9719 0
219.18 33.7176 0
138.124 142.967 0
170.06 127.584 1
835.907 94.0566 1
769.578 93.3926 0
782.856 -45.55 0
632.56 -18.4851 0
650.866 -17.76 0
639.275 -20.1086 0
639.162 -55.0421 0
2467.62 -1978.13 0
2453.12 -2583.16 0
2486.18 -2538.17 0
2486.94 -2515.03 0
2480.25 -2462.52 0
2533.14 -2020.79 0
2614.56 -2036.15 1
2616.11 -2266.94 0
2585.43 -2279.8 0
2977.69 -2611.07 0
2928.85 -2626.42 0
2849.99 -2647.81 0
2827.01 -2685.17 0
2735.7 -2805.72 0
2655.78 -2908.33 0
2591.51 -2989.01 0
2614.24 -2946.43 0
2601.22 -2721.21 0
2618.67 -2679.73 0
3646.16 -2777.7 1
3647.01 -2819.96 0
3607.7 -2797.41 0
