117.181 42.5779 0
78.7315 -32.2919 0
-19.9823 -136.929 0
6.5519 -54.1847 0
22.0397 113.372 0
180.34 165.088 0
138.767 206.981 0
196.826 250.563 0
118.685 404.895 0
86.4676 399.178 0
70.2351 447.169 0
39.3989 488.718 0
-4.89071 479.614 0
-48.4108 425.941 0
-71.6519 389.858 0
-22.6646 379.366 0
-82.581 357.253 0
-81.4818 378.646 0
5.19857 432.073 0
589.931 369.955 0
598.751 370.731 0
696.983 444.001 0
745.85 374.142 0
769.611 386.505 0
735.462 345.848 0
457.149 -209.366 1
408.115 -199.364 0
405.987 -184.694 0
391.29 -144.779 0
349.534 -96.6493 0
358.742 -98.6251 1
-330.54 231.548 1
-347.159 255.433 0
-479.496 353.776 0
-622.681 366.027 0
-302.026 286.366 1
802.904 857.964 0
-701.414 -1200.77 1
-552.809 -1314.22 0
-532.036 -1315.01 0
-494.37 -1358.88 0
-480.875 -1413.01 0
-450.927 -1522.23 0
-407.615 -1513.22 0
-409.303 -1500.17 0
-289.427 -1458.05 0
-302.231 -1432.81 0
-371.917 -1342.38 0
-395.324 -1240.33 0
-369.288 -1182.81 0
-371.633 -1202.16 0
-355.055 -1206.67 0
-215.556 -1059.47 1
-203.287 -1014.93 1
-184.273 -969.253 0
-144.172 -970.427 0
-127.612 -963.874 0
188.778 -953.328 0
314.047 -1233.49 0
329.485 -1287.14 0
334.581 -1250.69 0
259.122 -1450.13 0
-131.299 -1282.91 0
-97.2231 -1328.53 0
109.322 -1484.27 0
85.8887 -1474.13 0
28.7294 -1440.23 0
-13.9083 -1401 0
-71.5513 -1380.77 0
-22.4462 -1320.37 0
24.1601 -1246.09 0
121.969 -1120.8 0
154.144 -1154.91 0
131.466 -1126.54 0
49.7154 -1122.13 0
55.5944 -1073.42 0
86.7009 -817.578 0
2.8455 -793.448 0
6.16838 -709.807 0
123.984 -558.205 0
160.613 -412.333 0
143.139 -357.791 0
199.72 -299.305 0
216.096 -319.582 0
121.276 -313.525 1
-0.945038 -397.247 1
-64.0785 -325.793 0
-92.0482 -293.585 0
-69.4514 -295.041 0
218.305 -420.841 0
280.988 -464.095 0
245.141 -509.705 0
316.687 -525.022 0
283.085 -533.932 0
535.962 -480.42 0
513.887 -416.586 0
468.564 -384.849 0
