118.604 -90.0268 0
185.894 -107.239 0
4.89882 -81.4914 0
196.302 -193.486 0
195.387 -255.819 0
-103.837 -300.052 0
-162.819 -250.757 0
-118.428 -256.66 0
-12.8527 -223.049 0
38.5253 -227.888 1
105.203 -179.528 1
112.217 -186.75 0
156.958 -178.285 0
179.526 -142.513 0
302.422 -84.193 0
426.248 -70.5318 0
473.346 -111.198 0
530.756 -210.354 1
-11.3565 -639.932 1
-24.4432 -640.115 0
-13.1223 -615.601 0
51.7597 -578.841 0
-704.089 -733.407 1
-700.976 -838.368 0
-720.311 -824.369 0
-705.847 -761.402 1
2104.56 -597.636 1
1858.75 44.4603 0
1856.38 58.5239 0
2553.85 -127.549 0
2605.24 -80.6128 0
2650.6 -102.525 1
2682.98 -345.474 1
2641.13 -346.812 0
2668.53 -303.551 0
2663.66 -305.035 0
2663.67 -319.533 1
2692.14 -346.873 1
2738.62 -233.265 0
2822.31 -229.547 0
2769.28 21.1763 1
2789.82 596.128 1
2777.22 251.79 0
2465.36 668.467 0
2462.34 621.74 1
2469.05 843.601 1
3315.15 120.428 0
3308.28 99.8539 0
3345.93 31.4205 0
