-18.2664 69.5477 0
-18.4626 83.2533 0
14.0403 90.9808 1
50.8262 107.067 1
69.8478 69.4361 0
99.5786 54.1315 0
124.099 37.4301 0
155.363 11.2109 0
180.421 -3.83314 0
272.696 -117.575 0
308.798 -107.893 0
-738.457 -207.751 0
-713.778 -199.394 0
-578.096 -275.568 0
-562.492 -320.113 0
-550.384 -320.422 1
-534.442 -449.517 1
-486.931 -447.283 0
-199.188 -463.036 0
-183.797 -464.78 0
11.1701 -523.941 0
-6.10767 -542.279 0
6.07747 -538.917 0
-19.5063 -527.115 0
-130.421 -468.14 0
-101.377 -487.334 0
-90.946 -502.112 0
-87.4109 -536.512 0
-62.5298 -575.602 0
222.237 -514.611 0
264.182 -554.632 0
133.56 -508.516 0
146.359 -476.077 0
131.464 -377.371 0
173.414 -340.308 0
182.384 -301.494 0
81.6884 -125.661 0
87.5602 -67.893 0
49.8682 -38.1909 0
53.4637 17.9217 0
56.4442 -27.2198 0
18.7108 -66.5222 0
-1.51838 -93.2062 0
-13.4621 -87.0656 1
-75 270.812 0
10.6337 307.117 0
-112.783 456.988 0
-102.619 445.172 0
-84.0676 401.928 0
0.159416 360.562 0
48.2425 385.866 0
74.9649 460.922 0
52.6507 474.681 0
29.1807 432.646 0
-123.655 404.733 0
-89.6034 392.907 0
278.261 396.522 0
263.371 421.11 0
149.982 332.073 0
118.812 280.313 0
745.087 211.667 0
722.695 258.415 0
659.702 192.416 0
1052.25 60.5701 0
989.242 127.757 0
947.947 471.708 0
933.079 478.316 1
939.882 519.912 1
964.289 493.566 0
946.49 490.039 0
1045.47 421.969 1
1313.48 -202.656 1
1321.7 -245.161 0
1309.45 -239.105 0
1393.09 -467.852 0
