16.9423 23.5155 0
52.1217 62.7103 0
1.27346 14.7788 0
155.797 43.0391 0
129.516 55.9546 0
101.742 29.1427 0
219.796 6.60917 0
241.416 -51.2091 0
238.675 -32.2548 0
238.249 -65.7133 0
236.173 -23.0144 1
345.084 -207.95 1
332.74 -295.131 0
362.089 -155.68 0
286.787 -51.2748 0
286.32 -70.7062 0
308.712 -118.39 0
374.528 -168.806 0
366.587 -169.412 0
363.784 -155.743 0
-144.983 -116.792 0
46.0416 -46.9784 0
74.1561 -130.288 0
218.305 -257.769 0
179.623 -208.983 0
115.029 -83.055 0
139.541 -64.7378 0
140.468 -44.2617 1
185.812 -83.7596 1
187.762 -94.5174 0
215.838 -98.1808 0
271.021 -60.7027 0
362.959 -51.5774 0
453.995 -75.0254 0
562.607 -97.8204 1
550.086 -72.9935 1
551.522 -85.081 0
222.627 289.471 0
301.323 174.111 1
797.909 -47.4055 0
971.959 -190.686 0
954.218 -202.336 0
937.461 -184.311 0
943.708 -144.974 0
970.157 -501.619 0
993.673 -445.066 0
1009.81 -303.55 0
1014.71 -353.741 0
955.85 -395.515 0
