-27.0753 176.698 0
-3.67602 168.497 0
98.5054 178.465 1
140.697 152.876 1
34.062 320.659 0
97.9081 211.084 0
49.8895 216.869 0
28.2991 158.366 0
-92.1235 55.3821 0
-68.8515 60.2359 0
-54.412 52.0356 0
-56.5281 50.5274 0
-16.9278 10.5618 0
19.3571 -6.85828 0
50.2974 -84.1905 0
188.471 -213.119 0
176.18 -194.439 1
156.421 279.806 1
232.705 249.368 0
256.734 232.53 0
171.782 241.634 0
151.206 216.194 0
199.693 203.215 1
160.581 199.634 1
83.0281 187.905 0
42.6343 215.697 0
73.9543 219.792 0
96.7144 241.827 0
581.138 454.33 0
565.346 475.184 0
518.657 445.646 1
778.047 444.308 1
812.289 462.842 0
871.11 425.283 0
928.24 416.119 0
1260.01 260.9 0
1256.28 203.334 0
1278.71 199.894 0
1275.75 182.113 0
1277.56 143.088 0
1291.42 171.316 0
1332.27 125.808 0
1350.59 143.753 0
1370.81 78.42 0
1403.84 58.4939 0
1451.98 113.145 0
1428.67 10.4309 0
1384.11 -6.0844 0
1476.48 -67.925 0
1424.07 -45.6721 0
1375.61 -8.99128 0
1390.82 28.5056 0
1426.1 54.3198 0
1586.67 41.5134 0
1590.49 25.3999 0
1566.44 23.3806 0
1565.84 15.6916 0
1523.62 -1.39969 0
1518.22 39.8287 0
1515.34 296.285 0
1551.75 226.324 0
1566.87 112.331 0
1774.95 220.117 0
