-76.8694 41.9207 0
-143.595 63.5889 0
-158.319 51.522 0
-203.034 51.2713 0
-180.953 142.135 0
-210.349 114.747 0
32.3371 19.9773 0
31.4788 -252.639 0
-2.95448 -281.124 0
-29.9817 -375.233 0
41.5814 -368.896 0
44.253 -418.314 0
64.2655 -433.079 0
44.6474 -468.824 0
53.1461 -482.085 0
-3.4469 -498.105 0
26.5882 -527.296 0
117.941 -442.633 0
70.3612 -495.761 0
171.099 -403.859 0
206.295 -278.851 0
162.45 -368.59 0
188.978 -364.949 0
175.757 -359.458 1
209.778 -293.246 1
239.688 -240.277 0
218.099 -221.053 0
222.814 -171.134 0
258.057 -122.525 0
322.23 -55.6613 0
306.117 -58.313 0
277.216 -41.9773 0
356.049 -34.3315 0
296.757 93.6878 0
254.846 116.39 0
185.295 125.19 0
185.346 182.929 0
157.837 212.468 0
174.969 117.477 0
458.626 -74.3731 1
386.395 -99.9023 0
388.875 -108.008 0
436.12 -83.885 0
385.63 -156.123 0
351.499 -196.731 0
461.723 -193.722 0
470.275 -176.356 0
574.872 100.822 0
507.087 -478.865 0
358.53 -604.162 0
340.572 -630.735 0
282.066 -741.574 0
282.609 -766.348 0
298.134 -780.604 0
310.808 -791.478 0
-201.937 -915.666 1
-1059.11 -1066.43 0
-1069.43 -1020.67 0
-1067.21 -918.927 0
-1097.57 -845.35 1
-59.2505 -639.657 1
-69.8586 -602.477 0
-29.5121 -807.564 0
-146.51 -655.363 0
92.7083 -1012.09 0
268.927 -1223.43 0
258.494 -1265.29 0
132.937 -1266.18 0
282.373 -1200.7 0
295.932 -1170.08 0
312.269 -1118.02 0
312.011 -1064.81 0
281.41 -1078.62 0
274.629 -960.667 0
280.702 -949.382 0
310.038 -963.168 0
347.217 -979.012 0
342.159 -945.447 0
307.325 -929.837 0
325.961 -940.23 0
373.658 -726.927 0
344.055 -773.343 1
272.843 -747.723 1
201.188 -797.59 0
287.936 -823.812 0
254.531 -861.67 0
3.59296 -802.805 0
-7.74658 -800.287 0
-51.3318 -763.59 0
-82.277 -708.004 0
-21.1854 -630.13 0
-40.4793 -488.213 0
-83.1564 -489.971 0
-88.3788 -507.903 0
-61.9356 -548.772 0
-72.616 -524.302 0
-96.5306 -438.264 1
-103.591 -444.267 1
-7.62993 -400.095 0
439.528 -238.916 0
400.205 -396.61 0
1276.39 -865.331 0
1373.78 -1110.06 0
1338.42 -1072.5 0
1508.42 -1313.96 0
