-57.7181 65.4597 0
-59.3734 61.0762 0
-108.552 -129.736 0
-106.646 -38.1209 0
-193.047 -36.7076 0
-244.655 40.4675 0
-264.981 21.721 0
-299.23 -17.2773 0
-111.1 -252.983 0
-113.487 -419.897 0
-41.3607 -515.215 0
-72.5276 -724.422 0
-211.341 -637.397 0
-287.609 -262.568 0
-304.466 -284.61 0
-296.435 -253.002 0
-256.562 -139.871 1
-311.824 -97.2007 1
-324.713 -43.855 0
-307.805 54.1379 0
22.5539 -146.979 0
20.2474 -512.422 0
-0.659454 -654.912 0
16.4098 -625.846 0
6.97081 -649.018 0
-17.2592 -671.891 0
-21.8944 -676.031 0
-72.6328 -600.716 0
-90.0501 -542.068 0
-29.256 -451.234 1
-1367.67 1.36203 1
-1287.61 -73.0478 0
-1317.47 -78.4568 0
-1327.1 -51.1466 0
-1357.71 -22.9846 0
-1330.63 -38.4527 0
-1313.48 -26.4253 0
-1263.06 -20.5702 0
-1228.8 -66.8362 0
-1238.97 -55.0832 0
-1241.25 -8.87393 0
-1235.3 -25.3695 1
-754.567 -394.25 1
-753.295 -389.708 0
-771.11 -370.647 0
-747.05 -299.094 0
-798.777 -210.898 0
-826.344 -102.001 0
-833.202 -22.6696 0
-762.036 -55.5756 0
-695.399 -145.765 0
-725.422 -143.182 1
-2801.52 -1467.06 1
-2777.87 -1478.03 0
-2796.4 -1411.32 0
-2825.14 -1363.51 0
-2717.02 -1307.44 1
-2547.5 -2437.4 1
-2484.99 -2513.41 0
-2543.38 -2495.27 0
-2574.17 -2137.27 0
-2383.84 -1648.16 0
-2464.23 -1636.02 0
-2469.68 -1614.87 0
-2473.41 -1872.44 0
-2360.77 -1904.97 0
-2313.23 -1923.78 0
-1664.06 -2294.98 0
-1903.59 -2175.22 0
-1908.44 -2122.15 0
-1850.5 -2152.45 0
-1842.07 -2145.71 0
-1863.02 -2192.37 0
-1877.49 -2166.63 1
-1735.72 -2249.14 1
-1742.69 -2227.63 0
-1748.53 -2216.16 0
-1728.88 -2178.41 0
-1738.9 -2071.99 0
-1765.7 -2052.43 0
-1754.02 -2026.35 0
-1720.22 -1957.86 0
-1579.05 -1859.51 0
-1562.3 -1846.39 0
-1626.28 -1781.07 0
-1692.9 -1766.4 0
-2269.65 -1683.61 0
-2001.97 -1664.36 0
-1868.76 -1681.99 0
-1790.75 -1733.29 0
-1637.34 -1817.09 0
-1597.45 -1791.99 0
-1609.6 -1770.25 0
-1613.03 -1779.05 0
-1631.14 -1823.13 0
-1413.86 -2089.5 0
