-1.63414 11.1583 0
-42.8427 145.14 0
-25.9018 136.276 1
98.8613 -102.136 1
107.608 -86.5521 0
85.8179 -66.2207 0
88.3911 -36.6334 0
61.9152 0.534325 0
55.627 64.5553 0
141.995 266.107 0
195.136 300.98 0
386.075 -96.1034 0
447.465 -87.8852 0
481.989 -67.0347 0
474.802 -23.4132 0
428.975 34.9443 0
864.737 -11.1563 0
852.064 -33.1887 0
850.521 -11.6468 0
775.413 -142.174 0
745.647 -151.29 0
733.202 -187.687 0
1233.02 -338.112 0
1147.91 -363.234 0
1118.96 -414.709 0
1082.45 -344.267 0
1156.61 -393.39 0
1246.3 -351.575 0
1255.59 -357.65 0
1278.17 -367.82 1
1323.97 -344.272 1
1362.99 -240.79 0
1406.37 -299.55 0
1005.52 -601.64 0
995.184 -578.833 0
1004.86 -559.786 0
1072.14 -581.902 1
1057.29 -568.272 1
1099.25 -301.282 0
1311.51 -402.648 0
1314.16 -442.295 1
1393.55 -366.553 1
1304.87 -362.989 0
1298.47 -354.228 0
1331.5 -332.309 0
1351.6 -306.247 0
1329.14 -276.445 0
1340.1 -214.081 0
1487.78 -295.254 0
1511.59 -366.633 0
2081.59 -896.052 0
1977.19 -1595.86 0
