-38.8066 -35.4988 0
-45.3228 54.978 0
60.8009 -149.53 0
293.427 -348.737 0
482.686 -447.062 0
513.795 -316.274 0
513.617 -270.016 0
453.287 -257.477 0
447.9 -214.858 0
485.942 -190.367 0
499.186 -166.425 0
465.434 -105.256 0
457.828 -105.318 0
330.282 -33.6924 0
305.826 -34.4702 1
169.833 -49.318 1
167.593 -9.19099 0
175.925 46.6477 0
194.114 21.7313 0
233.117 28.2008 0
276.153 42.818 1
237.849 96.7757 1
708.844 -206.625 0
714.339 -181.671 0
784.689 -128.838 0
798.409 -82.1017 0
776.681 -5.14843 0
746.525 80.1526 0
782.183 76.929 1
638.193 92.8465 1
516.957 212.045 0
523.97 184.296 0
521.566 206.589 0
576.814 199.624 0
576.897 207.659 0
671.697 189.585 0
667.978 94.5516 0
-193.73 738.255 0
15.2351 702.596 1
805.631 114.125 0
663.595 127.024 0
510.748 245.19 0
511.567 230.099 0
530.797 307.568 0
463.203 344.818 0
479.787 220.946 0
469.106 272.04 0
454.638 288.285 0
828.273 534.758 0
2259.66 220.721 0
2230.45 227.347 1
2192.78 252.458 1
2355.49 178.315 0
2392.87 145.372 0
2347.77 100.456 0
2362.63 111.543 0
2280.56 -169.43 0
2256.48 -107.183 0
2275.72 -106.619 0
2374.11 -113.374 0
2447.89 -96.138 0
2408.86 -52.7082 0
2461.92 -71.3925 0
2442.73 -78.3484 0
