5.99288 76.1751 0
55.9152 44.812 0
56.0385 22.4534 0
-30.3852 11.7753 0
14.7094 -21.4484 0
-17.8335 8.48504 0
-22.979 95.2878 0
12.8176 107.776 0
41.7045 192.321 0
43.1746 203.305 0
34.1542 233.008 0
52.9717 191.821 1
282.455 -1.00105 1
281.671 -127.618 0
304.708 -179.228 0
312.878 -257.451 0
363.661 -326.088 0
793.897 -318.243 0
1017.06 -284.449 1
1032.23 -194.158 1
1921.3 123.37 1
1904.86 180.971 0
1899.62 230.955 0
1915.17 241.212 0
2071.83 183.939 1
2034.02 236.89 0
2010.99 231.791 0
1931.3 413.393 0
1817.66 643.787 0
1897.55 569.054 0
1898.88 572.765 0
1894.49 601.278 1
1848.96 362.763 1
2151.18 110.786 0
2140.05 177.499 0
2243.46 -84.9535 0
2199.05 -56.2901 0
2240.4 33.9519 0
2301.7 -98.0854 0
2249.68 -89.5927 0
2244.73 -49.9187 0
2247.59 -11.8273 0
2265.51 -15.3674 0
2286.95 -42.459 0
2369.46 -30.9238 0
2352.5 -56.5651 0
2313.19 -47.9968 0
2300.68 -124.181 0
2294.51 -25.9697 0
2243.34 49.6975 0
2274.41 81.2641 0
2274.89 82.8476 0
1891.52 232.852 1
1766.96 221.802 1
2036.45 109.409 1
2052.42 73.6726 0
2042 63.0942 0
1687.58 169.432 0
1677.49 209.412 0
1404.9 419.798 0
1398.49 483.97 0
1275.9 685.167 1
3223.12 988.899 1
