0.245399 -15.6058 0
30.6865 157.995 0
15.838 111.045 0
9.88938 66.7214 0
-5.31443 130.243 0
236.682 163.811 0
125.515 -68.472 0
200.57 -124.345 0
258.443 -138.585 0
212.995 -226.079 0
236.329 -37.9241 0
245.081 33.0663 0
272.995 52.3201 0
290.034 72.7862 0
329.047 67.4779 0
375.948 108.044 0
201.654 168.241 0
247.827 191.492 0
298.701 192.053 0
369.438 219.663 0
295.698 278.139 0
475.636 439.961 0
126.465 -344.653 0
147.948 -218.037 0
292.753 -177.55 0
266.352 -251.576 0
252.159 -238.394 0
218.47 -238.386 0
280.938 -80.5458 0
183.922 109.359 0
214.014 -144.926 0
237.769 -142.539 0
366.067 -245.467 0
292.036 -233.328 0
251.22 -167.583 0
292.051 -135.19 0
121.438 -166.433 0
344.635 -64.0175 0
383.818 -19.3115 0
865.57 -152.858 0
722.41 -198.976 0
