-59.8471 32.5025 0
-38.7095 57.2845 0
-175.626 18.4137 0
-151.887 67.3536 0
-48.0065 208.245 0
-88.3551 237.944 0
-243.201 270.84 0
-228.611 249.474 0
-227.285 279.426 0
-407.613 326.626 0
-170.57 289.549 0
-68.7684 233.641 0
-39.3774 204.139 0
-43.6276 161.585 0
-84.7321 83.2269 0
-10.4298 108.881 0
19.5048 142.163 0
54.1582 184.851 0
57.4707 270.456 0
194.33 322.024 0
171.632 190.083 0
256.943 22.4403 0
263.017 113.535 0
264.999 113.026 0
-809.358 216.804 0
-833.866 -406.325 0
-850.91 -407.479 0
-508.968 -499.577 0
-1139.34 -614.736 0
-1171.23 -614.447 0
-958.603 -799.816 0
-894.72 -853.64 0
-1103.29 -879.485 0
-1163.21 -820.452 0
-1217.54 -682.588 0
-1251.66 -640.732 0
-1096.45 -549.289 1
-1100.91 -532.766 1
-1130.48 -478.727 1
-1246.25 -514.593 1
-1202.04 -502.739 0
-1131.34 -509.96 0
-1106.29 -440.865 1
-1319.24 334.863 1
-1942.6 -121.701 0
-24050.1 2727.31 0
-24128.5 2778.51 0
-24460.8 2850.11 1
-24419.4 2801.04 1
-27267.1 3744.58 0
-27329.8 3755.06 1
-27318.1 3771.47 1
-27339.5 3745.35 0
-27163 3757.53 0
-22157.8 3569.58 0
-22208.1 3397.81 0
-22219.1 3441.27 0
-22505.8 3653.79 0
-22810.4 3623.79 0
-22813.2 3623.35 0
-22817.5 3602.73 0
-22753.7 3577.16 0
-22667 3587.28 1
-22082.3 3202.08 1
-22084.3 3253.79 0
-21997.1 3244.76 0
-21990.9 3177.35 0
-21937.6 3145.88 0
-21909.5 3172.34 1
-21996.3 3261.92 1
-21972.1 3262.98 0
-21949.7 3277.74 0
-21960.1 3338.18 0
-22052.7 3433.54 1
-21970.2 3499.28 1
-21945.8 3476.29 0
-21953.2 3449.54 0
-22021.9 3490.21 1
-22259.4 3373.34 1
-22276.9 3415.38 0
-22025.6 3321.7 0
-21911 3171.89 1
-21948.4 3165.79 0
-21918.1 3147.98 0
-21696 3095 0
-21697.8 3036.37 1
