9.27861 2.40914 0
33.2538 19.0859 0
8.49961 27.719 0
10.6754 36.491 0
-75.9316 61.8153 0
-65.7711 80.7083 0
51.0829 123.697 0
257.593 100.89 0
298.81 140.533 0
323.673 170.563 0
276.925 174.269 0
297.649 193.08 0
307.154 192.254 0
348.276 225.315 1
416.88 171.11 1
415.095 166.828 0
338.258 -6.45413 0
300.939 150.504 0
257.047 208.034 0
242.784 251.013 0
263.898 633.147 0
317.998 597.885 0
370.073 534.408 0
346.932 561.559 0
366.132 573.786 0
371.665 627.627 0
325.821 819.712 0
341.847 852.897 0
625.46 526.718 0
638.748 565.026 0
657.329 524.691 0
620.081 494.704 0
715.828 274.932 0
794.052 203.451 0
776.513 229.264 0
796.761 255.581 0
792.458 229.626 1
1030.59 6.48439 1
965.919 -35.4836 0
987.199 -93.5492 0
1014.74 -84.6947 0
1024.4 -49.719 0
844.557 109.293 0
738.503 176.795 0
627.314 253.452 1
1824.72 -504.301 1
1851.98 -608.132 0
1847.8 -558.899 0
1687.4 -179.953 0
1563.36 -173.722 0
1568.44 -233.054 0
1541.28 -170.802 1
1515.03 -168.93 1
1775.38 -388.21 0
1790.17 -442.328 0
1794.26 -480.68 0
1800.68 -490.148 0
1814.39 -439.877 0
1757.98 -325.687 0
1822.51 -359.602 0
2008.43 -76.0331 0
1857.99 89.0472 1
11587.3 -5621.06 1
