-2.50224 5.18552 0
56.9217 202.764 0
137.258 212.282 0
117.408 270.117 0
168.688 284.905 0
166.733 378.828 0
69.8746 266.999 0
87.1155 231.047 0
244.388 69.2765 0
311.616 6.06978 0
437.453 -32.2477 0
481.49 -79.3053 0
497.051 -162.997 0
579.892 -204.745 0
596.319 -118.952 0
634.114 -59.2322 0
617.642 24.9939 0
482.534 159.909 0
478.822 243.369 0
846.017 67.5518 0
868.826 -60.8708 0
733.464 71.2007 0
668.819 120.582 0
710.168 119.343 0
768.553 83.7199 0
798.556 -6.29843 0
843.039 -72.063 0
886.67 -99.3228 0
858.984 -62.1223 0
839.077 -33.4485 0
857.393 -53.1592 0
886.07 -101.677 0
844.082 -86.28 0
871.938 -50.9964 0
1050.51 169.83 0
1086.88 -24.6866 1
1021.12 -107.489 0
1010.8 -66.8376 0
995.977 -18.3035 0
1073.21 -29.7353 0
1117.33 -121.294 0
1127.03 -56.3527 0
1046.37 25.223 0
951.791 11.0385 0
1022.86 -7.90078 0
1037.9 80.6776 0
998.705 168.491 1
571.38 -181.725 1
494.529 -167.165 0
731.992 -44.0283 0
506.142 128.245 0
724.712 94.7911 0
888.87 119.23 0
878.453 142.481 0
903.519 206.356 0
1140.05 51.4911 0
1099.32 14.6234 0
1165.69 -39.3277 0
1085.49 -79.0157 0
1145.86 -25.276 0
781.658 -101.139 0
770.014 105.628 0
683.519 168.293 0
710.658 161.831 0
700.503 133.084 0
771.458 67.5806 0
807.343 -20.0402 0
848.015 -104.216 0
978.237 -131.486 0
1037.36 -98.3979 0
1006.31 -86.3261 1
1124.18 340.643 1
1209.41 446.502 0
1267.78 282.911 0
1290.18 187.517 0
1292.18 162.681 0
1135.09 632.097 0
