46.0279 8.62931 0
72.1817 27.1275 0
141.461 134.838 0
289.286 82.8948 0
338.213 0.820633 0
368.504 -9.79098 0
364.888 3.53787 0
373.952 -27.7926 1
146.149 5.89614 1
137.704 11.4647 0
170.363 15.8185 0
30.2986 -126.892 0
103.128 -119.017 0
35.5849 -66.1718 0
20.4075 -40.1805 0
101.478 -25.2957 0
-63.9921 -97.4113 0
-137.872 -107.238 0
-82.7431 -72.9725 0
-69.7798 -102.939 0
-26.4209 -115.955 0
474.389 -289.445 0
429.765 -437.232 0
441.209 -436.637 0
448.462 -401.977 0
384.509 -193.744 0
348.479 -158.531 0
361.647 -142.095 0
319.934 -74.0913 1
1150.03 -951.83 1
905.819 -721.224 0
825.613 -516.003 0
836.461 -338.649 0
902.917 -290.58 0
845.823 -269.162 0
826.074 -269.406 1
816.777 -242.531 1
843.055 -259.522 0
1221.14 -438.884 0
1183.66 -445.726 0
1106.38 -456.851 0
1164.71 -449.391 0
1182.04 -416.044 0
1185.46 -438.183 0
1176.32 -453.79 0
983.618 -604.258 0
961.898 -609.81 0
981.464 -600.798 0
936.369 -513.606 0
932.42 -561.093 0
981.26 -560.077 0
1016.26 -560.628 0
1018.78 -590.302 1
1006.1 -590.005 1
653.386 -835.483 0
626.836 -893.258 0
627.089 -888.478 0
685.982 -904.253 0
663.8 -952.043 0
606.482 -981.628 1
598.462 -996.326 1
1050.77 -1369.8 0
1021.49 -1300.68 0
988.99 -1227.65 0
976.777 -1215.87 0
-295.598 -877.469 1
-55.1549 -867.079 0
-53.9867 -872.215 1
-91.0124 -943.686 1
-75.5393 -1022.55 0
-182.912 -852.339 0
-87.6399 -859.443 0
-68.908 -776.062 0
-46.0819 -837.975 0
-33.7718 -812.64 1
-55.0105 -815.444 1
-47.2913 -766.426 0
-105.323 -759.766 0
-188.968 -730.873 0
-169.639 -728.981 1
-706.529 -717.295 1
-717.924 -677.512 0
-700.709 -639.336 0
-625.389 -558.587 0
-648.752 -534.994 1
-47.5123 -878.305 1
-12.0197 -912.122 0
-67.1869 -908.295 0
133.039 -897.537 0
193.719 -922.967 0
193.465 -926.729 0
149.514 -1044.62 0
224.21 -1061.9 0
232.417 -1043.13 1
205.78 -1022.79 1
222.136 -986.771 0
237.209 -962.792 0
243.059 -936.528 1
193.83 -876.324 1
318.451 -978.583 0
328.734 -961.301 0
327.556 -978.344 0
274.79 -923.689 0
252.35 -922.817 0
197.551 -937.474 0
126.228 -914.186 0
62.8377 -861.802 0
494.717 -943.385 0
391.309 -955.597 0
339.892 -892.875 0
415.966 -876.207 0
