-35.7222 49.1726 0
-39.3314 63.7221 0
-141.435 187.827 0
-185.643 199.921 0
-170.984 172.786 0
-116.023 230.2 0
-42.9188 126.373 0
-108.278 136.849 0
-108.724 98.354 0
-102.45 99.5718 0
-67.5511 34.8147 0
26.889 -41.5157 0
-494.938 254.25 0
-396.678 278.399 1
-380.115 353.713 1
-444.304 339.48 1
-373.258 229.396 1
-391.69 243.381 0
-376.783 239.238 0
-279.51 191.034 0
-644.13 425.232 0
-344.894 284.468 0
-765.938 2811.3 0
-702.831 4142.2 1
-724.666 4011.48 0
-816.354 3840.9 0
-839.421 3843.97 0
-948.153 3769.33 1
-1150.2 3176.5 1
-2821.34 2698.81 0
-2813.73 2719 0
-2784.32 2739.53 0
-6609.11 2825.58 0
-6641.58 2824.3 0
-6650.11 2763.3 0
-6629.25 2751.98 0
-6101.68 2960.73 1
-6058.1 3026.69 1
-6048.08 3046.6 1
-6841.31 2568.99 0
-6841.45 2580.61 0
-6865.89 2572.44 0
-6841.19 2551.71 0
-6833.11 2524.65 1
-6844.53 2553.53 1
-6914.64 2648.66 0
-6552.25 2706.02 1
-5961.52 2782.83 1
-5911.95 2752.73 0
-5794.08 2772.58 0
-5735.23 2783.79 0
-5567.13 2786.51 1
-5611.62 2755.61 1
-5596.81 2752.56 1
-6187.85 2759.11 1
-6168.63 2830.42 0
-6052.22 2839.25 0
-5970.72 2834.7 1
-5912.44 2878.31 1
-3739.13 2686.24 1
-3768.62 2712.97 0
-3717.39 2618.42 0
-3658.51 2611.37 0
-3594.23 2634.59 0
-3568.97 2635.09 0
-3554.29 2638.03 0
-3570.69 2608.65 0
-3554.17 2701.17 0
-3593.35 2948.45 0
-3659.58 2957.17 0
-3755.14 3014.83 0
-3825.86 3040.45 1
-2799.31 3867.68 1
-2779.56 3917.28 0
-2806.7 3950.49 0
-2787.55 3978.52 0
-2751.32 3561.77 0
-2725.57 3567.27 0
-2723.5 3548.37 0
-2668.37 3455.76 0
-2661.56 3418.93 0
-2678.1 3453.98 0
-2655.75 3458.74 0
-2535.86 3524.4 0
-2493.57 3543.67 1
-2647.91 3446.89 1
-6477.47 2752.96 0
-6533.77 2782.53 0
-6416.28 2739.61 0
-6400.34 2739.37 0
-6394.55 2739.14 0
-6398.51 2736.66 1
-7908.53 2972.82 1
-7990 3018.14 0
-7894.32 3471.52 0
-7226.12 4211.63 0
-5632.73 4011.93 1
-5638.42 4035.17 0
-5641.44 4059.79 0
-6054.43 3993.33 1
-5615.38 3991.21 0
-5604.08 3960.11 0
