21.2476 -23.4231 0
60.0282 -9.82539 0
104.412 4.38645 0
136.978 13.4621 0
161.229 23.2648 0
160.609 39.14 0
193.865 89.4442 0
128.556 115.649 0
112.819 126.772 1
123.968 58.0563 1
173.454 84.1892 0
260.824 291.631 0
368.775 286.231 0
363.645 292.459 0
419.082 326.252 1
431.075 335.023 1
419.164 317.52 0
437.414 242.709 0
405.88 234.173 0
620.472 347.672 0
622.864 322.794 0
662.289 316.988 0
620.799 387.232 0
567.223 470.529 1
605.686 319.311 1
657.696 443.417 1
707.802 469.608 0
758.865 432.612 0
708.725 538.432 0
705.615 586.356 0
673.935 609.597 0
663.074 647.777 0
687.239 666.37 0
642.36 670.906 0
586.75 654.704 0
629.947 613.081 0
624.963 656.124 0
576.796 647.11 0
575.351 611.29 1
554.358 574.754 1
490.732 513.617 0
593.869 558.229 0
612.612 569.592 1
1836.53 834.545 1
1836.3 800.629 0
1856.83 663.136 0
1880.03 593.446 0
1861.02 538.865 0
1397.85 505.149 0
1404.6 458.361 0
1419.27 472.846 1
1330.19 636.781 1
1350.12 643.431 0
1352.37 663.467 0
1354.48 692.451 0
1316.82 730.833 0
1298.5 754.119 0
1281.55 767.132 0
1204.19 344.642 0
1231.43 335.416 0
1096.03 527.1 0
1025.12 576.189 1
-17759.9 -4341.27 1
-17318.6 -4122.52 0
-16521 -3702.36 0
-16579.5 -3655.78 1
-15810.6 -4154.5 0
-15875.1 -4172.5 0
-15880.5 -4168.38 0
-15936.3 -4171.05 0
-15517.6 -3804.35 0
-15634 -4108.87 0
-15664.8 -4109.03 0
-15956.7 -4071.53 0
-15877.1 -3953.67 0
-14832.8 -4175.18 0
-14949.1 -4150.06 0
