44.2727 -66.5778 0
37.4147 -18.2858 0
63.4826 15.9715 0
44.3913 15.1708 0
42.2378 18.9957 0
45.2051 28.2376 1
270.965 -71.346 1
301.142 -187.006 0
301.454 -13.3334 0
305.965 -25.4877 0
320.922 -60.9361 0
259.371 -41.0787 0
225.29 -33.4856 0
172.169 -1.51167 0
95.0968 11.6464 0
24.3261 80.8833 0
79.7521 57.2689 0
61.5298 83.4121 0
98.0688 49.2141 0
72.7508 -90.4779 0
244.952 -148.201 0
211.69 -67.5852 0
300.282 -74.767 0
126.535 153.013 0
116.599 141.189 0
105.437 136.887 0
94.727 130.835 0
96.4664 125.256 0
70.8043 174.932 0
182.616 216.386 0
197.553 165.948 0
242.365 124.124 0
260.206 96.2541 0
265.561 73.3071 0
220.813 58.957 0
194.543 92.2138 0
209.976 57.4926 0
441.326 35.2199 0
442.979 59.1549 0
545.839 98.9155 0
560.086 116.787 0
609.689 83.9619 0
587.908 81.3041 0
442.76 58.9152 0
589.746 -6.05796 0
591.42 -30.0748 0
998.702 -184.982 0
990.401 -163.145 0
1054.62 -107.88 0
1230.3 -130.947 0
1213.84 -150.514 0
1204.68 -164.793 0
1290.09 -174.383 0
1286.13 -134.449 0
1305.31 -40.7528 0
1276.26 18.8048 0
1801.06 -161.597 0
1691.18 -100.529 0
1586.58 -57.6229 0
1559.77 -3.80794 0
1384.15 222.301 1
1256.56 96.0146 1
1228.28 61.7913 0
1040.16 22.9592 0
1462.5 22.3175 0
