13.1126 4.95321 0
21.108 40.1869 0
-2.96929 47.8329 0
9.8463 126.892 0
15.5732 102.318 0
36.7113 145.299 1
24.7122 163.267 1
19.634 161.688 0
19.8264 150.08 0
-29.4932 40.0151 0
-76.108 -10.579 0
-99.8384 -18.7316 0
-99.01 20.6158 0
-98.672 43.3945 0
-79.7385 124.823 1
-1065.19 -345.428 1
-882.921 -337.638 0
-870.018 -331.947 0
-853.401 -287.731 0
-871.006 -280.639 0
-905.59 -425.199 1
-371.564 -106.603 1
-294.865 -126.811 1
-262.258 -194.575 0
-262.447 -175.544 0
-124.33 -76.5993 0
-137.232 -99.2399 0
-156.169 -167.63 0
-189.305 -186.245 0
-184.487 -202.921 0
-225.245 -227.59 0
-284.532 -188.888 0
-268.925 -150.383 0
-345.687 -115.684 1
-383.696 -140.142 1
-331.02 -134.982 0
-387.713 -110.214 0
-410.99 -22.3753 0
-384.755 29.7956 0
-291.611 40.3038 0
-182.641 83.1523 0
-155.803 -7.75544 0
-114.871 -21.8213 0
-92.7428 -118.154 0
-63.4229 -43.1781 0
-80.4644 22.21 0
-147.259 68.9416 0
-159.677 58.4567 0
-170.674 20.2626 0
-180.452 -8.08424 1
-331.469 -99.0156 1
-357.437 -127.261 0
-362.281 -120.816 0
-320.076 -25.4576 0
-135.475 -35.9578 0
164.446 196.79 0
175.324 219.151 0
190.488 313.847 0
157.175 329.618 0
89.9088 290.753 0
-530.953 259.912 1
216.302 -259.3 1
151.675 -256.679 0
97.6044 -256.815 0
172.499 -240.423 0
159.595 -203.448 0
104.531 -106.792 0
318.928 -99.3344 0
396.642 -84.582 0
515.266 -119.699 0
495.055 -103.085 0
525.395 -108.022 0
515.805 -97.7093 0
469.43 -111.02 0
416.452 -128.078 0
413.2 -134.647 0
420.604 -117.475 0
319.084 -81.7222 0
311.062 -65.1718 0
273.788 -117.248 0
216.417 -83.4855 0
269.913 -131.547 0
748.561 -129.922 1
808.825 -232.035 0
760.189 -332.89 0
823.269 -338.879 0
827.769 -350.792 0
