-10.3571 29.8838 0
-41.5589 72.896 0
-88.0501 93.5171 0
-397.486 111.672 0
-369.259 152.601 0
-378.561 228.728 0
-570.447 200.943 0
-554.117 197.556 0
-517.425 213.477 0
82.9517 256.974 0
73.7344 230.771 0
39.4592 167.366 0
241.321 -575.284 0
289.737 -569.136 0
306.35 -692.058 0
170.905 -898.22 0
182.24 -921.857 0
94.8258 -906.269 0
-30.1298 -1548.96 0
-14.0913 -1512.58 0
-62.3165 -1652.43 0
-89.3511 -1610.65 0
-132.981 -1588.73 0
-187.83 -1547.58 0
-199.528 -1518.81 1
2079.56 -535.565 1
2048.56 -380.011 1
2030.47 -251.582 1
2071.19 -170.515 1
2082.84 -148.694 1
1644.75 -0.555847 1
1590.13 22.0382 0
1171.96 -349.954 0
1173.92 -346.621 0
1144.08 -328.677 0
1120.97 -342.083 0
1151.61 -317.125 0
816.155 -406.82 0
794.172 -318.962 1
154.911 -499.22 1
75.3358 -404.082 0
14.5172 -329.809 0
50.1528 -286.336 0
14.287 -280.5 0
54.3609 -305.947 0
0.212494 -243.938 1
1277.6 -690.738 1
1263.89 -662.292 0
1254.78 -572.218 0
1176.63 -523.017 0
1161.68 -362.991 0
1154.9 198.912 0
1166.57 283.384 0
1146.32 347.493 1
1176.81 339.81 1
1167.51 308.103 1
1274.11 461.094 1
1147.39 430.19 0
1068.06 375.843 0
1036.02 366.421 0
1280.41 255.169 0
1334.01 221.598 0
1637.52 319.072 0
1604.9 333.14 0
1621.26 403.224 0
1615.05 124.3 0
1603.7 196.622 0
1603.47 200.34 0
1602.02 149.312 0
1586.02 -1574.73 0
1574.91 -1729.93 0
1592.77 -1778.79 0
1526.54 -1621.99 0
1546.77 -1584.56 0
1560.56 -1558.31 0
1585.98 -1496.7 0
1737.2 -1359.52 0
1691.17 -1397.19 0
1071.76 -1772.04 0
1063.11 -1784 0
1118.94 -1726.02 0
4577.74 -339.663 1
