62.6464 -10.6436 0
93.4093 12.3049 0
107.47 13.5704 0
75.9153 26.1898 0
49.3193 -37.2086 0
112.466 -24.1164 0
230.425 -124.115 0
-45.6995 -127.277 0
-64.8806 -134.549 0
-6.16778 -52.5088 0
-23.9648 -49.8548 0
-34.9076 -37.6836 0
604.514 -289.374 0
571.183 -195.035 0
536.289 -95.2944 0
574.868 -73.8095 0
594.788 -51.8625 0
576.775 -69.8666 0
571.005 -107.768 0
581.601 -63.5655 0
576.891 -46.9078 0
517.991 -38.153 0
611.425 -53.1841 0
692.03 -85.3588 0
678.955 -59.9461 0
700.045 -41.7452 0
761 -24.3001 0
779.092 -9.08885 0
936.849 -11.7937 0
1138.01 81.5697 0
1117.5 51.5259 0
1136.53 88.8175 0
1228.32 151.776 0
1431.89 744.429 0
1405.01 720.146 0
1287.26 666.336 0
1230.54 455.831 0
1170.71 448.483 0
1160.62 436.607 0
1149.85 446.8 1
1371.91 193.698 1
1346.13 224.737 0
1377.07 151.226 0
1347.93 238.987 0
1451.94 326.936 0
1340.93 367.496 0
1383.02 390.68 0
1386.83 384.228 0
2039.03 -273.234 0
1692.56 -54.5201 0
1290.15 -296.256 0
1264.05 -210.857 0
1432.13 -149.328 0
1470.9 -148.608 0
1570.14 -168.263 0
1659.19 -197.569 0
1734.84 -226.74 0
1805.33 -140.417 0
1788.44 -162.742 0
1826.46 -159.881 0
1844.72 -145.725 0
1891.85 -67.0516 0
1914.76 -129.209 0
2081.07 -494.221 0
2009.01 -389.083 0
2001.28 -418.587 0
1960.35 -388.491 0
1996.94 -356.756 0
1964.48 -375.93 0
2015.15 -355.314 0
2047.21 -375.51 0
2009.7 -375.335 0
2025.6 -374.728 0
2021.8 -350.452 0
2021.11 -324.91 0
1972.82 -239.826 0
2000.13 -196.95 0
1971.16 -239.924 0
1969.46 -257.383 0
