34.4561 -30.3619 0
19.5538 -3.08189 0
-28.3848 1.99599 0
-48.6348 -27.0244 0
-59.1825 -115.097 0
-85.1732 -66.8686 1
-1070.8 468.129 0
-638.107 448.452 1
-658.979 468.605 0
-385.537 248.258 0
-327.198 221.83 0
-313.279 227.292 0
-294.637 295.179 0
-280.367 381.448 0
-272.295 398.14 0
-105.298 218.74 1
8.42944 280.506 0
82.7047 234.08 0
2624.73 -1568.14 0
2636.03 -1573.6 0
2610.24 -1603.63 0
2657.96 -1658.3 0
2679 -1672.89 0
2734.14 -1758.15 0
2690.72 -1730.27 0
2729.95 -1642.33 0
2706.3 -1620.84 0
