-44.6804 -19.583 0
869.774 159.77 0
822.479 81.6535 0
830.689 73.577 0
867.946 374.228 0
813.928 439.186 0
790.91 477.948 0
764.211 490.149 0
769.484 475.828 0
769.544 393.809 0
931.147 83.1955 1
892.476 93.718 0
892.255 147.098 0
769.663 83.8986 0
570.374 139.302 0
658.969 184.538 0
653.599 175.059 0
-57.1393 -1130.79 0
-20.9059 -1171.55 0
24.9959 -1498.87 0
15.0201 -1476.83 0
-7.76939 -1456.53 0
50.4739 -1402 1
-696.459 -185.272 1
-954.467 -168.002 0
-1049.01 -144.314 0
-733.412 -63.2041 0
-531.294 -104.674 0
-88.857 925.627 0
-29.6986 878.441 0
-67.0612 871.644 0
45.2097 934.746 0
7.95503 942.347 0
32.9769 988.446 0
90.1635 1001.71 0
96.898 1042.01 0
125.226 991.74 0
64.1483 986.355 1
-1066.2 -2905.2 1
-1070 -2940.2 0
-923.346 -2913.39 0
-55.7565 -2772.17 0
95.5467 -2639.26 0
73.4699 -2584.09 0
58.5091 -2530.79 0
50.6775 -2477.18 0
44.3341 -2449.66 0
32.9783 -2469.65 0
