-68.7098 4.32247 0
-92.4766 -6.64855 0
114.387 100.869 0
73.0366 156.243 0
95.7621 199.144 0
110.747 182.272 0
117.037 186.622 0
153.651 214.37 0
125.434 222.517 0
22.4551 284.831 0
63.165 319.354 0
-1.0579 389.481 0
143.713 458.55 0
122.664 476.251 0
155.061 504.588 0
184.78 565.02 0
214.571 585.34 0
253.871 586.09 0
260.799 528.029 0
230.998 559.316 0
191.456 618.721 0
85.5917 624.923 0
97.7727 618.071 0
-18.2662 595.207 0
-25.5126 610.457 0
221.785 445.401 0
233.804 432.166 0
224.074 410.459 0
266.9 407.138 0
192.427 519.09 0
301.151 646.48 0
420.447 638.699 0
352.257 583.94 0
374.471 652.106 1
333.713 162.698 1
335.377 152.324 0
339.35 189.649 0
337.104 378.379 0
563.639 420.039 0
564.289 466.43 0
572.961 502.142 0
492.473 473.333 1
483.838 445.533 1
481.266 434.863 0
475.655 369.214 0
477.477 332.797 0
520.642 290.135 0
555.258 248.261 0
540 261.913 0
587.005 254.901 0
669.389 280.353 0
748.585 201.553 0
784.69 202.04 0
802.004 192.785 0
807.408 230.989 0
783.084 244.979 0
741.766 342.519 0
734.768 381.845 0
756.306 437.774 0
745.305 463.622 0
712.56 488.044 0
732.23 480.319 0
762.422 355.072 0
722.253 294.739 0
699.333 285.789 0
692.282 361.05 0
692.05 386.861 0
716.162 462.889 0
705.29 458.253 0
693.13 342.898 0
708.176 341.291 0
729.6 388.779 0
712.574 399.27 0
689.002 253.972 0
827.568 346.88 0
986.523 384.961 0
1072.16 140.943 0
1038.1 148.823 0
1160.9 193.943 0
1090.63 167.47 0
1046.02 72.2908 0
952.988 102.885 0
960.837 94.2395 0
920.596 71.9539 0
854.975 113.456 0
869.063 152.903 0
722.569 196.048 0
687.385 183.476 0
747.758 193.765 0
558.97 228.096 0
528.207 365.863 0
570.134 505.674 0
787.92 422.066 0
1538.7 397.881 0
1556.68 281.018 1
