-6.05766 89.6212 0
-39.7161 128.3 0
-116.884 220.055 0
-130.443 404.469 0
-304.782 480.095 1
-259.157 665.427 1
-152.43 516.294 0
-124.775 401.437 0
-179.985 216.103 0
-157.422 142.101 0
-247.054 121.964 0
-120.966 -95.2544 0
-65.7585 -166.873 0
-148.556 -128.392 0
-176.337 -140.761 0
-238.679 -165.972 0
-223.461 -133.212 0
-223.339 -2.83798 0
-278.017 50.6821 0
-369.662 61.9072 1
945.864 -431.932 1
949.545 -271.784 0
936.727 -121.045 0
1042.11 -119.196 1
986.357 -149.651 1
1001.72 -163.659 0
998.599 -189.714 0
966.699 -145.158 0
956.212 -88.1326 0
930.243 -55.7693 0
933.006 -63.1019 0
907.086 -63.5182 0
937.993 -110.921 0
941.719 -131.223 0
1259.86 -195.448 0
1241.45 -145.849 0
1823.95 -232.902 0
1815.55 -201.621 0
1784.15 -224.889 0
1725.85 -185.602 0
1649.71 -155.992 0
1584.85 -86.1893 0
1606.18 -1.94694 0
1666.86 113.868 0
1764.32 211.318 0
1796.01 280.531 0
1760.55 261.743 0
1593.11 -323.201 1
1435.97 -362.494 0
1455.49 -312.122 0
1413.41 -158.043 0
1357.04 -97.4256 0
1377.26 -96.3028 1
-615.624 -739.566 1
-612.767 -595.042 0
-407.156 -591.547 1
-318.093 -590.586 1
-302.137 -529.503 1
744.093 -405.562 1
776.499 -358.571 0
836.785 -266.107 0
902.248 -203.278 0
952.698 -161.878 1
896.015 -117.84 1
878.445 -89.7038 0
1155.97 -187.459 0
1160.67 -236.172 0
1102.66 -187.914 0
1246.49 -464.496 0
1256.14 -350.409 0
2147.14 -575.805 0
2069.22 -478.604 0
2003.29 -428.493 0
1944.52 -350.908 0
1808.3 -322.372 0
1717.93 -280.842 0
