-2.09897 -31.138 0
-43.741 17.1735 0
-13.3798 18.5003 0
1.56263 49.3253 0
56.8845 193.853 0
72.5774 135.041 0
127.605 144.427 0
83.1031 178.574 0
141.116 168.449 0
126.045 178.256 0
86.0856 168.864 1
161.834 234.275 0
156.777 201.991 1
208.662 268.844 0
266.159 211.076 0
251.437 214.148 0
1206.39 -507.963 0
1164.59 -605.876 0
1185.14 -468.195 0
1170.17 -448.612 0
1153.23 -409.178 0
1167.11 -399.492 0
1198.02 -444.028 0
1183.63 -390.084 0
1170.4 -367.302 0
1172.31 -338.965 0
1189.35 -287.605 0
1185.66 -245.798 0
1240.55 -213.467 0
1390.54 -119.788 0
1414.84 -127.934 0
1415.1 -140.723 0
1343.98 -133.487 0
1396.94 -141.216 0
1446.78 -75.2609 0
1434.84 179.215 0
1418.2 246.282 1
1378.95 245.941 1
1404.27 214.372 0
1418.46 242.257 0
1457.06 300.65 0
1470.84 336.184 1
1491.19 -143.201 1
1494.72 -153.944 0
1498.69 -150.486 0
1412.42 -152.013 0
1550.92 -92.8375 1
1567.69 -128.87 1
1618.76 -146.57 0
1613.2 -161.587 0
1643.94 -162.394 0
1628.01 -85.9607 0
1676.12 -110.334 0
1618.95 -188.167 0
1571.13 -242.179 0
2006.62 194.901 0
-3442.45 622.907 0
-3607.91 589.402 0
-3054.83 444.712 0
-3011.24 439.121 0
-4228.42 801.587 0
-4257.68 833.168 1
-4394.85 790.75 1
-3692.81 555.041 1
-3668.49 496.341 0
-3703.39 461.335 0
-2412.4 107.429 0
1312.26 6122.27 0
