-120.952 57.8646 0
-136.299 79.1482 0
-121.924 114.392 0
646.327 287.062 0
683.836 324.914 0
679.627 355.515 0
662.187 395.434 0
535.386 453.589 1
248.573 552.521 1
198.57 569.709 0
-101.285 651.598 0
7.57716 588.12 0
-84.2494 565.171 0
-402.592 565.902 0
-350.548 512.838 0
-359.093 485.22 0
-712.967 584.166 0
-648.014 555.24 0
-652.808 520.576 0
-656.952 492.66 0
-795.115 441.407 0
-831.426 480.502 0
-849.107 485.077 1
-228.636 237.32 1
-226.211 223.364 0
-221.429 213.405 0
-262.153 197.022 0
268.219 -17.5803 1
621.545 -90.6609 0
4681.6 454.993 0
4611.68 518.959 0
4612.31 575.664 0
4316.4 1505.99 0
4352.66 1599.4 0
4369.76 1603.69 1
3340.47 566.371 1
3484.94 519.161 0
3456.69 449.194 0
3415.49 398.146 0
3442.95 362.703 0
3467.8 340.987 0
3745.31 452.907 0
3148.63 803.449 0
3106.57 931.731 0
3247.78 995.462 0
3211.71 962.618 0
3209.31 952.588 0
3198.55 951.167 0
3051.26 840.244 0
3000.61 833.861 0
2938.66 843.667 0
2961.19 878.124 1
2929.71 897.02 1
2902.82 897.79 0
2957.78 925.306 0
2960.03 1013.5 0
2980.62 1049.94 0
3022.11 1047.24 0
3014.83 1263.35 0
3044.58 1324.62 1
3117.22 1326.07 1
3186.35 1367.84 0
3122.57 1377.04 0
2848.26 1207.06 0
3023.71 1271.62 0
3023.99 1322.59 1
4206.72 1531.31 0
4149.54 1676.19 0
4120.03 1698.95 0
4188.93 1521.04 0
4185.51 1328.95 0
4219.59 1139.03 0
4210.94 1134.4 0
4132.74 1041.73 0
4131.5 1067.74 0
4133.7 1120.52 0
4079.04 1352.75 0
4089.49 1395.79 0
4114.83 1418.32 1
21334.7 -667.379 1
