-22.1992 65.3395 0
-48.1988 103.662 0
-57.9908 106.909 1
3.29655 106.248 1
36.4423 98.4914 0
31.9753 100.261 0
16.1255 137.278 1
22.0864 209.763 1
108.497 45.0749 1
89.2176 21.707 0
68.9553 63.9705 0
65.6263 76.9674 0
63.9795 96.3204 0
28.6879 139.542 0
31.3477 159.826 0
21.6114 151.355 0
171.918 30.2827 0
294.226 -2.42525 0
320.499 -43.729 0
214.169 38.2943 0
240.726 31.5715 0
201.982 -14.3735 1
253.934 273.497 1
305.253 283.338 0
341.472 264.826 0
458.413 175.684 0
493.081 123.067 0
512.453 122.812 0
506.608 114.415 0
693.918 78.1211 0
643.566 63.4739 0
289.852 260.93 0
261.148 331.337 0
259.055 361.12 0
385.522 356.994 0
-1280.14 764.283 1
-8394.55 542.036 0
-8010.57 584.059 0
-9336.25 790.42 1
-9475.26 811.234 0
-9164.57 888.261 0
-9162.63 1087.22 0
-9219.54 1175.36 0
-9358.72 1289 0
-9380.74 1432.36 0
-9411.92 1535.01 0
-9408.12 1577.33 0
-8927.06 1627.16 1
-8379.06 -490.305 0
-8344.63 -462.82 0
-8294.84 -401.577 0
-8254.7 -356.018 0
-8252.34 -313.586 0
-8282.16 -336.5 0
-8264.65 -304.253 0
-8068.84 -403.654 0
-8115.93 -37.371 0
-7950.79 253.053 1
-7756.64 301.973 1
-7864.67 157.527 1
-7948.81 -65.9526 1
-7994.85 -124.221 0
-7999.06 -118.618 0
-7970.98 -98.5422 0
-7985.64 -47.4923 0
-8173.27 -56.0914 0
-8201.55 0.390511 1
-7959.65 -1013.23 1
-7966.72 -969.92 0
-7993.89 -917.508 0
-8018.3 -799.704 0
-7942.01 -611.24 0
-7997.56 -584.501 0
-8038.03 -501.78 0
-8045.47 -444.372 0
-8272.54 -425.958 1
-8256.04 -400 1
-9895.2 -862.355 1
-9947.94 -842.562 0
-9883.77 -891.488 0
-9826.48 -904.295 0
-9626.11 -921.07 0
-7897.86 -976.57 0
-7907.56 -998.609 0
-8032.88 -1073.3 0
-8114.34 -1097.61 0
-8139 -1050.39 0
