25.3925 70.0932 0
23.1192 86.0644 0
-62.7232 -294.549 0
-62.1395 -494.998 0
-5.29638 -508.738 0
56.6556 -493.645 0
-163.559 -658.639 0
-179.989 -789.995 0
-173.422 -771.428 0
-165.063 -800.557 0
-184.077 -911.632 0
-154.697 -996.806 0
-148.653 -972.099 0
-176.051 -791.857 0
-298.567 -748.301 1
871.531 177.61 1
816.277 -1538.69 1
807.093 -1508.07 0
809.223 -1472.79 0
843.823 -1471.44 0
833.87 -1511.57 1
2165.06 -1538.29 1
2173.73 -1471.72 0
2037.8 -1189.5 0
2041.65 -1128.96 1
1814.55 -1394.64 1
1769.92 -1401.66 0
1779.34 -1438.44 0
1717.36 -1402.94 0
