45.6058 -19.8177 0
59.1008 -54.5418 0
37.9845 -106.954 0
38.1569 -62.3544 1
447.274 -178.369 1
435.605 -218.245 0
463.598 -158.434 0
478.779 -165.603 0
504.625 -137.923 1
272.813 146.822 1
458.381 -108.752 0
582.628 -121.067 0
598.024 -83.2487 0
625.719 23.4072 0
689.134 16.7344 0
733.684 35.4477 0
700.939 60.7483 0
728.339 103.244 1
777.69 104.619 1
784.71 121.228 0
792.608 122.122 0
783.98 82.1709 0
801.283 112.162 1
1003.62 -120.988 1
998.454 -82.0422 0
992.153 -65.4983 0
912.007 37.5366 0
866.481 37.3046 0
809.864 39.4751 0
755.951 8.8722 1
-281.12 -226.066 1
-256.023 -180.153 0
-227.633 -170.107 0
-237.765 -124.243 1
855.812 -46.7627 1
