15.1162 32.846 0
223.447 36.6724 0
161.374 302.847 0
200.747 233.642 0
300.077 27.4279 0
290.047 -197.337 0
237.026 -234.536 0
5.77423 -372.559 0
34.4516 -376.781 0
-22.0265 -396.538 0
323.22 -301.419 0
401.259 -284.966 0
506.6 -265.898 0
506.719 -269.142 0
738.839 -257.386 0
728.063 -250.71 1
780.324 -250.538 1
762.229 -246.885 0
818.353 -245.462 0
808.331 -262.628 0
792.257 -262.303 0
751.519 -296.795 0
812.716 -355.382 0
856.342 -326.908 0
301.005 -486.965 0
336.084 -533.041 0
348.263 -518.296 0
338.192 -501.94 0
180.094 -448.268 1
521.564 -847.416 1
502.569 -792.515 0
490.667 -780.696 0
610.346 -707.126 0
627.734 -720.727 0
308.652 -768.213 0
313.39 -752.04 0
152.722 -725.861 1
-19.6242 -878.413 1
343.766 -860.976 0
2754.74 -1996.58 0
-1267.26 11315.3 0
-1495.65 11207.3 0
-1480.62 10728.4 0
-1488.58 10687.4 1
-1869.68 10183.8 1
-1909.45 10183.3 0
-1971.52 10252.1 0
-1868.02 10282.4 0
-1707.39 10429.9 0
-1095.03 13080.7 0
