-13.0483 11.9572 0
-26.3031 99.4809 0
-22.9657 129.286 0
-12.1661 162.58 0
-8.13822 147.12 0
134.668 124.186 1
218.481 177.928 1
251.274 231.509 0
265.943 239.748 0
249.858 305.204 0
466.47 194.273 1
462.485 162.375 0
435.81 154.719 0
397.637 150.881 0
412.991 157.341 0
407.529 129.091 0
426.704 115.684 0
370.717 172.6 0
414.844 168.698 0
464.398 163.437 0
448.842 233.218 0
576.8 240.067 0
623.879 161.858 0
576.41 178.385 0
1006.24 -69.5682 0
960.032 -20.0827 0
833.954 0.952944 0
785.43 29.3619 1
3479.84 680.64 1
3295.48 288.559 0
3322.54 332.89 0
3318.36 599.955 0
3297.53 626.044 1
3129.57 867.2 1
3130.1 819.98 0
3096.46 804.04 0
3122.94 840.814 0
3130.07 870.533 0
3159.36 905.971 0
3186.54 922.763 0
3205.26 960.94 0
3190.81 971.659 0
3180.59 984.139 0
3160.61 995.886 0
3134.06 1048.28 0
3159.82 1086.03 1
3156.75 1076.17 1
3179.17 1035.77 0
3192.48 973.721 1
3361.54 524.08 1
3414.27 557.595 0
3410.49 564.502 0
3417.65 607.456 0
3388.87 674.813 0
3403.03 764.889 0
3406.17 859.006 0
3421.6 1091.37 0
3417.61 1141.33 1
3926.01 1230.67 1
