-3.15769 30.1921 0
-21.2502 86.2192 0
-41.3725 109.28 0
-49.364 142.168 0
86.0822 90.5145 0
100.421 -15.4518 0
74.0548 -65.5603 0
115.037 13.1674 0
127.553 13.6973 0
123.376 3.34244 1
142.806 39.6797 1
206.314 -52.0837 0
2353.07 -1365.77 0
2359.82 -1409.97 0
2354.4 -1451.85 0
2316.01 -1461.81 0
2229.76 -1414.53 0
2195.19 -1374.38 0
2096.17 -1359.63 0
2019.16 -1317.44 0
2019.2 -1240.59 0
1960.99 -688.171 0
1927.33 -652.113 0
1865.35 -691.57 0
1857.72 -670.377 0
1876.73 -634.95 0
1914.1 -619.474 0
2035.28 -607.118 0
2022.9 -584.236 0
2020.28 -547.87 1
1850.45 -575.116 1
2410.2 -680.934 0
2393.5 -923.914 0
2391.07 -864.938 0
2350.56 -763.302 0
2299.45 -729.399 0
2288.86 -674.025 0
2353.63 -705.325 0
2496.49 -739.705 0
2501.28 -777.508 0
2490.99 -785.539 0
2543.62 -729.727 0
2576.44 -697.417 0
2573.66 -693.414 0
2599.14 -645.576 0
2670.62 -714.423 0
2655.28 -685.961 0
2669.5 -835.719 0
2616.25 -850.123 0
2698.57 -707.661 0
2697.31 -715.977 0
2846.74 -949.573 0
2859.95 -981.542 0
