236.221 -215.025 0
188.199 -71.7597 0
247.712 -79.9164 0
35.121 44.8546 0
36.7445 109.538 0
-50.1691 368.609 0
-8.22598 388.605 0
40.2732 425.168 0
59.4926 431.904 0
-82.5069 352.787 1
-96.397 350.078 1
-147.83 368.348 0
-95.2376 417.265 0
-140.751 449.15 1
3296.49 300.622 0
3266.7 268.285 0
3258.57 240.148 0
3304.25 220.419 0
3338.79 256.246 0
3319.34 367.45 0
3384.79 404.531 0
3408.37 456.507 0
3538.77 606.394 0
3087.08 185.825 0
3603.15 103.51 0
3528.95 134.977 1
4239.21 303.855 1
4201.02 260.082 0
4104.93 225.444 0
4110.63 229.912 0
3979.15 180.186 0
4032.91 138.557 0
4016.19 92.1459 0
3991.12 60.4253 0
4011.5 65.6065 0
3993.47 4.17796 0
3981.96 -8.46851 0
4007.01 45.798 0
4030.69 87.4301 0
4195.67 428.059 0
4012.76 345.128 1
4103.1 423.735 0
4140.77 443.207 1
4178.56 419.153 1
4319.13 403.719 1
4379.57 415.013 0
4434.34 418.934 0
4511.39 475.304 0
4429.47 468.061 0
4419.43 476.682 0
4411.2 461.905 0
4443.81 353.714 0
4423.29 320.143 0
4552.66 193.816 0
4497.09 272.551 0
4417.54 276.232 0
4193.74 248.036 0
4243.05 309.033 0
4240.46 370.117 0
4414.27 464.38 0
4457.63 300.49 0
4501.27 229.23 0
4564.88 104.941 0
4652.79 129.311 0
4600.17 123.586 0
4610.14 101.39 0
4842.3 193.582 0
4927.1 216.719 1
5406.15 359.267 1
5325.2 397.417 0
5305.18 374.329 0
