42.2763 -7.64142 1
-544.009 -55.4867 0
-544.26 16.5735 0
-645.668 42.5051 0
-537.588 63.6245 0
-553.449 106.09 0
-580.924 135.344 0
-585.245 206.901 0
-624.858 187.625 0
-685.797 130.351 0
-624.826 261.141 0
-636.992 267.881 0
-619.405 312.983 0
-588.21 358.072 1
1183.24 355.852 1
1181.75 369.697 0
1158.74 361.302 0
1091.03 286.737 0
1107.59 221.569 0
1082.99 241.998 0
1104.48 207.093 0
1052.83 232.623 0
1036.7 239.923 0
1064.42 234.741 0
1165.65 248.814 0
1199.41 261.48 0
1240.91 247.82 0
1330.38 258.216 0
1286.91 135.171 0
1371.41 66.4002 0
1463.46 -76.8118 0
1513.08 -75.8935 0
1376.78 -108.996 0
1538.04 -430.872 0
1534.05 -287.384 0
1521.57 -242.863 0
1492.27 -195.552 0
1509.12 -106.785 1
1306.63 60.9893 1
1474.59 126.822 0
1464.9 104.152 0
1198.9 -28.3228 0
1019.58 -97.8871 0
1021.89 -112.514 0
1070.86 -87.8882 0
1303.02 -49.1807 0
1322.21 -104.832 0
1335.54 -137.504 0
1278.15 -118.147 0
1283.79 -115.078 0
1703.48 -128.717 1
1743.92 -148.788 0
2361.5 -10.8821 0
2129.03 64.3681 0
1999.03 54.683 0
2095.25 144.665 0
2118.04 94.9617 0
2121.91 214.301 0
1844.1 475.345 0
1841.63 460.949 1
2009.88 478.696 1
2108.68 408.908 0
2665.37 -962.383 0
2666.21 -1037.85 0
2703.47 -1098.09 0
2717.45 -1178.41 0
2702.75 -1170.85 0
2647.67 -1101.56 0
2590.16 -1081.42 0
2572.26 -1065.91 1
2531.82 -1110.05 1
2571.31 -1096.6 0
2610.38 -1077.06 0
2606.83 -1068.01 0
2443.98 -1006.63 0
2392.28 -1026.74 1
2042.43 -938.618 1
2364.7 -918.169 0
2653.27 -1180.6 0
2692.85 -1219.47 0
2717.38 -1207.65 0
2742.09 -1212.93 0
2772.83 -1234.29 0
2774.18 -1295.28 0
