-4.83756 12.4241 0
15.576 18.2031 0
-63.7422 5.8686 0
-82.1278 32.0566 0
-108.724 31.5659 0
-139.439 64.7566 0
-184.353 84.7189 0
-118.207 100.77 0
-196.918 52.5807 0
-278.907 -107.765 1
-288.944 -98.5971 0
-351.81 -93.0747 0
-302.44 -180.207 0
-314.067 -177.722 0
-147.584 -63.0961 0
-370.828 -65.4831 0
-288.071 132 0
-280.054 171.755 0
-187.851 124.908 0
-114.989 130.741 0
-137.671 107.495 0
-129.804 89.8858 0
-160.33 86.9298 0
-136.188 89.5659 0
-8.09004 64.2322 0
-50.2498 106.73 0
784.086 -412.445 0
725.483 -435.561 0
701.068 -434.824 0
684.472 -432.624 0
726.383 -428.514 0
717.172 -419.384 0
588.777 -388.936 0
705.509 -369.705 0
705.565 -346.318 0
-49.0217 35.2817 0
-116.486 100.741 0
-123.151 155.953 0
-119.713 186.071 0
-158.867 216.898 1
-252.423 -275.835 1
-245.249 -271.424 0
-278.156 -298.063 0
-204.701 -326.968 0
-146.552 -345.892 0
-72.341 -283.511 0
-95.9173 -249.321 0
-14.2868 -335.966 0
-170.277 -316.306 1
4702.76 74.4978 1
4693.65 77.9419 0
4705.84 61.6087 0
4738.89 45.322 0
4759.6 51.1194 0
4761.72 92.9446 0
4749.36 145.886 0
4694.03 194.002 0
4671.36 211.02 0
4687.34 234.32 1
4523.04 168.024 1
4691.92 153.424 0
4704.17 134.256 0
4277.23 -62.2318 0
4306.56 -2.32137 0
4396.72 38.6147 0
4478.61 122.374 0
4448.69 160.862 0
4441.54 214.387 1
4551.59 -20.7026 1
4919.47 85.9868 0
4836.02 76.2353 0
4893.79 74.8416 0
4951.18 11.5313 0
4982.59 -15.7797 0
5030.98 -51.436 1
6851.33 -147.905 1
