-4.98524 6.40292 0
-25.1374 -40.8112 0
-117.46 10.9206 0
-128.101 60.7368 0
-23.9388 87.5027 0
-26.5598 138.485 0
-18.9473 106.93 0
-107.925 84.9107 0
-131.468 110.439 0
-153.842 106.656 0
-180.269 134.685 0
-230.487 48.365 0
-150.36 40.3575 0
101.343 -10.5753 0
133.115 -54.9743 0
144.265 -27.7485 0
80.598 -17.6213 0
45.7598 -73.5246 0
93.4366 -122.671 0
90.8238 -177.937 0
-37.8887 -148.014 0
-25.9345 -174.852 0
50.2831 -267.063 0
101.435 -249.717 0
247.732 -480.59 0
269.073 -274.012 0
219.33 -191.879 0
193.917 -185.364 0
537.883 -363.632 0
207.859 -188.967 0
86.533 -172.232 0
2.37559 -65.7498 0
62.5201 199.489 0
33.2343 265.49 0
1482.93 1892.26 0
1506.99 1858.04 0
1425.55 1676.28 0
1644.72 1364.88 0
-651.692 657.099 0
-667.324 698.102 0
-670.255 665.277 0
-711.032 709.181 1
-624.066 796.017 1
29639.9 19.2145 1
29412.7 328.091 0
