-198.606 45.9099 0
-182.256 105.455 0
-177.502 156.151 0
-170.889 176.65 0
-150.547 185.121 1
-146.406 200.935 1
-145.456 271.42 0
-140.189 315.181 0
-139.868 365.601 0
20.5837 302.797 0
23.7178 278.862 0
80.7178 246.708 0
111.875 212.7 0
161.303 154.897 0
207.776 125.781 0
251.046 155.897 0
227.017 137.71 0
142.59 163.179 0
170.183 182.228 0
84.3214 129.387 0
66.4383 156.93 0
100.023 173.368 0
107.49 242.99 0
112.833 296.363 0
188.087 381.644 0
225.043 344.588 0
274.332 195.26 0
85.9655 864.686 0
-27.1633 428.952 0
-35.295 404.738 0
73.9363 414.607 1
-263.013 418.633 1
-168.617 438.822 0
-91.1347 406.719 0
-98.8396 430.276 0
-72.2857 463.501 0
167.307 459.141 0
86.2718 451.961 0
70.7504 471.263 0
140.012 499.66 0
175.785 563.038 0
204.219 607.968 0
205.713 689.52 0
163.412 693.103 0
139.758 696.759 0
-257.968 587.507 0
-316.485 581.787 0
-2751.27 901.826 0
-2774.72 899.014 0
-2208.95 948.691 0
-2253.98 999.414 0
-2274.4 946.842 0
-2297.27 1040.92 0
-2356.59 1038.21 0
-2424.2 1057.14 0
-2406.2 1148.77 1
-36528.5 9069.75 1
-36118.5 8838.66 0
-36014.2 8790.6 0
-35951.9 8765.16 0
-35964.1 8728.22 0
-35987.3 8715.62 0
-36074.7 8733.7 0
-36057.7 8606.14 0
-36032.1 8560.72 0
-36040.6 8528.47 0
-36010.5 8481.63 1
-36452.3 8070.89 1
-36631.4 8174.77 0
-36126.1 7805.86 0
-36175.3 7714.35 0
-36681.4 7236.56 0
-36642.2 7287.94 0
-36800.1 7389.24 0
-36745.6 7438.95 0
-36790.6 7496.95 0
-37038.6 7620.39 0
-36984.8 7633.65 0
-36962.8 7577.81 0
-36965.9 7505.12 0
-36968.8 7456.47 1
-36347.1 6434.02 1
-36783.5 7319 0
-37247.9 8126.35 0
-37218.6 8245.8 0
-37078.5 2504.88 0
-37054.5 2508.24 0
-37035.3 2497.13 0
-37183.2 2435.86 1
-37180.8 2461.53 1
-37349.6 2488.13 1
-36886.5 2399.16 1
-36870.9 2412.83 0
-36881.8 2366.61 0
