25.6312 -39.4532 0
25.5425 8.17701 0
17.3748 56.4844 0
-20.4353 19.8841 1
180.687 -344.166 1
393.554 -90.9456 0
359.386 -119.878 0
38.039 -56.8929 0
168.91 -28.7979 0
182.097 -15.834 0
184.778 2.50779 0
172.114 14.008 0
152.221 92.0085 0
54.169 187.803 0
86.6232 184.558 1
53.1453 213.233 1
344.437 129.954 0
326.801 209.86 0
332.143 213.727 1
394.037 243.442 1
358.163 293.709 0
331.497 263.03 0
267.405 196.545 0
185.913 336.944 0
94.3909 301.35 0
165.291 356.046 0
173.442 308.882 0
94.0876 550.451 0
64.526 565.977 0
1.23153 614.139 0
-47.0364 641.142 0
-75.2847 635.566 0
-79.7653 616.955 1
-79.6819 557.31 1
-87.3483 620.598 0
59.7649 609.005 0
101.311 577.811 0
-27.0184 511.789 0
187.185 570.893 0
252.696 552.909 0
233.827 558.881 0
304.835 638.853 0
288.896 644.264 0
300.148 701.723 0
341.383 712.404 0
359 711.224 0
391.379 683.218 0
370.482 651.107 0
254.231 520.493 0
262.325 452.762 0
227.151 420.966 0
214.805 453.994 0
224.314 497.182 0
255.633 132.735 1
272.83 114.662 0
164.905 112.083 0
-49.1132 -209.949 0
-66.3844 -194.777 0
-102.73 -195.862 0
-47.4381 -197.102 0
52.4584 -200.657 0
96.8904 -150.642 0
121.077 -113.159 1
242.366 -132.529 1
224.1 -116.46 0
176.31 -59.7933 0
127.25 -35.8186 0
91.8212 -10.6684 1
78.5766 127.409 1
37.7571 180.385 0
24.6374 189.731 0
34.9121 190.329 0
58.5307 179.239 0
94.4122 147.009 0
103.317 -1.62196 0
135.629 10.5439 0
287.557 21.9184 0
-15.9923 278.979 0
96.5067 115.868 0
74.9273 229.652 0
208.618 232.17 0
180.065 281.396 0
190.128 317.543 1
197.596 253.508 1
163.002 277.228 0
-111.906 190.295 0
-173.579 189.008 0
-164.267 237.355 0
-103.657 281.767 0
-49.5705 296.741 0
65.3549 321.326 1
22.9039 368.506 1
47.9778 404.793 0
13.2362 392.876 0
14.9044 321.022 0
15.3021 251.631 0
18.1933 284.352 1
36.6787 510.518 1
219.491 478.338 0
183.039 528.799 1
6721.22 613.726 1
