29.8948 -39.8805 0
64.3736 -4.70552 0
97.125 59.2528 0
74.5857 128.527 0
69.5104 55.7147 0
104.59 -22.8613 0
161.52 -86.6995 0
166.889 -142.143 0
130.087 -203.217 0
271.694 -143.743 0
244.945 -89.6645 0
260.773 -61.0173 0
300.681 -45.9012 0
335.67 -33.3152 0
361.628 -36.0502 1
378.373 -41.5124 1
369.496 -46.0727 0
392.402 -39.4243 0
239.208 -44.3394 0
185.685 -51.1439 0
193.23 -39.7035 0
238.225 -2.11261 0
796.354 -401.559 0
769.113 -369.297 0
731.188 -322.317 0
606.006 -312.782 0
548.653 -288.212 1
540.745 -305.346 1
1514.08 -1013.88 0
1505.84 -929.549 0
1492.43 -827.453 0
1537.46 -807.308 0
1629.13 -809.583 0
1410.23 -995.179 0
1519.05 -1029.84 0
1487.41 -1007.57 0
1987.07 -721.568 0
2069.3 -599.062 0
2095.08 -567.888 1
2154.33 -529.339 1
2305.16 -498.803 0
2427.85 -563.154 0
2510.14 -577.775 0
2420.18 -492.328 0
2356.45 -917.143 0
2332.55 -877.226 0
2310.75 -818.092 0
2348.16 -794.799 0
3204.16 -1206.96 1
3182.34 -1221.03 0
4541.84 -920.492 0
