75.6302 -63.4017 0
128.122 -35.663 0
155.781 -32.6611 0
207.918 0.85881 0
218.927 37.6014 0
247.559 86.0589 0
294.588 123.346 0
226.423 99.7038 0
201.863 67.9274 0
35.0624 164.24 0
86.4666 191.007 0
89.2779 212.124 0
55.4697 184.829 0
60.9709 185.31 0
62.4817 163.248 0
37.0841 250.657 0
67.9666 276.432 0
78.6367 508.657 1
121.203 596.27 1
67.7353 580.856 0
42.4216 593.612 0
53.5343 553.125 0
156.79 419.9 0
187.213 361.715 0
81.4942 404.842 0
235.633 412.662 0
261.343 385.847 0
128.06 365.393 0
93.6006 386.615 0
83.3285 419.749 0
166.621 702.443 0
388.643 608.478 1
522.325 852.02 1
549.439 801.576 0
583.609 765.797 0
634.781 705.556 0
621.703 711.749 0
641.327 645.238 0
680.175 616.139 0
720.13 565.84 0
762.4 498.939 0
794.449 611.361 0
836.817 593.068 1
890.376 584.591 1
858.911 469.376 0
802.688 278.595 0
718.017 191.836 0
692.396 226.14 0
579.156 383.964 0
942.594 495.777 0
926.582 488.452 0
934.425 497.292 0
879.102 292.646 0
858.249 195.577 0
847.17 179.672 0
1103.52 -116.232 0
1122.29 -52.1334 0
1137.63 -6.60352 0
1177.67 -70.6916 0
1162.46 -34.8866 0
1147.27 10.8257 0
1818.05 -103.046 0
446.482 -848.28 0
396.887 -489.075 0
269.609 -429.619 0
530.937 -390.959 0
609.14 -517.827 0
850.834 -602.6 0
857.656 -512.901 0
844.347 -503.079 0
861.1 -448.398 0
864.491 -449.465 0
856.23 -403.258 0
1109.5 -810.021 0
