-45.213 28.8641 0
-39.0278 87.1736 0
-93.7001 86.5121 1
-97.8264 49.3694 1
-111.927 109.133 0
-139.84 195.418 0
-103.841 155.449 0
114.197 3.16859 1
190.91 265.246 0
169.804 328.839 0
30.6183 -36.0699 0
-7.15869 -128.421 0
-6.2892 -122.958 0
-12.4038 -82.0226 0
-11.6404 6.73866 0
289.81 109.959 1
237.963 64.5054 0
238.931 92.8766 0
345.135 70.8442 0
406.805 43.3626 0
681.019 -262.049 0
680.685 -283.402 0
139.983 -167.235 0
-1192.71 143.149 0
-1241.16 210.439 1
-68636.9 -36.4992 0
-68611.5 44.7322 0
-68222.7 79.0366 0
-68144.8 155.685 0
-67929.8 237.613 1
-63645.1 509.266 1
