122.233 -142.378 0
98.3829 -221.889 0
74.117 -263.759 0
50.5663 -304.674 0
18.2223 -388.432 0
12.2096 -413.929 0
15.2863 -409.016 0
31.0556 -376.735 0
85.3976 -293.691 0
62.6333 -226.314 0
64.637 -174.116 0
121.594 -140.029 0
66.4142 59.0293 0
27.664 136.108 1
33.5629 209.277 1
29.3034 267.51 0
76.1283 370.013 0
-20.805 401.952 0
-89.6948 445.374 0
-144.185 472.614 0
-214.401 490.046 0
-217.673 497.566 0
-255.499 528.298 0
13.1961 303.828 0
-21.3065 239.786 0
47.4435 277.899 0
-199.839 506.279 0
69.2593 213.563 0
251.18 -90.1267 0
272.007 -79.2386 0
278.233 -113.787 0
341.426 -71.3712 0
331.985 -117.224 0
340.908 -93.8766 0
354.952 -47.4915 0
382.816 1.82256 0
332.718 13.891 0
371.139 68.7944 0
370.775 83.7809 0
383.461 107.247 0
378.842 91.6889 0
-633.77 -59.9354 1
-672.117 -16.3028 0
-683.104 -5.49982 0
-672.668 6.39797 0
-726.663 17.7438 1
12008 965.057 1
