2.93819 10.1674 0
5.25814 34.8078 0
-1.24004 67.5625 0
-293.274 666.239 1
-469.317 906.402 0
-472.866 975.585 1
-510.767 1010.55 1
-452.701 972.203 1
-4160.55 -705.518 1
-4166.09 -764.421 0
-4172.07 -803.959 0
-4139.39 -753.049 0
-4146.04 -727.816 0
-2864.87 -988.828 1
-2789.32 -1031.46 0
-2790.83 -1077.24 0
-3198.52 -1205.23 0
-3179.38 -1274.13 0
-3131.89 -1366.12 0
-3103.21 -1332.94 0
-3042.17 -1326.98 0
-3016.57 -1285.98 0
-3006.46 -1325.28 1
-2990.46 -1358.63 1
-2438.65 -1269.22 0
-2446.71 -1211.71 0
-2064.12 -1425.79 0
-2012.95 -1436.64 0
-2704.22 321.852 0
-2673.78 348.101 0
-2954.35 366.411 0
-2962.56 426.359 0
-3007.39 419.17 0
-3317.67 59.1613 0
-3313.17 78.0508 0
-3333.23 56.5701 1
-18165 -12047.8 1
-18190.7 -12009.2 0
-18170.1 -11983.2 0
-18173.9 -12006.1 0
-18167.6 -12035.8 0
-18141.9 -12084.1 0
-18044 -12117.8 0
-17979.1 -12146.8 0
-17970.1 -12090.8 0
-17973 -12108.9 0
-16250.8 -12607.5 0
