9.56278 -15.7816 0
6.62346 -33.2219 0
17.8681 3.08165 0
-13.3732 26.288 0
-46.098 111.958 0
-80.4579 119.694 0
-22.4785 66.8731 1
26.8848 33.6873 1
38.9426 -217.906 0
49.4386 -257.974 0
122.692 -254.805 0
130.419 -297.864 0
94.4616 -348.931 0
167.597 -309.122 0
157.316 -320.859 0
123.649 -372.664 0
119.96 -268.769 0
163.199 -272.326 0
201.463 -258.648 0
207.909 -193.121 0
210.859 -95.6637 0
185.297 -30.2372 0
144.708 98.5079 0
180.524 173.622 0
169.268 261.43 0
140.563 337.191 0
101.097 350.301 0
87.945 367.235 0
24.2366 371.235 0
17.153 374.352 0
494.404 114.304 0
598.804 -2.91433 0
621.45 18.9365 0
648.616 88.3113 0
598.488 74.0061 0
609.603 123.913 0
636.813 106.415 0
627.774 219.21 0
663.336 220.07 0
636.224 217.127 0
841.039 -49.0492 0
835.943 -4.73137 0
786.023 62.6094 0
849.037 88.0188 0
856.042 138.576 0
733.073 178.279 0
662.134 193.229 0
644.997 223.476 0
496.009 182.239 0
473.507 156.993 0
515.532 102.057 0
658.981 164.616 0
752.618 160.528 0
759.231 234.194 0
803.604 324.084 0
639.882 431.738 1
538.178 753.843 1
1163.61 -319.308 0
1224.82 -611.51 1
1185.24 -593.143 0
1188.94 -586.277 0
1151.85 -563.958 0
1131.96 -479.907 0
1090.08 -382.981 0
1040.51 -383.707 0
1049.92 -444.86 0
711.017 143.816 0
552.874 164.537 0
621.228 239.431 0
630.044 207.995 0
650.373 205.275 1
379.252 82.1669 1
-1021.15 2151.99 0
-1206.81 2182.92 0
-1228.87 2169.9 0
-775.407 2258.59 0
-721.989 2145.71 0
-731.815 2177.05 1
-765.213 2179.83 0
-815.999 2231.66 0
-855.301 2265.37 0
-783.876 2240.73 0
-408.729 2059.56 0
-381.927 2060.11 0
-431.648 2127.57 0
-460.311 2120.44 1
-574.777 2143.88 1
-618.198 2167.19 0
-1461.39 2375.56 0
-1580.45 2264.06 0
-576.826 2418.62 1
-567.473 2457.47 0
-580.661 2522.54 1
-891.421 2146.57 1
-906.274 2178.83 0
-875.826 2224.16 0
