-3.35337 4.06193 0
-14.5578 -4.96303 0
-378.248 -550.553 0
-294.108 -461.451 1
-426.092 -469.041 0
-558.137 -442.488 0
-513.125 -449.411 0
-500.032 -496.741 0
-502.433 -488.811 0
132.181 -425.1 0
891.596 -409.793 0
891.617 -549.363 0
931.951 -588.407 0
819.378 -395.243 0
786.502 -444.578 0
955.781 -367.206 0
990.3 -332.915 0
1123.86 -297.252 0
1138.22 -214.228 0
1118.16 -200.372 0
1105.92 -237.767 0
1169.33 -268.921 0
1200.67 -274.619 0
1236.04 -314.412 1
1405.06 -631.316 1
1392.16 -622.772 0
1386.62 -584.038 0
1995.01 -834.5 0
2182.97 662.242 0
2089.07 740.669 0
2084.62 782.924 0
2077.63 849.692 1
2089.86 862.596 1
2086.53 907.947 0
2021.24 889.641 0
2224.39 504.065 0
2282.33 490.729 0
2217.88 524.826 0
2455.13 -25.1838 0
2467.61 -89.3615 0
2527.46 -207.499 0
2525.53 -143.318 0
2517.31 -70.8666 0
2464.59 -80.8694 0
2494.56 -72.6518 0
2553.05 -29.0856 0
3092.79 192.617 0
1918.38 200.795 0
1942.32 183.628 0
1952.51 185.934 1
1932.55 190.121 1
1959.6 178.392 0
1986.48 178.414 0
1465.01 9.87091 0
1890.73 68.0308 0
1866.53 56.8994 0
1853.61 79.4141 0
1848.57 107.115 0
1738.48 273.204 0
1793.47 127.188 0
1764.32 52.7431 0
1731.64 57.0221 0
1713.64 9.59636 0
1665.72 -51.7481 1
1609.27 -38.0165 1
2992.02 -961.67 0
2936.83 -1062.53 0
2905.87 -1024.53 0
