753.86 260.005 0
769.261 275.792 1
794.204 305.312 1
767.201 357.359 1
779.491 428.388 0
798.726 431.794 0
821.261 448.998 1
823.585 547.904 1
875.1 395.226 0
850.577 453.25 0
803.668 432.252 0
825.728 453.905 0
836.808 485.626 0
858.984 493.738 0
892.936 470.036 0
833.596 380.696 0
1790.38 935.931 0
1747.03 900.848 0
1730.96 837.582 0
1708.74 834.218 0
1708.78 883.821 0
1719.36 862.86 0
1753.2 830.718 0
1719.25 905.312 0
1749.81 932.577 0
1776.87 917.796 0
1838.98 910.793 1
1850.33 945.933 1
1822.76 986.499 1
1918.57 1070.51 1
1901.5 1051.17 0
1877.02 1023.57 0
1841.11 1037.69 0
1817.61 1017.92 1
1852.85 1062.04 1
1912.02 1081.67 0
1958.55 1123.34 0
1932.23 1129.21 0
1858.84 1121.45 0
1930.29 1114.37 1
1869.38 1086.01 1
2085.85 1077.05 0
2055.06 1069.97 0
2093.06 1088.65 0
2074.18 1120.2 1
1952.82 918.355 1
2399.49 1138 0
