199.431 324.926 0
174.808 321.236 0
172.051 348.315 0
190.778 362.374 0
171.282 401.706 0
194.376 451.146 1
188.543 364.598 1
140.42 337.218 0
297.01 291.131 0
327.307 334.729 0
425.526 356.294 0
406.629 344.295 0
482.726 299.986 0
543.964 357.486 0
593.432 400.573 0
583.848 347.214 0
611.847 280.887 1
523.407 260.53 1
548.981 320.784 0
414.025 395.034 0
553.304 474.47 0
598.81 472.023 0
586.096 498.431 0
547.026 516.418 0
553.263 516.13 0
592.904 500.815 0
675.083 481.226 0
717.706 457.081 0
711.307 466.297 0
776.558 338.586 0
914.981 603.917 0
955.023 522.907 0
1011.44 476.066 0
1044.12 484.128 0
1059.35 506.87 1
1044.58 665.792 1
1084.7 598.458 0
1093.05 658.439 0
1129.66 562.076 0
885.182 605.298 0
891.585 595.494 0
1050.79 737.301 0
1103.39 767.424 0
1107.59 802.872 0
1104.75 827.677 0
