40.1948 -58.5481 0
22.18 -124.765 0
33.4885 -137.523 0
19.3335 -170.049 0
16.682 -186.794 0
4.94761 -190.347 0
-82.2651 -104.311 0
63.8969 -60.1872 0
14.1952 11.2158 0
7.66844 90.2012 0
0.817514 160.625 0
-13.8344 162.115 1
-195.267 50.0114 1
-186.439 -0.0772667 0
-54.9135 -223.819 0
17.0262 -291.233 0
-11.7674 -248.011 0
-32.5054 -135.654 0
-33.7721 -89.2582 0
-36.1336 -51.169 0
38.5043 -50.3081 0
-105.075 82.7111 0
-92.2792 171.012 0
-87.0295 183.119 0
-63.2506 214.1 0
-19.0564 167.637 0
5.25881 156.95 0
-27.7858 180.627 0
-58.7532 319.713 0
-57.8321 553.511 0
-132.396 731.611 0
-223.716 786.751 0
-186.481 792.783 0
14.7079 709.938 0
40.5021 674.148 0
-137.421 646.428 0
-373.981 765.305 0
-364.973 715.775 0
-277.977 437.909 0
-230.442 371.187 0
-266.402 478.121 0
-323.141 449.112 0
-22.9573 251.567 0
9.50517 212.674 0
2.95468 178.155 0
-2.46665 172.082 0
-14.5902 180.387 0
-70.203 494.485 0
-54.3355 557.201 0
-48.8207 601.231 0
-31.8502 484.211 0
7.64209 510.912 1
412.903 305.343 1
472.329 347.696 0
492.259 331.715 0
518.735 306.228 0
532.865 258.152 0
540.202 223.672 0
581.358 156.28 0
616.436 -188.805 0
594.086 -127.303 0
580.359 -42.0497 0
582.819 -45.9872 0
591.275 -51.7283 0
418.781 299.317 0
711.587 183.522 0
727.564 95.6643 0
712.328 103.742 0
540.323 263.304 0
538.12 315.022 0
676.863 349.771 0
707.559 343.712 0
746.112 345.732 0
730.104 386.992 0
737.729 476.746 0
771.963 589.572 0
784.625 638.128 0
816.248 494.905 0
1501.43 -1467.1 0
-3091.32 -3356.55 0
-3191.88 -3391.78 0
-3255.28 -3402.95 0
-3181.32 -3322.4 0
-3211.96 -3283.65 0
-3260.26 -3244.34 0
-3323.54 -3193.88 0
-3276.22 -3190.86 0
-3480.15 -3384.19 0
-3455.5 -3334.21 0
-3494.27 -3300.61 0
-3565.3 -3258.4 0
-3466.07 -3102.88 0
-3407.35 -3082.91 0
-3460.4 -3092.7 1
-3508.77 -3084.8 1
-3497.18 -3062.46 0
-3405.07 -3100.1 0
-3388.52 -3135.97 1
