-53.573 -51.9996 0
23.4399 -52.1697 0
324.946 -256.721 0
252.761 -281.076 0
246.126 -268.541 0
323.94 -219.914 0
-112.815 562.936 0
-22.924 686.395 0
159.668 739.475 0
180.895 783.434 0
753.302 785.512 0
-2534.17 187.751 1
-2455.21 150.658 0
-1561.35 38.5334 1
-1594.54 62.229 0
-1488.74 22.1273 0
-1370.69 -223.623 0
-1298.22 -201.382 0
-1262.18 -66.3329 0
-1274.46 -39.8844 0
-1438.77 -84.0055 0
-1458.51 -87.3011 0
-1486.67 -52.5449 0
-1495.07 -54.9627 0
-1495.1 -45.3903 0
-1631.4 -206.512 0
-1804.64 -398.37 0
-1797.05 -439.382 0
-1740.8 -440.363 1
147431 1283.64 1
147912 1194.59 0
147924 1174.83 0
147809 1076.1 0
147707 1128.4 0
147731 1117.33 1
148183 766.506 1
148221 783.94 0
148583 533.141 0
148486 179.313 0
148149 -80.7355 0
148102 -91.1899 0
148048 -117.225 0
148021 -107.737 1
148304 -94.361 1
