6.12555 40.583 0
-19.1081 113.489 0
169.241 176.101 0
199.179 231.702 0
211.754 274.262 0
182.672 343.506 0
221.033 293.649 0
209.383 413.245 0
212.303 448.881 0
212.715 464.149 0
225.73 465.739 0
230.64 451.789 0
205.943 462.204 0
699.298 273.565 0
709.474 246.629 0
699.643 318.437 0
680.287 369.56 0
680.103 421.457 0
680.648 429.347 0
693.291 494.404 0
724.386 506.331 0
760.667 523.014 0
802.576 483.374 0
824.4 465.477 0
810.258 401.502 0
766.194 397.615 0
787.589 382.765 0
935.254 291.809 0
1108.54 70.685 0
1079.19 122.01 0
1001.99 262.356 0
1068.91 322.747 1
1258.76 213.93 1
1211.27 273.774 0
1119.93 293.158 0
1067.93 301.25 0
992.862 327.145 1
667.185 339.245 1
617.387 357.239 0
596.38 369.741 0
679.367 329.109 1
1762.22 98.8138 1
1273.47 237.956 0
1390.17 421.298 0
1421.06 480.176 0
1427.3 552.519 0
1435.13 635.177 0
1359.56 640.989 0
1287.13 694.43 0
1269.11 749.659 0
1244.07 747.907 0
1223.17 756.282 0
2297.92 361.694 0
2244.71 364.408 0
2215.59 401.209 0
1982.42 561.928 0
1894.25 599.953 0
1857.55 601.357 0
1796.66 567.521 0
1845.68 592.93 0
1900.66 528.605 0
1957.98 606.713 0
1984.36 617.545 0
2020.72 637.884 0
2029.45 733.21 0
1971.37 831.758 0
1869.45 957.435 0
1870.66 991.204 0
1819.54 1035.82 0
1936.78 923.516 0
1881.27 924.753 0
1791.52 673.802 0
1730.71 539.625 0
2360.13 169.399 0
2342.25 153.431 0
2349.04 86.3545 0
2375.69 88.7308 0
2458.41 167.175 1
2044.19 117.489 0
2357.62 89.4483 0
2301.22 1.27939 0
2281.59 20.3557 0
