-6.96256 8.44475 0
-15.5835 71.4439 0
-34.9046 123.265 0
-52.5536 179.461 0
-34.8991 231.345 0
-114.26 260.513 0
21.788 242.272 0
-222.95 212.068 0
-258.054 237.138 0
-138.545 237.031 0
-152.441 224.052 0
-59.9682 140.758 0
307.065 -53.9088 0
298.963 -57.7406 0
279.131 -100.311 0
234.001 -284.409 1
-60.8922 -109.348 0
-81.3752 -46.0673 0
-69.9512 -39.0252 0
-169.993 123.185 1
350.202 -352.611 1
376.628 -322.419 0
372.246 -273.038 0
344.514 -241.309 0
349.631 -165.017 0
354.19 125.224 0
357.827 150.627 0
341.363 105.062 0
394.634 81.6044 0
632.009 26.1516 0
518.184 236.133 0
506.521 279.392 0
554.937 299.015 0
534.319 331.716 0
537.753 286.703 1
964.256 728.392 1
984.776 656.677 0
1003.96 631.381 0
973.623 674.235 0
919.64 706.481 0
557.331 597.037 0
688.649 572.918 0
669.104 552.296 1
596.429 1576.76 1
558.901 1652.89 0
550.165 1651.05 0
545.71 1640.61 0
520.69 1619.69 0
453.591 1599.35 1
478.687 1630.35 1
495.029 1649.71 0
905.458 1472.3 0
926.903 1473.81 0
965.818 1488.6 0
966.571 1471.25 0
977.799 1455.13 1
2019.11 3018.56 1
1999.8 2891 0
1970.86 2954.04 0
1951.41 2974.04 1
1627.23 2685.55 1
649.602 2896.32 0
866.491 2812.68 1
808.677 2819.46 1
1522.02 2829.59 0
