3.00241 18.6259 0
-13.3303 52.2176 0
-703.998 -245.64 0
-734.52 -196.293 0
-698.029 -177.654 0
-727.245 -204.816 0
-455.228 -202.257 1
-516.661 -200.722 1
-527.275 -176.722 1
-542.157 -95.6177 1
-508.268 -80.1398 0
-505.374 -109.657 0
-286.846 -144.564 1
-214.226 -103.515 1
-346.581 -124.45 1
-1848.27 -74.1161 1
-1680.4 -93.1642 0
-1050.13 -243.102 1
-1015.47 -250.775 0
-1033.63 -255.408 0
-1101.11 -213.627 0
-1081.38 -192.98 0
-989.135 -123.165 0
-1002.33 -144.369 0
-1042.72 -95.9127 1
-2676.49 599.291 1
-2718.85 614.6 0
-2669.56 613.575 0
-2542.04 585.232 0
-2557.3 586.008 0
-2489.61 639.803 0
-2532.07 655.795 0
-2729.18 728.45 0
-2683.69 805.511 1
-2729.24 869.611 1
-1630.32 1118.94 0
-1624.26 956.31 0
-1341.72 792.858 0
-1456.15 925.137 0
-1442.48 976.301 0
-1418.67 954.982 0
-1244.83 758.595 0
-1227.61 685.537 0
-1142.14 632.694 0
-1101.73 553.402 0
-1111.2 500.056 0
-1049.15 380.064 0
-854.089 368.101 0
-830.391 398.59 0
-826.055 422.361 0
-815.356 452.887 0
-829.264 504.451 0
-813.783 518.846 0
-1018.04 675.597 1
-1025.44 673.238 0
-1051.52 656.179 0
-1192.25 480.882 0
-1331.58 506.985 0
-1311.86 643.217 0
-963.932 618.065 0
-282.611 36.3761 0
-305.713 -74.9407 0
-264.285 -127.868 0
-302.247 -165.2 0
-273.841 -237.515 0
-255.494 -191.46 0
-248.921 -168.837 0
-295.645 -260.677 0
-271.226 -284.3 0
-274.29 -241.088 0
-237.396 -208.504 0
-243.586 -171.793 0
-654.035 -27.6783 1
-666.058 2.44832 0
-628.557 -17.8758 0
-554.694 -38.1867 0
-65.9518 -239.879 0
-29.2481 -146.928 0
8.39596 -182.213 0
49.782 -191.145 0
65.7706 -127.076 0
124.158 -121.05 0
-843.435 -298.834 0
-885.024 -304.336 0
-778.241 -309.083 1
-680.92 -296.143 1
-705.633 -283.346 0
-848.595 -321.467 0
-808.762 -329.696 0
-821.438 -286.037 0
