24.9756 -31.9231 0
72.8914 -71.3797 0
83.8757 -30.1185 0
55.831 -79.9889 0
65.2574 -112.035 0
141.214 -138.765 0
108.347 -100.321 0
71.7581 -30.1362 0
78.2485 21.8176 1
257.516 -162.705 1
239.138 -114.076 0
222.499 -101.303 0
434.883 -262.281 0
412.069 -336.382 0
413.583 -288.499 0
411.66 -282.946 0
505.949 -386.015 0
473.742 -409.356 0
456.955 -390.832 0
438.852 -290.349 0
334.392 -15.7278 0
415.377 -80.5447 0
599.228 -176.165 0
654.815 -226.248 0
700.243 -256.111 0
697.193 -320.44 0
743.162 -340.059 1
1246.96 -250.74 1
1233.2 -165.504 0
1329.51 -239.473 0
1409.27 -242.153 0
1385.74 -205.374 0
1419.67 -149.963 0
1409.13 -112.64 0
560.097 37.2955 1
742.669 23.5104 0
786.236 -263.382 1
804.512 -209.788 0
796.593 -214.791 0
643.526 -113.737 0
707.972 11.961 1
668.57 49.6787 1
811.546 28.9446 0
804.783 29.5964 0
710.126 21.0855 0
829.137 156.72 0
952.706 216.19 0
