23.6255 -28.575 0
18.2657 -27.14 0
15.3233 -17.8326 0
37.7336 -0.47061 0
52.4242 -19.6876 0
67.3925 84.559 0
60.6283 91.0198 1
212.583 -249.75 1
224.995 -240.218 0
228.251 -213.918 0
221.772 -197.866 0
182.801 32.4706 0
131.869 184.013 0
121.068 201.737 0
152.24 222.846 0
104.241 223.169 0
115.358 198.066 0
171.038 118.406 0
249.923 50.3718 0
312.465 -12.8003 0
365.108 -106.057 0
442.646 -203.008 0
408.428 -228.154 0
-12.002 772.075 0
78.8542 1162.96 0
15.1574 1186.78 0
-250.444 1274.96 0
-321.891 1337.08 1
-314.207 1255.23 1
-285.872 1196.11 1
-276.55 1286.68 1
-280.77 1363.73 0
-173.822 1321.56 0
-154.762 1332.95 0
-90.5725 1315.73 1
334.959 710.179 1
467.802 375.939 0
421.822 403.194 0
411.495 454.574 0
374.681 504.221 0
213.411 564.763 0
273.411 587.086 0
236.593 625.446 0
245.066 616.824 0
309.699 628.698 0
314.561 645.389 0
105.46 669.173 0
100.459 618.132 0
89.4068 571.734 0
-359.241 639.814 0
-388.109 630.944 0
-388.504 607.694 1
-319.583 636.443 1
-976.529 1100.46 0
-909.168 1084.23 0
2785.76 1848.73 1
2763.37 1825.4 0
2741.05 1712.36 0
2687.64 1740.62 0
2695.56 1740.83 0
2706.29 1727.65 0
2710.87 1680.19 0
2717.64 1637.91 0
2705.88 1560.2 0
2921.92 858.126 0
2903.59 866.196 0
2884.49 945.334 0
2965.41 1066.69 0
2997.79 1154.03 0
4196.63 -739.734 0
4158.29 -1010.61 0
4112.55 -1034.26 0
3338.91 -265.123 0
3281.91 -175.204 0
3261.15 -148.575 0
4101.62 94.3144 0
4784.24 -556.166 0
4714.88 -511.199 0
4638.07 -537.558 0
4637.95 -584.133 0
4921.85 -534.994 0
