-21.0337 55.9316 0
1.97639 105.551 0
16.5551 262.812 0
18.5217 159.129 0
-47.8501 85.5054 0
32.8607 80.8951 1
-42.5202 133.62 0
41.7188 54.3038 1
68.296 39.446 0
103.613 6.6478 0
153.563 -44.8519 0
275.229 -105.915 0
274.127 -66.6367 0
221.309 11.2476 0
255.795 18.0037 1
238.671 8.43491 1
228.849 -13.9358 0
-115.593 250.707 0
-119.639 228.075 0
-57.4682 209.406 0
129.572 106.917 0
154.514 114.321 0
215.329 123.515 0
197.982 155.393 1
732.074 -323.289 1
675.999 -332.112 0
774.029 -327.846 0
720.095 -345.044 0
707.645 -309.365 0
730.822 -289.538 0
912.079 -768.585 0
911.508 -623.675 0
838.012 -565.166 0
879.955 -524.563 0
842.407 -485.554 0
746.617 -465.493 0
727.558 -458.276 0
752.279 -396.465 0
752.82 -285.659 0
804.452 -238.11 0
1520.12 -511.252 0
1944.94 -1178.47 0
2222.2 -1283.21 0
2308.41 -1262.81 0
2362.81 -1267.13 0
4451.74 -5431.1 0
4331.2 -5521.52 0
3809.94 -5209.84 0
2404.2 -4949.77 0
131.165 -4467.3 1
-7546.4 -5249.49 0
-7618.95 -5304.52 0
-7611.06 -5319.4 0
-7482.29 -5340.37 0
-10477.4 -5502.06 0
-10520.2 -5508.52 0
-10533.1 -5534.16 0
-8972.48 -5149.12 0
-8894.79 -5075.34 0
-8913.15 -5046.18 1
-8740.83 -5023.21 1
-8705.19 -5562.1 0
-8000.41 -5727.51 0
-8150.39 -5720.64 0
-8225.82 -5710.29 0
-8473.59 -5666.07 0
-8548.84 -5641.13 0
-8517.51 -5603.89 0
