6.20756 -20.6922 0
14.9273 -38.3721 0
77.8177 -31.4556 0
140.545 -41.2047 0
76.9212 -71.7033 0
26.5649 -82.2228 0
188.357 3.17441 0
203.482 75.8502 0
212.932 69.6798 0
211.114 62.812 1
216.357 135.506 1
202.863 139.165 0
144.154 136.02 0
164.795 133.073 0
147.644 107.944 0
-18.6322 98.3565 0
-73.6107 76.5337 0
-20.5609 83.9364 0
134.119 130.074 0
118.461 138.829 0
121.19 122.887 0
158.402 125.083 1
179.667 58.882 1
1255.7 -494.504 0
1211.25 -506.213 0
1118.55 -536.12 0
1041.15 -544.494 0
972.246 -548.683 0
951.395 -557.506 0
944.154 -565.48 0
984.204 -493.054 0
1001.02 -505.102 0
1014.77 -533.215 0
1007.11 -542.721 0
1014.86 -514.914 0
986.837 -616.074 0
961.97 -7.26019 0
1587.12 -35.4649 0
1594.49 6.04329 0
1582.33 27.1401 0
1585.09 69.3631 0
1561.89 49.5337 0
1543.88 33.1357 0
1472.24 0.388187 0
1495.14 64.2727 0
1485 80.4436 0
1341.71 132.613 0
1489.08 44.8319 0
1442.35 -124.604 0
1445.81 -204.695 0
1419.56 -192.181 0
1596.06 -163.078 0
1716.76 -9.67062 0
1714.55 -148.773 0
1660.37 -39.9075 0
2069.02 -48.2307 0
1124.87 -270.095 0
1128.28 -278.375 0
1111.62 -241.884 0
1091.94 -168.155 0
1037.69 -159.243 0
1015.59 -195.849 1
2046.43 -606.771 1
2033.28 -602.561 0
1894.66 -613.851 0
1834.31 -578.592 0
1660.29 -537.144 0
1529.2 -458.766 0
1534.4 -236.936 0
1716.56 -205.887 0
1680.88 -411.393 0
1579.63 -365.019 0
1615.36 -327.364 0
1598.95 -272.36 0
957.559 -113.332 0
943.047 -55.8856 0
1118.51 105.626 0
1053.95 190.305 0
993.583 252.135 0
1103.88 457.028 1
7662.55 -1080.81 1
