-3.21158 -25.4574 0
74.938 -154.244 0
167.056 -136.596 0
186.187 -51.3986 0
170.116 -23.3078 0
79.1688 -41.6578 0
90.1931 -29.3259 0
100.6 -29.0052 0
149.307 -62.4056 0
172.59 -31.9927 0
171.659 -3.9787 0
200.302 57.2853 0
168.024 96.2976 0
139.233 142.374 0
237.094 167.58 1
626.469 -89.0823 1
579.663 -174.619 0
585.067 -182.414 0
600.35 -231.791 0
540.5 204.534 0
531.703 236.575 0
526.959 328.233 0
521.388 197.724 0
472.777 176.651 0
480.214 173.695 0
229.881 285.418 0
74.4841 364.947 0
13.083 382.956 1
2233.26 619.448 1
2109.86 654.449 0
2245.14 376.732 1
2228.34 334.986 0
2199.12 312.774 0
2156.9 277.317 0
2086.39 280.289 0
2048.49 287.393 0
2079.91 318.7 0
2007.65 377.297 0
2101.39 407.876 0
2129.99 417.687 0
2136.63 476.5 0
2101.39 531.071 0
2150.05 621.034 0
2134.82 714.821 0
2182.31 683.038 0
2296.17 583.52 0
2367.25 576.828 0
2592.81 388.287 0
2595.95 402.854 0
2670.31 133.194 0
2849.77 338.446 1
2653.63 177.38 1
-1109.95 1389.74 0
-1299.22 4926.53 0
-1792.25 5050.42 1
1625.56 4454.46 1
