-61.9458 24.1624 0
-64.3261 1.59597 0
-251.738 -31.617 0
-272.493 -52.7273 0
-335.979 -49.3617 0
-360.617 -82.2718 0
-268.408 -47.0364 0
372.876 -51.2509 0
358.118 -57.1904 0
274.582 -55.7657 0
40.9413 20.9926 0
256.913 48.6835 0
515.354 -237.332 0
517.354 -311.637 0
575.093 -358.716 0
590.6 -388.538 0
570.022 -393.485 0
386.94 -108.583 0
191.654 -704.537 0
179.101 -768.441 0
183.078 -814.267 0
195.277 -824.186 0
472.799 -965.293 0
490.772 -959.14 0
621.849 -982.53 0
598.211 -902.231 0
560.786 -834.71 0
465.208 -701.799 0
426.07 -543.61 0
458.274 -372.139 0
447.747 -332.198 1
474.805 -336.208 1
500.755 -270.671 0
501.862 -233.839 0
474.775 -223.911 0
494.673 -238.643 0
507.713 -247.689 0
700.213 -318.721 0
591.84 -72.0005 0
534.14 70.9917 0
754.751 -322.074 0
817.316 -444.444 0
812.559 -427.853 0
793.839 -446.053 0
767.147 -522.754 0
699.549 -737.057 0
697.408 -649.931 0
670.004 -550.648 0
637.738 -498.804 0
640.788 -542.333 0
649.808 -591.091 0
656.812 -621.018 1
677.053 -596.166 1
738.153 -577.393 0
732.823 -420.033 0
761.48 -404.052 0
839.417 -317.892 0
1192.86 -70.5098 0
1138.24 -238.777 0
1152.93 -412.647 0
1149.02 -446.633 0
1198.31 -523.2 0
1225.32 -535.901 0
1212.83 -606.654 0
1282.48 -648.036 0
1300.95 -685.384 0
1299.64 -685.975 0
1317.18 -652.031 0
1265.59 -604.928 0
1214.81 -566.278 0
1173.71 -496.204 0
1228.2 -433.464 0
1157.9 -288.648 0
1116.53 -248.519 0
1107.75 -197.742 0
1179.83 -215.756 0
1169.45 -253.644 1
1174.61 -284.926 1
1213.39 -708.908 0
1274.4 -708.946 0
1234.07 -689.063 0
1212.3 -754.81 0
1186.26 -827.583 0
1192.71 -818.472 0
1223.33 -643.648 1
