0.652734 6.82787 0
8.09779 -28.8914 0
2.02292 5.18842 0
675.374 -422.554 0
622.33 -444.795 0
-34.9059 -498.976 0
-245.597 -462.567 0
-490.658 -555.25 0
243.671 -543.922 0
-308.675 -722.272 0
-324.191 -790.448 0
-311.413 -799.547 0
-340.574 -754.902 0
-363.935 -707.305 0
-486.953 -621.632 1
-91245.8 1869.57 1
-91363.2 1945.68 1
-91502 2094.06 0
-91490 2108.65 0
-91699.1 2168.08 0
-91711.6 2133.33 0
-91741.9 2226.62 1
-91675.1 2253.13 1
-91648.4 2190.23 1
-91576.4 2192.43 1
-91723.3 2265.91 1
-91639.3 2103.15 1
-91471 2081.69 1
-91953.9 2063.27 1
-91523.4 2242.31 0
-91573.2 2331.86 0
-91599.3 2321.22 0
-91534.4 2285.59 0
-91343.3 2345.16 1
-90669.4 2462.14 1
-90664.1 2524.62 0
-90286.4 2870.37 0
-90424.1 2607.88 1
-90097.1 2497.85 1
-90068 2523.91 0
-89462 2012.42 0
-89910.3 1457.7 0
-89871.6 1493.58 0
-89857.6 1561.58 0
-89717.9 1671.11 0
-89718.2 1684.62 0
-89718.2 1713.96 1
-79238.8 -4581.11 1
-79090.4 -2602.92 0
-79130 -2574.59 0
-79160.9 -2563.96 0
-79152.2 -2566.55 0
-79258.2 -2553.75 0
