39.7822 -65.2286 0
56.5423 16.7751 0
71.3332 88.7965 0
66.9997 179.962 0
-64.3503 193.073 0
-165.08 269.683 0
-93.477 275.46 0
-99.2732 247.918 0
-111.419 191.499 1
-269.82 -501.384 1
3134.04 -1049.7 0
3093.99 -1016.27 0
3057.31 -1083.62 0
3085.18 -1117.36 0
3060.42 -1079.48 0
3075.81 -1146.65 0
3084.07 -1141.47 0
3110.86 -1062.66 0
3130.81 -1029.66 0
3168.62 -999.318 0
3191.15 -1001.84 0
3248.3 -1016.88 0
3371.66 -1110.01 0
3374.61 -981.332 0
3226.58 -796.027 0
3552.84 -967.874 1
4486.54 -1316.07 0
4506.09 -1271.25 1
4559.89 -1200.46 1
4479.84 -1246.23 0
4437.65 -1265.27 0
4500.93 -1233.74 0
4480.24 -1211.78 0
4451.19 -1156.13 0
4432.43 -1080.36 0
4532.86 -1390.96 0
4576.99 -1407.27 0
4608.54 -1377.63 0
4661.09 -1355.24 0
4731.15 -1375.05 0
4714.77 -1405.31 0
4682.86 -1432.51 0
4705.93 -1431.71 1
4700.14 -1419.72 1
4742.94 -1416.89 0
4758.94 -1414.04 0
4958.01 -1237.6 0
4857.75 -1495.61 0
4883.93 -1533.02 0
4902.17 -1536.04 0
4846.62 -1445.31 1
4937.25 -1469.15 1
4966.83 -1470.98 0
4933.74 -1475.24 0
4892.56 -1482.07 0
4936.77 -1426.62 1
4981.42 -1530.12 1
4955.69 -1480.59 0
4985.13 -1425.6 0
6141.91 -1496.89 0
6143.57 -1705.05 0
