6.7721 60.2868 0
-28.3113 151.559 0
17.5069 224.38 1
72.9196 237.998 1
229.878 75.2671 0
451.764 -20.4751 0
538.345 -282.777 0
561.255 -436.967 0
560.142 -319.549 0
671.747 -281.606 0
733.611 -307.723 0
789.053 -218.619 0
793.955 -401.235 0
919.986 -481.879 0
961.19 -527.313 0
1062.04 -494.302 0
1104.87 -530.934 0
1130.5 -526.423 0
1134.82 -517.798 0
1335.93 -717.092 0
1342.79 -768.264 0
1422.13 -742.612 0
4143.6 -613.979 0
4089.22 -576.691 0
4066.54 -575.27 0
4034.66 -541.574 0
4005.03 -355.786 0
4018.05 -323.816 0
4046.92 -270.542 0
4120.69 -131.796 0
4099.39 -41.6948 1
