-6.58347 64.1931 1
-18.2366 74.6931 0
28.7743 124.476 1
2.69005 225.353 0
17.9778 286.926 0
-12.5941 319.707 0
25.8566 317.685 0
22.5382 302.385 0
25.7597 317.563 0
37.9221 302.119 0
30.5865 297.066 0
59.8999 -225.522 1
-48.5374 -114.932 0
-204.7 -159.292 0
-193.929 -138.309 0
-248.301 -150.889 0
-177.72 -176.001 1
0.382767 -17.0263 1
-15.0492 -5.00896 0
15.3665 26.7591 0
-58.3625 38.2209 0
-31.4396 66.3168 0
25.6504 91.048 0
-146.436 173.165 0
-167.297 234.078 0
-105.175 236.398 0
-63.1474 183.395 0
-152.265 108.013 1
-1760.02 65.2896 1
-1498.33 20.9304 0
-1432.75 14.9504 0
-1410.24 6.12831 0
-2094.76 1.36471 1
-2119.5 128.682 1
-2041.36 216.254 1
-1951.93 211.111 1
405.729 626.875 1
405.222 646.173 0
424.282 648.743 0
507.554 730.357 0
594.216 654.254 0
606.902 643.982 0
679.191 677.054 0
676.873 664.787 0
668.112 635.905 0
653.91 564.639 0
309.175 271.712 0
341.79 256.755 0
329.086 288.945 0
385.703 202.956 0
337.448 198.788 0
42.3366 336.523 0
30.2427 386.646 0
118.149 538.66 0
472.054 491.901 0
547.858 482.428 0
-1095.46 521.929 0
-901.697 454.813 0
-797.848 479.161 1
-1038.56 469.027 1
-6100.2 -38.3549 1
-6056.2 -37.7329 0
-5610.27 -113.111 0
-5617.2 -129.444 0
-5648.82 -127.385 0
-5643.1 -115.176 0
-5560.89 -80.6564 1
-4004.18 100.564 1
-5549.21 -415.927 0
-5104.09 -329.117 0
-5116.53 -283.044 0
-5116.47 -265.576 0
-5160.27 -123.48 0
-4950.56 -112.853 0
-5000.55 -59.3704 0
-4969.43 184.835 0
-4945.19 207.679 0
-4965.81 192.069 0
-4994.33 126.256 1
-6282.9 -1459.65 1
-6390.81 -1510.74 0
-5835.27 -1046.37 0
-5489.06 -1408.94 0
-5451.27 -1447.81 0
-5412.69 -1422.15 0
-5486.55 -1639.36 0
-5464.85 -1636.84 0
