86.2593 -82.7038 0
104.103 -153.28 0
69.2407 -82.319 0
104.02 -175.053 0
72.6561 -4.91702 0
15.391 118.414 0
-69.7048 90.1629 0
-137.918 86.4851 0
-145.76 10.8544 0
-217.871 7.12835 0
-260.602 15.1918 0
240.108 -65.4865 0
166.795 -291.694 0
558.804 -345.619 0
554.015 -283.908 0
527.064 -228.914 0
520.822 -183.677 0
509.557 -173.558 0
444.18 -94.6484 1
472.85 -64.0284 1
587.179 -110.992 0
582.012 -88.6942 0
502.469 -96.8238 0
534.826 -71.6477 0
521.102 -88.3874 0
579.206 -125.52 0
608.187 -154.645 0
886.76 -374.816 0
877.406 -372.532 0
1574.51 -721.529 0
1587.89 -1278.93 0
1583.24 -1190.28 0
1592.19 -1166.9 0
1765.51 -1182.33 1
1851.39 -1244.55 1
1842.13 -1163.82 0
1657.07 -1003.18 0
1607.33 -962.246 0
1499.51 -724.977 0
1405.76 -613.06 0
1338.39 -481.513 0
1213.15 -355.894 0
1093.54 -249.796 0
1039.86 -187.859 0
1053.59 -207.777 0
1025.72 -185.29 0
1280.86 -437.43 0
1272.38 -359.074 0
1373.54 -394.718 0
1929.44 -1164.13 0
1821.43 -1043.72 0
540.47 -979.731 0
511.713 -1070.86 0
516.379 -1114.22 0
507.324 -1176.31 0
485.144 -1195.46 0
534.413 -1211.69 0
507.589 -1183 0
1355.75 -1125.44 0
-3397.34 -575.396 0
-2891.86 -539.754 0
-2868.09 -513.321 1
-2870.85 -495.703 1
-3093.09 33.2862 0
-3122.78 11.0528 0
-3114.23 -11.1068 0
-3038.07 -1064.84 1
-3033.35 -1125.42 0
-3012.53 -1196.63 0
-3084.43 -1198.96 0
-2969.63 -1294.65 0
-3087.86 -1222.27 0
