83.1526 31.3245 0
35.6131 32.747 0
22.4596 11.2564 1
50.5017 12.5872 1
73.3692 21.6565 0
95.4429 -6.894 0
100.246 -26.7469 0
129.501 -50.6267 1
170.515 -9.40678 1
177.507 15.8276 0
201.971 56.0807 0
242.726 165.365 1
301.371 172.214 1
1189.58 -415.03 0
1191.28 -347.903 0
1218.15 -403.67 0
1019.72 -238.083 0
1049.32 -211.922 0
1058.21 -192.761 0
1024.04 -214.616 0
1030.22 -182.486 0
1015.28 -190.719 0
1010.88 -204.805 1
2058.17 127.773 1
2073.94 137.508 0
2085.35 130.957 0
2094.92 115.595 0
2051.35 108.178 0
2345.08 135.353 0
2309.86 19.4723 0
2320.81 70.2189 0
2321.84 -1.79788 0
2640.58 -22.94 0
2616.39 -22.8694 0
2567.57 -6.87399 0
2400.97 14.8514 0
2385.06 69.8249 0
2388.44 38.6928 0
2424.15 -32.9671 0
2440.39 32.0517 0
2546.84 112.188 0
3665.56 -161.329 0
3760.72 -403.872 0
