14.4185 47.0084 0
-0.692378 64.6007 0
122.52 69.6326 0
98.0829 106.119 0
131.981 103.456 0
201.729 -102.222 0
180.61 -172.346 0
148.693 -141.342 0
112.063 27.0801 0
144.76 39.3339 0
63.0434 65.0304 0
119.913 59.9364 0
262.068 9.80385 0
275.319 46.4166 0
100.443 51.2514 0
103.283 25.7586 0
90.829 33.8314 0
173.249 -48.4315 0
151.751 -41.4736 1
221.738 -72.466 0
141.382 -122.161 1
92.4482 -187.588 0
176.192 53.5659 0
185.86 107.631 0
112.973 173.672 0
166.152 270.27 0
146.794 417.725 0
93.2465 412.709 0
93.1242 434.838 0
232.008 380.074 0
159.883 403.767 0
132.66 353.184 0
110.471 358.205 0
109.199 399.843 0
263.532 350.333 0
159.43 385.304 0
156.71 424.261 0
152.772 393.19 0
166.276 370.511 0
306.998 209.485 0
267.572 175.628 0
197.303 93.2898 0
232.615 67.3034 0
109.264 -330.061 0
40.6972 -436.718 0
42.7708 -463.73 0
126.168 -502.618 0
-316.631 -236.121 0
-361.45 -202.727 0
177.849 -109.66 0
24.2836 -51.7995 0
267.896 -375.209 0
241.445 -362.237 0
562.09 -386.888 0
533.357 -358.599 0
523.098 -358.092 0
548.961 -383.656 0
481.505 -372.658 0
491.464 -369.92 0
463.655 -328.945 0
451.062 -256.872 0
462.951 -155.273 0
485.901 -145.248 0
519.205 -82.7068 0
483.586 -60.9824 0
60.3267 128.732 0
79.5474 211.387 0
48.5112 242.801 1
132.258 216.489 1
130.89 311.087 0
145.678 373.865 0
342.304 553.201 0
735.566 602.663 0
961.345 -118.78 0
944.976 -253.977 0
883.451 -277.384 0
818.141 -240.779 0
780.264 -183.093 0
718.712 -121.523 0
690.202 -101.654 0
745.315 -5.22272 0
839.271 27.5206 0
819.631 73.1345 0
1158.38 -557.256 0
1247.8 -482.001 0
1243.88 -344.515 0
1172.3 -285.37 0
1140.91 -275.121 0
981.498 -295.412 0
961.099 -96.7733 0
951.899 33.2847 0
1003.47 110.426 0
1035.6 204.721 0
1036.8 241.326 0
1034.71 282.118 0
665.558 588.386 0
641.248 566.167 0
621.558 458.736 1
3234.49 -5694.34 1
12125.5 -11223.2 0
