-10.8735 47.3291 0
-58.5407 3.35804 0
-38.8479 24.759 0
26.3282 40.1605 1
66.4111 22.9699 1
81.648 -18.6224 0
287.669 -119.721 0
283.927 -161.353 0
279.081 -163.801 0
266.021 -168.091 0
375.561 -205.025 0
455.636 -528.74 0
326.471 -599.098 0
309.668 -331.241 0
317.945 -347.582 0
254.138 -214.525 0
244.172 -106.617 0
275.748 37.2794 0
236.078 195.486 0
197.453 251.067 0
176.936 316.752 0
180.521 400.533 0
219.497 403.07 1
506.921 -330.369 1
513.423 -344.445 0
450.292 -304.238 0
503.08 -312.685 0
549.084 -104.951 0
566.804 -143.936 0
567.451 -133.945 0
2207.6 -428.802 0
2154.25 -413.798 0
2160.72 -447.56 0
2137.05 -408.775 0
2138.4 -424.979 0
2250.09 -582.218 0
2250.5 -640.463 0
3656.01 -1824.54 0
