8.53553 3.20093 0
51.246 16.3441 0
42.375 109.398 0
32.556 199.116 0
10.5804 262.974 0
-1.63603 275.694 0
-2.78616 283.659 0
-18.1634 358.695 1
150.103 -373.45 1
187.32 -307.922 0
207.946 -304.309 0
139.071 -482.38 1
149.874 -543.216 0
93.7798 -529.45 0
-15.7453 -783.865 0
-25.4954 -794.293 0
-40.5452 -796.62 0
-61.9469 -764.795 0
-116.508 -745.32 0
-185.594 -756.287 0
-266.171 -698.176 1
-313.929 -731.958 1
-360.464 -753.584 1
-376.795 -693.954 1
-328.076 -668.138 0
-290.314 -653.814 1
621.71 -135.839 1
670.304 -435.44 0
660.195 -393.796 0
713.773 -423.904 0
1432.3 -473.417 0
1201.11 -355.082 0
1152 -294.948 0
1103.81 -528.369 0
988.489 -491.327 0
955.379 -434.33 0
1018.43 -290.613 0
1131.54 -272.033 0
1147.85 -277.55 0
1174.4 -289.623 0
1249.08 -316.84 0
1291.1 -305.512 0
1300.86 -241.647 0
1315.19 -242.119 0
1380.61 -321.451 0
1344.87 -383.45 0
1504.31 -207.111 0
1635.04 -273.307 0
1574.94 -312.995 0
1552.46 -397.093 0
1558.93 -401.941 1
1532.94 -373.938 1
1519.05 -352.669 0
1699.36 -356.348 0
1875.67 -475.62 1
1825.68 -455.312 0
1643.91 -340.911 0
