87.2122 95.5483 0
-139.139 18.5444 0
-123.22 -20.9818 0
-75.5285 -85.0061 0
-93.2229 -118.187 0
-106.466 -101.587 0
-47.6592 -86.6142 0
-106.54 -11.2121 0
58.8985 -242.303 0
310.734 -251.521 0
303.176 -240.163 0
114.855 -10.4554 0
84.9662 -91.6663 0
-101.57 56.9135 0
-71.3379 110.541 0
-52.6057 106.668 0
869.648 126.011 0
814.96 102.84 0
860.722 81.9749 0
1191.08 -222.855 0
1199.5 -236.125 0
658.001 -177.12 0
639.059 -143.715 0
552.379 -85.4321 0
535.594 -3.40259 0
537.864 75.1873 0
572.328 77.2719 0
607.476 66.761 0
608.982 87.5363 0
532.104 115.556 0
524.549 109.494 0
625.515 120.332 0
642.355 150.013 0
716.253 194.53 0
1364.6 12.799 1
1368.96 34.8586 0
1374.39 61.9508 0
1395.74 89.8963 0
1488.54 154.086 0
1495.97 85.1963 0
1529.72 63.0445 0
1354.12 116.001 0
1406.7 87.1674 0
1352.01 101.514 0
1307.36 154.953 0
1313.83 125.052 0
1356.8 105.909 0
1363.96 46.4586 0
1360.21 116.229 0
1433.63 47.4936 0
1442.28 -25.3949 0
1465.64 9.51542 0
1464.8 69.9316 0
1479.15 129.801 0
1663.44 -221.541 1
1664.8 -186.203 0
1648.88 -197.172 0
1660.39 -180.269 0
1667.79 -138.801 0
1736.63 -120.45 0
1712.2 -132.02 1
1776.78 -158.315 1
1807.51 -146.064 0
1847.52 -116.147 0
1727.77 47.9146 0
1717.82 52.0554 0
1567.94 131.065 0
1547.9 13.9145 0
1904.2 -110.539 0
2283.34 129.605 0
2154.51 101.759 0
