100.881 30.4999 0
211.536 -14.8373 0
203.792 60.6072 0
183.562 219.104 0
140.376 186.062 0
97.2509 99.9256 0
121.117 99.8926 0
193.901 -21.3389 0
166.382 34.4511 0
155.947 66.1894 0
195.501 178.089 1
136.258 216.383 1
75.8641 -655.722 0
12.3016 -597.706 0
0.0694838 -571.699 0
58.2659 -544.004 0
-18.2899 -269.694 0
-75.4235 -274.689 0
82.3558 -329.453 0
101.076 -313.773 0
97.7019 -337.689 0
128.654 -280.384 1
339.223 -724.389 1
327.084 -728.073 0
299.788 -763.038 0
215.732 -827.311 0
250.016 -808.482 0
237.782 -807.414 1
265.636 -728.615 1
251.645 -756.302 0
233.861 -731.466 0
221.332 -707.156 0
271.422 -692.134 0
263.76 -651.937 0
285.53 -660.983 0
250.432 -556.155 0
161.353 -549.034 0
193.087 -500.323 1
133.336 -429.461 1
139.433 -472.812 0
143.422 -527.972 0
116.127 -561.354 0
162.665 -571.481 0
168.928 -631.419 0
199.225 -669.228 1
306.019 -423.761 1
297.244 -334.99 0
327.345 -304.037 0
329.567 -326.361 0
398.983 -337.878 1
393.184 -302.578 1
333.999 -295.937 0
569.744 -300.166 0
535.301 -279.749 0
322.279 -264.915 0
324.512 -279.24 0
273.177 -338.68 1
524.141 -513.447 1
495.902 -502.568 0
544.283 -523.266 0
513.18 -528.134 0
1054.93 -681.237 0
1072.08 -654.609 0
1069.57 -752.103 0
1449.51 -1161.37 0
1912.38 -749.735 0
2019.93 -611.838 0
1978.66 -569.061 0
3075.68 -77.0562 0
2538.99 639.007 0
2540.69 709.751 0
620.391 36.0291 0
525.679 25.7212 0
512.809 42.0144 0
511.525 71.6225 0
651.09 73.5555 1
696.312 110.436 1
618.818 108.719 1
112.295 -159.127 1
274.77 -75.8062 0
659.078 -150.183 0
669.623 -237.872 0
630.31 -340.261 0
624.468 -377.329 0
553.737 -415.551 0
493.19 -476.09 1
561.084 -527.499 1
589.404 -475.45 0
574.424 -488.935 1
415.228 -285.577 1
462.991 -243.813 0
537.334 -252.958 1
1081.2 -238.404 1
1077.62 -239.886 0
