-207.258 95.9862 0
-241.136 335.566 0
-259.878 372.398 0
-282.511 339.712 0
108.794 33.0513 0
140.023 -63.6899 0
161.846 -85.6405 0
212.887 -110.786 0
-518.145 443.737 0
-309.731 392.476 1
-326.336 377.194 0
-304.309 370.012 0
-295.92 343.353 0
-286.323 395.471 0
-306.006 416.766 0
-298.185 474.006 0
-337.515 446.084 0
-361.318 439.081 1
-375.724 454.649 1
-407.66 383.61 0
-495.819 298.14 0
-522.38 303.355 0
-521.467 299.547 0
-564.972 182.064 1
-572.35 287.459 1
-551.032 299.118 0
-538.998 288.381 0
-506.481 236.637 0
-524.338 202.984 0
-559.124 184.79 0
-536.76 234.925 1
-668.724 312.997 1
-667.167 321.624 0
-667.69 320.938 0
-480.327 293.834 0
-290.861 188.626 0
-437.258 415.553 0
-454.79 434.888 0
-4.28418 205.5 0
-94.0585 297.426 0
-125.065 434.975 0
-206.832 416.452 0
-40.5249 480.849 1
