54.469 -107.879 0
57.271 -125.665 0
66.8477 -161.891 0
19.0004 -83.51 0
33.7067 -94.4518 0
313.23 58.6366 0
299.151 32.1694 0
281.666 -9.27366 1
229.193 42.9927 1
219.843 8.51884 0
198.84 19.402 0
292.338 110.483 0
291.705 42.0149 0
368.489 37.8051 0
478.32 120.994 0
437.666 112.135 1
343.832 44.5914 1
384.677 79.6774 0
380.415 71.2259 0
325.414 96.2109 1
281.046 212.35 0
325.65 171.858 1
328.349 183.828 0
353.123 211.391 0
328.463 170.819 0
305.047 133.411 1
212.579 1626.31 1
195.413 1668.96 0
236.49 1639.48 0
267.671 1638.89 1
230.77 1556.29 1
249.231 1401.13 0
258.851 1334.92 0
267.834 1259.93 0
284.849 1267.82 0
243.578 1311.65 0
219.554 1339.88 1
176.478 1132.19 1
276.188 1102.05 0
303.13 1021.14 0
263.477 1046.29 0
202.638 1095.11 0
166.287 1165.45 1
-6239.24 3908.82 1
-6321.45 3941.23 1
-6303.19 3949.85 1
-6314.5 3952.74 0
-6326.01 3998.07 0
-6342.02 4014.82 0
-6199.26 4141.85 0
-6235.38 4217.41 1
-3849.94 5311.62 1
-2529 13500 1
