-30.0892 6.16019 0
-24.5403 42.9745 0
22.0305 105.987 0
-48.6208 156.091 0
17.2315 210.73 0
28.8339 246.966 0
153.984 253.375 0
69.1323 286.973 1
61.9734 285.745 1
74.4431 334.937 0
63.7608 387.025 0
-3.22368 346.346 0
-150.315 227.104 0
-76.3031 211.539 0
71.7514 160.705 0
87.8905 150.507 0
65.4788 12.2106 0
73.3539 -143.459 0
114.652 -192.684 0
106.052 -198.406 0
166.776 -111.092 0
232.148 -85.6053 0
297.466 253.946 0
309.042 235.608 0
377.364 253.129 0
540.877 111.547 0
715.573 -123.058 0
724.884 -144.659 0
747.474 -102.491 0
781.929 -129.304 0
780.975 -141.36 0
911.935 -36.7959 0
-495.617 -391.752 0
-476.264 -325.186 0
-380.272 -331.95 0
-375.032 -368.615 0
-439.713 -406.553 0
-502.634 -414.375 0
-584.867 -433.021 0
-663.242 -409.104 1
-662.325 -344.55 1
-676.349 -395.397 0
-703.109 -405.624 0
-721.015 -407.201 0
-756.943 -391.019 0
-731.119 -474.627 1
-658.182 -436.176 1
2188.42 -431.54 1
2114.27 -327.205 0
2052.77 -301.363 0
1865.63 -40.6635 1
1791.85 -154.574 1
2309.18 -850.903 1
2357.35 -877.43 0
2433.9 -926.982 0
2431.29 -961.31 0
2412.63 -953.054 0
2374.24 -935.049 0
2443.32 -930.298 1
2336.27 -928.372 1
2541.04 -1137.97 0
5445.97 -605.275 0
