-40.0897 2.6959 0
-88.8273 23.3816 0
-94.9178 44.1442 1
104.771 -158.642 1
95.429 -185.45 0
93.9306 -148.824 0
81.6161 -168.186 0
-62.7857 112.866 0
-144.33 115.867 0
-199.434 103.103 0
-201.751 87.2343 0
-147.053 67.9646 1
36.6996 48.7882 1
-26.633 31.3125 0
-54.0675 56.5912 0
-138.41 41.2517 0
-130.27 89.993 0
-103.651 122.966 0
-200.381 154.518 0
-238.467 185.353 0
-197.663 224.576 0
7.80066 309.686 0
44.8135 321.335 0
15.346 303.662 0
50.8646 151.835 0
20.3104 148.127 0
-77.0386 149.263 0
-8.17118 86.5027 0
215.263 5.88784 0
899.715 -1174.1 0
394.914 -840.113 0
357.907 -863.115 0
1165.89 -678.837 0
1057.49 -448.762 1
1108.43 -598.324 0
1104.96 -604.834 0
1182.57 -534.886 0
1409.68 -497.056 0
1367.61 -579.93 0
1437.79 -529.984 0
1308.35 -246.96 0
1443.63 -205.263 1
1408.16 -202.069 1
1408.26 -210.029 0
1408.19 -224 0
1415.45 -283.186 1
1398.31 -346.101 1
1456.23 -313.653 0
1457.72 -310.497 0
1427.95 -298.343 0
1425.96 -396.673 1
1430.04 -478.307 1
1478.47 -497.315 0
1501.73 -534.56 0
1466.16 -553.216 0
1514.1 -512.586 1
1562.1 -512.204 1
1706.05 -440.4 0
2046.87 -282.521 0
2093.48 -371.095 0
2113.24 -366.244 0
2194.12 -891.663 0
2183.34 -1267.12 0
2487.91 -1110.68 0
2530.03 -1120.61 0
2513.91 -1133.74 0
2654.24 -1154.05 0
