-111.212 30.1507 0
-101.514 65.504 0
-71.0894 139.09 0
-90.0737 163.018 0
-124.942 187.006 0
-135.19 192.957 0
-123.288 195.856 0
-78.1663 203.427 0
-9.27854 205.002 0
234.311 129.446 0
271.049 173.449 0
231.899 207.545 0
9.12498 303.244 0
13.8741 484.655 0
32.966 434.957 1
15.864 366.129 1
-7.32515 385.172 0
-41.4253 385.96 0
-189.467 416.38 0
-218.294 356.547 0
-189.5 357.862 0
146.11 490.681 0
193.678 476.532 0
209.742 438.241 0
244.321 343.741 0
267.433 268.204 0
258.248 322.212 0
347.686 297.481 0
294.633 322.428 0
283.187 372.04 0
226.289 350.728 0
230.498 386.599 1
188.152 412.066 1
201.198 389.009 0
254.765 359.538 0
136.259 411.426 0
556.737 469.864 0
579.302 498.836 0
602.717 482.694 0
941.95 297.606 0
914.631 310.258 0
918.453 302.996 0
859.959 320.825 1
1217.44 548.195 1
1216.48 527.403 0
1210.38 492.866 0
1281.34 442.281 0
1273.42 389.277 0
1316.18 193.617 0
1301.77 169.261 0
1361.26 78.3779 0
1385.38 82.6869 0
1460.12 74.3238 0
1427.83 102.93 0
1618.53 151.512 0
1548.34 175.647 0
1511.81 227.367 0
1484.28 303.028 0
1514.83 388.167 0
1533.27 414.236 0
1535.24 352.157 1
1314.9 202.925 1
6034.41 1082.86 0
