152.449 -48.1962 0
126.612 -52.7853 0
104.56 -47.98 0
74.5633 -16.3649 0
-26.8105 33.0638 0
-49.9059 50.4903 0
-25.2149 50.5803 0
17.8906 126.95 0
68.5094 200.532 0
75.2493 272.377 0
31.9947 313.599 0
79.3148 274.02 0
31.5227 216.96 0
52.4794 197.821 0
-39.1078 147.571 0
-92.9836 100.52 0
-85.4576 74.8141 0
-82.442 52.4488 0
-77.4514 22.8965 1
-18.1096 -356.645 0
8.74339 -231.413 1
19.5309 -223.396 0
30.9535 -186.144 0
28.5524 -217.553 0
20.497 -196.645 0
-37.1203 -180.853 0
43.0798 -204.637 0
44.1585 -222.346 0
42.9877 -190.822 0
37.8376 -120.777 0
-36.2332 -83.3271 0
-82.4581 -33.7693 0
-128.762 -35.4231 0
-129.289 -61.3188 1
-969.019 -210.088 1
-1006.38 -171.726 0
-1017.17 -128.167 0
-1060.06 -60.4675 0
-1013.28 -103.17 0
-1063.81 -78.8962 0
-1153.64 -62.75 0
-1161.75 45.279 0
-1075.13 138.975 0
-1113.38 145.075 1
-9626.81 657.69 1
-9577.27 720.645 0
-9281.25 -2191.55 1
-9231.67 -2110.23 0
-9332.93 -2115.95 0
-9350.69 -2064.48 0
-9352.72 -2024.95 0
-9284.35 -1976.37 0
-9222.84 -1963.46 0
-9159.68 -1956.02 1
-8817.54 -1598.76 1
-8899.35 -1504.29 0
-8846.91 -1267.46 0
-8912.93 -1236.67 0
-8934.28 -1219.81 0
-8883.56 -1204.63 0
-7686.82 -1923.47 1
-7784.92 -1933.07 0
-7778.94 -2068.14 0
-7848.22 -2013.21 0
-7870.86 -1981 0
-7801.88 -1968.84 0
-7522.86 -1955.66 0
-7530.21 -1842.92 0
-7120.36 -1991.03 0
-7138.79 -2006.87 0
-7004.49 -2083.89 0
-6902.53 -2093.33 0
-6912.78 -2125.89 0
-6891.26 -2079.23 0
-7001.86 -2549.87 0
-6968.94 -2600.48 0
-6937.54 -2559.17 0
-6837.67 -2505.08 0
-6798.12 -2402.62 0
-6774.43 -2427.79 0
-6829.79 -2458.85 0
-6809.45 -2446.89 0
