-18.7704 27.4999 0
-60.0678 37.0849 0
-252.891 74.9913 1
-677.258 259.785 1
-631.987 200.667 0
-480.972 99.0847 0
-464.097 40.2543 0
-456.266 67.9822 0
-137.87 8.76242 0
-192.836 84.1582 0
-214.247 87.1633 1
-235.172 16.2118 1
-232.125 49.4918 0
-163.213 29.5225 0
-82.1132 16.39 0
-324.593 91.4681 0
-325.851 150.073 0
-356.645 204.174 0
-294.46 278.532 0
-287.549 307.819 0
-280.119 326.105 1
-221.879 303.669 1
-159.517 258.584 0
-150.458 231.576 0
-128.184 171.665 0
-117.483 123.872 0
-77.5161 65.3938 0
-33.8542 47.5354 0
-11.1119 67.1114 0
-1.24781 99.0804 0
21.9112 159.509 0
26.2233 195.886 0
446.153 59.9937 1
183.041 -26.4482 0
178.982 -13.7584 0
180.757 -94.207 0
264.9 -102.161 0
346.838 -115.278 1
-797.811 97.1728 1
-779.214 107.304 0
334.2 14.4076 0
360.182 -91.0043 0
311.967 -78.0996 0
276.849 -84.9447 0
215.568 -24.8783 0
172.574 -7.21525 0
148.494 69.5621 0
112.051 96.1823 0
128.632 111.206 0
144.47 115.015 1
159.756 121.7 1
140.622 45.1652 0
276.804 60.2129 0
290.304 22.5685 0
313.633 107.667 0
431.138 86.5378 0
394.727 92.6156 1
1082.4 -148.998 1
1032.53 -158.841 0
1017.17 -166.967 0
990.305 -185.726 0
984.783 -183.76 0
966.451 -190.223 0
986.551 -188.36 0
983.128 -257.278 0
1009.43 -221.921 0
943.167 -208.766 0
1185.66 -402.101 0
1168.13 -489.888 0
1179.56 -424.145 0
2028.75 -543.888 0
2036.08 -502.902 0
1947.63 -251.028 0
1934.83 -284.391 0
1914.42 -226.316 0
1896.96 -239.645 0
2054.54 -366.279 0
2028.33 -317.655 0
2009.62 -270.491 0
2029.5 -188.123 0
2015.68 -186.869 0
2036.93 -220.336 0
2047.49 -226.671 0
2101 -376.817 0
2202.18 -457.571 0
2229.17 -494.827 0
1780.83 -1209.06 0
1849.61 -1304.49 0
2080.44 -1361.88 0
2049.93 -1339.64 0
1925.46 -1858.97 0
1841.61 -1854.62 0
1788.12 -1827.95 0
1619.23 -1720.71 0
1212.76 -1101.35 0
1311.5 -1130.47 0
1307.34 -1090.54 1
2962.52 -1421.95 1
