20.7753 70.4913 0
35.1039 19.9905 0
4.17986 17.1424 0
-110.362 135.574 0
-73.1457 184.101 0
-0.580345 148.503 0
-20.464 87.4365 0
58.4098 42.8982 0
63.486 -26.5147 0
101.365 -80.594 0
84.5479 -87.928 0
-147.736 -83.6504 0
-169.91 -110.32 1
999.936 77.7168 0
1006.38 88.6349 1
983.174 71.013 0
967.777 65.5474 0
923.127 21.4713 0
879.75 -38.2914 0
874.908 -43.2545 0
868.584 -39.1203 0
940.166 -63.8936 0
973.799 -112.587 0
994.734 -207.027 0
1342.27 -140.923 0
1322.78 -127.728 0
1328.51 -83.1495 0
1347.83 -44.633 0
1349.65 -40.8512 0
1399.91 24.4849 1
1262.76 -139.003 1
1348.68 -80.4491 0
1335.67 -70.2071 0
1415.05 -76.378 0
1374.96 -50.8104 1
1627.78 293.701 1
1212.44 522.935 0
1368.8 533.354 0
1322.21 659.61 1
1357.05 657.81 1
1423.62 680.015 0
1375.86 765.003 0
1324.53 856.775 0
1278.56 1015.22 1
1747.9 560.105 1
1800.19 517.779 0
1817.92 501.052 0
1845.49 558.282 0
1165.66 916.844 0
1381.71 883.216 1
1519.99 910.594 0
1034.57 945.408 0
851.575 1018.74 0
246.228 1171.94 0
268.467 1152.76 0
247.93 1144.52 0
192.236 1147.11 0
195.522 1217.04 0
336.135 1140.27 0
313.211 1111.32 0
388.921 997.037 1
740.476 1364.66 1
753.337 1362.84 0
1410.43 1156.36 0
6095.76 301.832 0
