8.37694 4.42074 0
-6.41281 -1.80127 0
-18.1078 20.4385 0
35.4489 -4.61131 0
20.7963 -51.1701 1
-42.6906 -182.525 1
-61.385 -291.066 0
-11.2221 -306.7 0
-57.5403 -400.055 0
-33.6602 -400.363 0
-23.4567 -355.498 0
-35.5627 -253.839 0
-64.6144 -281.312 1
1188.88 -456.614 1
1213.28 -360.546 0
1194.37 -418.789 0
1235.38 -340.718 0
1283.64 -285.419 0
1334.44 -305.019 0
1237.85 -134.167 0
1197.05 89.5263 0
1285.8 101.363 0
1217.28 160.399 0
1158.51 89.4248 0
1109.52 -55.1787 1
1139.97 -75.3701 1
1156.53 -244.942 0
1135.53 -298.725 0
1072.45 -402.126 0
1239.16 -415.852 0
1187.53 -345.635 0
1323.6 -465.492 0
1301.24 -501.938 0
1604.91 -693.878 0
1598.15 -712.544 0
1670.14 -748.119 0
1664.16 -695.873 0
1639.81 -636.42 0
1554.14 -479.58 0
1499.1 -267.05 0
1481.39 -243.741 0
1460.45 -275.371 0
1523.02 -251.488 1
1846.97 -248.953 1
1876.35 -341.924 0
2010.56 -503.593 0
1928.77 -850.327 0
2043.17 -817.735 0
2070.03 -787.783 0
2048 -748.509 0
1989.79 -712.663 0
1930.26 -681.882 0
1824.58 -650.023 0
1825.99 -631.154 0
1816.36 -644.422 0
1794.37 -654.211 0
1803.16 -626.653 0
1698.37 -526.382 0
2042.11 -724.275 1
2053.56 -715.541 0
1951.42 -566.894 0
1992.73 -577.242 0
2037.35 -579.083 0
2154.99 -581.642 0
2209.96 -610.848 0
2218.92 -571.942 0
2178.24 -576.826 0
2228.67 -535.279 0
2127 -475.313 0
2195.69 -356.754 0
2303.12 -277.395 0
2260.93 -238.481 0
2395.35 -241.003 0
2399.3 -179.154 0
