24.7276 41.7843 0
20.5523 51.0679 0
-34.6684 17.8695 0
-65.9898 -30.762 1
-115.503 -38.5265 1
-81.0877 -44.2053 0
-14.4426 8.05924 0
45.6998 -23.4035 0
13.1522 -22.7222 0
80.7809 87.4024 0
67.1546 101.352 0
184.274 76.9399 0
418.575 -167.247 0
382.811 -142.421 0
369.403 -105.45 0
362.888 -61.0644 0
354.2 -36.4509 0
362.995 -26.7632 1
335.017 85.7257 1
345.309 106.044 0
329.764 74.5533 0
349.218 60.9388 0
333.743 88.6615 0
325.088 100.134 0
309.129 94.7473 0
286.402 79.0957 1
300.301 19.0469 1
342.176 -43.2777 0
312.774 -62.5078 0
289.079 -48.3378 0
285.235 -18.6875 0
233.898 38.1453 1
-2340.61 848.288 1
-4130.28 882.559 0
-4173.78 883.718 0
-4126.96 848.791 0
-4001.41 851.265 0
-3946.74 944.006 0
-3513.83 880.63 0
-2657.86 666.173 0
-2590.27 454.325 0
-2586.73 377.81 0
-2582.48 341.245 0
-2588.47 318.252 0
-2612.16 309.416 0
-2613.68 335.225 0
-2633.03 338.64 0
-2633.16 361.448 1
-2075.46 596.101 1
-2064.7 616.743 0
-2033.2 648.476 0
-1930.51 647.093 0
-2032.6 418.025 0
-1995.46 437.257 0
-1923.79 399.419 0
-1976.89 419.846 0
-1992.13 490.685 0
-1977.94 477.468 0
-1968.58 611.228 0
-2108.63 557.056 0
-2071.28 580.811 1
-2102.59 483.431 1
-2095.33 500.047 0
-2075.46 544.63 0
-2033.89 543.428 0
-1923.28 541.846 1
-2016.47 166.146 1
-2300.86 444.574 0
-2334.52 484.891 0
-2200.73 593.356 0
-2071.08 531.625 0
-1990.99 575.698 0
-1973.54 523.793 0
-1942.28 778.086 1
-2090.33 810.331 1
-2130.4 858.992 1
-2138.23 927.601 1
-2120.89 921.519 0
-2114.96 907.248 0
-2123.38 918.379 0
-2236.99 956.514 0
-2241.41 1024.85 0
-2280.51 1019.72 0
