108.197 -52.7431 0
-23.5727 4.72267 0
-107.297 -16.982 0
10.9688 -106.521 0
-2.32951 -197.403 0
-30.5578 -123.855 0
-70.1567 -51.0142 0
-101.843 -7.9239 0
-58.5269 -33.0786 0
-223.85 25.6055 0
-221.811 34.0629 0
-388.016 107.333 0
-436.148 130.76 0
-489.893 84.8894 0
-471.366 133.223 0
-460.445 128.96 0
-411.55 103.5 1
-393.332 46.8148 1
-682.16 433.524 0
-732.345 480.155 0
-730.534 473.567 0
-597.955 487.181 0
-540.685 483.354 0
-492.909 494.433 0
-301.721 386.186 1
-307.831 435.563 0
-264.479 391.128 0
-249.694 378.737 0
-116.14 454.5 1
-225.346 727.601 1
-260.952 722.039 0
-309.236 664.612 0
-430.054 682.439 0
-486.734 734.377 0
-544.708 764.904 0
-518.873 841.916 0
-490.403 920.481 0
-503.502 907.228 0
-404.129 871.192 0
-434.957 697.594 0
-356.056 731.521 0
-388.501 752.294 0
-70.5034 678.482 0
-38.8721 677.352 0
-78.8971 745.377 0
-99.9019 682.068 0
-159.057 676.204 0
-242.186 709.904 1
