-26.0996 17.0902 0
-47.5425 39.9842 0
-22.6432 39.3525 0
-15.5968 -16.7447 0
-57.2306 2.70934 0
-137.88 -32.0247 0
-102.479 -166.243 0
-62.8122 -190.293 0
52.1734 -200.504 0
-15.4346 -49.446 0
-77.1037 35.0459 0
-47.0534 80.4637 0
3.5878 313.336 0
139.505 4.71585 0
222.773 22.3408 0
211.642 6.82066 0
190.463 -18.1403 0
132.32 -18.0386 0
16.3089 -24.8608 0
658.244 -160.061 1
751.145 -167.055 0
848.013 -200.447 0
862.609 -185.563 0
876.436 -157.058 1
997.693 -237.291 1
1027.77 -323.269 0
994.586 -355.026 0
931.701 -301.863 0
899.354 -212.647 0
907.23 -199.698 0
911.342 -196.435 0
781.768 -216.3 0
898.241 -221.695 0
912.339 -231.322 0
1055.48 -225 0
1072.02 -177.112 0
1096.79 -153.93 0
1094.86 -162.158 0
1097.27 -167.775 0
1056.76 -86.0012 1
1007.83 428.637 1
979.58 412.014 0
909.442 394.308 0
947.543 405.028 0
925.738 403.7 0
962.549 479.197 0
965.674 482.246 0
1002.02 423.815 1
1158.51 -280.845 1
-1642.68 -580.19 0
-1425.9 -558.658 0
-2170 -837.927 0
-2130.31 -906.499 0
-2085.65 -818.02 0
-1561.55 -1072.69 0
-1609.97 -1141.32 1
-2265.01 -1090.65 1
-1797.27 -1101.17 0
-1818.89 -1144.16 0
-1826.59 -1176.6 0
-1821.75 -1175.78 0
-1091.15 -1113.87 0
-1075.64 -1125.19 0
-1056.39 -1117.71 0
-998.693 -1117.45 0
-917.986 -1188.71 0
-969.664 -1128.95 0
-911.595 -1239.23 0
-803.777 -1221.23 0
-839.564 -1223.24 0
-667.174 -1470.23 0
-164.721 -1225.37 0
-2.68839 -1444.75 0
-28.8502 -1336.75 0
-96.7075 -1188.93 0
-93.8804 -1140.06 0
-162.145 -1076.49 0
-166.496 -1028.76 0
-236.248 -802.429 0
-264.063 -724.337 0
-305.868 -725.323 0
-309.313 -729.847 0
-291.466 -703.326 0
-453.702 -554.534 0
-516.521 -506.078 0
-543.549 -563.929 0
-539.199 -610.524 0
