-71.6838 14.455 0
-97.581 13.9934 0
-38.9092 -9.72312 0
6.12445 15.5228 0
0.470851 33.5614 0
28.6224 79.7625 0
110.134 200.013 0
140.287 231.224 0
149.621 266.275 0
147.431 270.991 0
132.909 261.738 0
128.861 220.176 1
223.909 74.3441 1
207.55 49.6946 0
204.162 30.4926 0
182.839 26.0684 0
218.956 4.62276 0
200.428 -18.9822 0
171.798 -54.4844 0
196.528 -36.1086 0
402.641 100.68 0
386.706 195.169 0
415.287 118.61 0
429.615 114.842 0
475.37 153.092 1
678.28 130.443 1
678.838 76.0692 0
643.559 152.359 0
697.299 94.6354 0
648.004 137.094 0
321.084 323.04 0
25.3725 273.171 1
-10626 -147.854 0
-10022.9 -271.09 0
-10438.4 133.276 0
-10420.3 87.0251 0
-10412.9 -247.447 0
-10501.2 -326.051 0
-11272.9 820.479 0
-11094.5 705.077 0
-11093.8 697.497 0
-11110 715.619 0
-11160 782.089 0
-10969 693.456 0
-10310.4 -488.667 0
-10266.7 -613.844 0
-10220.4 -941.133 0
-10188.9 -1012.76 0
-10176.4 -1059.6 0
-10175.4 -1044.14 0
-10237.2 -769.99 0
-10161 -350.887 0
-10191.3 -253.532 1
-14781.3 -832.681 1
-14677.7 -809.557 0
-14662.8 -818.291 0
-14664.6 -837.738 0
-14626.8 -838.638 0
-14611.8 -859.447 0
-14649.8 -910.451 0
-14681.4 -938.078 0
-14685 -939.853 0
-14676.7 -925.861 0
-14727.2 -703.808 1
-14817.6 -973 1
-14830.7 -931.49 0
-14834.7 -915.935 0
-14832.1 -927.986 0
-14350.3 -1964.63 1
-14241.1 -1875.07 0
-13192.8 -2020.17 0
-13231.2 -2020.66 0
-13224.1 -2009.55 0
-13214.9 -1973.81 0
-13340.7 -2010.33 0
-13351 -2000.23 0
-13420.5 -2120.29 0
-13426.3 -2051.4 1
-9724.1 -1859.25 1
