-31.4956 -227.038 0
-73.6712 -168.965 0
-89.6762 265.295 0
1430.59 -53.6701 0
1466.85 -0.355392 0
1439.73 -80.2164 0
1381.54 -229.338 0
1443.36 -315.107 0
1444.04 -178.506 0
1389.3 -146.202 0
1425.78 -131.411 0
1432.98 -103.158 0
1456.45 -100.791 0
1469.84 -73.9693 0
1441.7 -70.5306 0
1460.2 -35.853 0
1468.55 -23.3054 0
1516.27 -19.6908 0
1506.51 10.2196 0
1518.89 11.0443 0
1497.71 -77.6227 0
1496.12 -187.356 0
1470.3 -222.779 0
1463.43 -214.575 0
1352.87 -100.732 0
1406.54 -126.183 1
1766.66 -343.902 1
1715.43 -356.702 0
1730.76 -252.953 0
1741.77 -222.898 0
1728.73 -173.896 0
1752.92 -142.908 0
1732.28 -86.7707 0
1717.59 -160.399 0
1744.63 -58.6384 0
1735.42 -49.1416 0
1682.41 146.919 1
1741.59 195.772 1
1576.59 254.864 0
1485.27 351.914 0
1458.59 670.138 0
1568.45 447.938 1
1643.92 724.022 0
1783.77 454.609 0
1294.07 954.351 0
1252.66 949.894 1
1231.88 975.237 0
1063.05 946.135 1
6581.88 1155.35 1
