-50.0522 45.9604 0
-86.8273 38.8987 0
-40.7124 35.0379 0
-14.6316 -49.5882 0
-39.2334 -31.1343 1
229.988 -686.761 1
221.288 -634.19 0
28.8312 -439.008 0
31.058 -526.752 0
57.0554 -736.557 0
13.8257 -621.984 0
-23.8799 -632.58 0
-16.7049 -597.7 0
-28.4387 -572.923 1
4.86724 -592.794 1
-100.59 -567.289 0
-109.924 -503.218 0
-145.506 -441.225 0
-196.336 -333.561 0
-223.29 -380.665 0
-183.781 -407.278 0
-184.009 -413.166 0
-167.636 -454.865 0
-181.078 -417.265 0
-219.149 -336.766 0
-242.117 -226.102 1
655.93 -1230.16 1
659.027 -1232.08 0
685.328 -1220.78 0
1043.76 -1238.28 0
1066.75 -1261.68 0
1082.94 -1198.4 0
1214.2 -1078.38 0
1230.92 -1029.84 0
1376.79 -1003.45 0
5101.46 -2521.25 0
5027.8 -2539.26 0
5020.8 -2567.61 0
5148.2 -2680.68 0
5165.95 -2751.94 0
4988.16 -2764.16 0
4960.34 -2810.83 0
4995.94 -2844.47 0
5007.91 -2635.93 0
5044.96 -2683.99 0
5235.08 -3008.88 0
5448.75 -3014.9 0
5418.57 -2929.51 0
5360.46 -2892.73 0
5343.75 -2908.19 0
5332.23 -2727.92 0
