9.2678 24.3915 0
84.0783 117.471 0
76.5506 213.501 0
149.34 126.667 0
213.418 19.067 0
243.678 7.23543 0
233.658 34.9045 0
153.021 151.093 0
51.5645 183.127 0
55.6158 210.05 1
52.4363 531.8 1
11.7247 571.684 0
-60.4474 609.753 0
-192.752 593.131 0
-103.675 561.597 0
-144.19 284.644 0
110.148 215.528 0
138.031 139.252 1
136.593 45.4191 1
44.3016 20.7654 0
26.9609 19.4436 0
36.4822 18.4632 0
-101.576 62.2248 0
-135.213 74.588 0
-143.501 67.8868 0
-162.52 217.129 0
-194.309 250.854 0
-147.642 178.755 1
-242.285 146.798 1
-257.545 140.944 0
-320.266 255.832 0
-360.268 264.574 0
-386.751 247.192 1
18300.3 681.836 1
