-9.02354 32.9661 0
-8.5711 58.0752 0
-4.60969 99.9479 0
46.7501 226.952 0
-56.8419 199.942 0
-37.1419 167.452 0
81.4719 149.247 0
54.5473 144.378 0
41.1696 173.634 0
31.8818 240.147 0
51.1935 251.421 0
42.7027 339.086 0
64.3091 384.381 0
109.065 429.46 1
2.77103 452.766 1
-20.3432 432.293 0
-3.80434 527.282 0
-25.3152 580.08 0
-4.93401 667.122 0
-21.4843 624.474 0
-88.1046 453.687 0
-83.3413 472.523 0
-119.316 477.18 0
-387.749 501.197 0
-435.49 462.353 0
-304.976 399.582 0
-111.845 145.434 0
-330.406 447.276 0
-94.1528 598.048 0
-95.2821 615.038 1
139.719 822.622 1
116.683 805.464 0
92.1208 760.902 0
5.12214 577.532 0
16.986 576.333 0
-58.8524 594.047 0
-96.5464 631.556 0
-155.086 646.593 0
-452.784 533.142 0
-489.962 639.683 0
-569.623 670.821 0
-828.319 332.707 0
-855.262 322.727 0
-535.021 292.987 1
-560.1 340.891 0
-594.464 398.51 0
-608.001 426.281 0
-589.83 436.604 0
-581.311 404.425 0
-623.826 440.937 0
-571.799 386.89 0
-799.419 494.636 1
-88.5576 449.496 1
-261.21 415.792 0
-264.823 490.304 0
-222.14 559.387 0
-217.854 580.74 1
-624.038 653.035 1
-621.787 688.068 0
-622.621 659.229 0
-587.211 642.986 1
-6119.12 2462.25 1
-6128.3 2422.69 1
-6574.06 1881.74 0
-6467.66 1728.22 0
-6552.12 1908.03 0
-6206.05 2469.97 0
-6548.75 2247.1 0
-6508.64 2282.49 0
-6454.99 2261.16 0
-6386.34 2249.02 1
-6380.05 2225.12 1
-2677.01 1396.43 0
-2565.74 1578.13 0
-2562.16 1582.53 1
-2585.72 1672.17 1
-2560.55 1730.13 1
-2764.41 1774.85 1
-2735.78 1797.04 0
-2690.05 1734.68 0
-2663.53 1685.94 0
-2693.18 1679.64 0
-2697.37 1662.05 0
-2658.23 1664.5 1
-2378.01 1532.36 1
-2387.74 1581.41 0
-2388.99 1627.82 0
-2421.16 1693.31 0
-2441.29 1795.12 1
-2493.92 1791.9 1
-2505.89 1818.89 0
-2525.27 1878.3 0
-2526.62 1975.01 0
-2601.55 2020.23 0
-2606.04 2022.43 0
-2527.03 1951.65 1
-2522.37 2000.26 1
-2528.13 2048.89 0
-2551.04 2082.77 0
-2608.63 2100.2 0
-2639.01 2095.94 0
-3494.53 2125.37 0
-3388.4 2077.24 0
-3386.33 2078.64 0
-3368.46 2066.4 0
-3356.73 2044.3 0
-3346.57 2014.42 0
-3334.37 1988.63 0
-3202.46 1975.21 0
-3261.41 1948.72 0
-3264.6 2190.71 0
-3222.29 2143.59 0
-3242.07 2206.36 1
-3323.85 2475.41 1
-1542.13 2537.47 0
