6.47112 72.7889 0
2.61421 196.603 0
15.9481 182.3 0
55.2029 230.205 1
10.3387 234.487 1
-32.189 281.579 0
-44.8209 303.968 0
-52.6164 304.791 0
-83.4314 289.433 0
-78.7462 287.653 0
-73.6298 277.171 0
-45.8498 263.598 0
4.06048 289.634 1
-137.354 178.425 1
407.321 338.409 0
494.581 395.203 1
525.294 380.652 0
514.791 372.581 0
545.331 287.892 0
617.185 235.33 0
542.076 309.113 0
550.964 285.488 0
568.748 359.637 0
575.561 487.036 0
582.732 474.343 0
516.146 493.457 1
484.491 481.603 1
732.086 202.237 0
750.242 232.241 0
735.769 238.374 0
684.885 280.935 0
751.9 302.533 0
765.804 237.036 0
680.689 -29.8573 0
690.522 -82.9185 0
794.235 -135.206 0
691.978 -141.903 0
700.72 -81.3449 0
663.643 -24.1884 0
748.496 75.9005 0
601.225 229.126 0
593.863 243.198 0
606.481 225.586 0
626.782 221.179 0
631.578 199.427 0
630.573 162.868 0
673.966 229.065 1
804.722 340.551 1
888.801 227.615 0
864.909 282.869 0
956.206 288.353 0
959.567 340.416 0
1143.11 242.745 0
1172.75 182.7 0
1161.62 313.539 0
1141.94 331.639 0
1149.93 337.44 0
1180.35 164.793 0
1166.01 409.736 0
1157.77 404.799 1
59.3394 -180.476 1
76.3804 -172.29 0
49.3662 -143.458 0
49.8752 -110.609 0
33.1495 -54.9799 1
52.4167 -10.9499 1
-1038.91 69.0949 0
-1045.36 208.453 0
-1050.19 237.582 0
220.8 -1089.97 1
238.887 -1106.1 0
246.348 -1077.34 0
290.422 -1148.62 0
300.221 -1166.24 0
249.521 -1433.4 0
253.737 -1442.53 0
252.384 -1384.57 0
225.356 -1384.49 0
334.576 -1583.38 0
