13.6024 16.017 0
12.4244 15.9742 0
5.52935 10.6356 0
10.9908 18.0203 1
69.3726 -115.597 1
220.382 -194.877 0
231.207 -247.37 0
222.202 -259.975 0
200.218 -205.1 0
211.31 -129.933 0
109.827 -12.1883 0
261.835 63.4106 0
298.129 55.8533 0
384.495 -17.4301 0
364.63 -18.9347 0
284.525 -72.8861 0
297.293 -30.1187 0
513.294 -23.1251 0
506.544 -37.6107 0
582.787 13.4706 0
586.626 76.6249 1
1052.83 -261.834 1
775.794 -402.265 0
824.589 -446.732 0
789.197 -495.318 0
744.687 -579.209 0
658.878 -548.233 0
552.318 -537.518 0
538.469 -552.026 0
554.658 -448.584 0
674.794 -435.797 0
676.459 -433.951 1
1405.59 -511.113 1
1453.9 -429.112 0
1441.39 -444.842 0
1446.21 -494.905 0
1533.26 -436.666 0
1503.13 -377.487 0
1555.35 -367.687 0
1597.25 -363.644 0
1494.69 -203.133 0
1700.22 -481.36 0
1729.39 -436.587 0
