-1.00336 36.8295 0
-11.8086 100.846 0
-24.1789 117.154 0
-70.0731 120.092 0
263.894 -60.4628 0
237.379 -60.214 0
242.747 -86.7408 0
170.437 -177.107 0
247.366 -175.552 0
-84.3553 1.78743 0
748.35 97.9561 0
709.022 55.6729 0
694.791 73.3168 0
688.438 123.768 0
691.42 112.115 0
573.599 72.2147 1
405.128 210.691 1
429.327 254.875 0
462.493 265.035 0
488.262 290.225 1
252.993 304.296 1
106.008 339.954 0
-221.436 740.763 0
-1140.61 847.028 0
-1154.91 818.302 0
-1151.29 758.67 0
-1679.58 181.151 0
-1680.67 199.231 0
-1655.35 206.33 0
-1648.95 209.861 0
-1657.49 210.328 0
-1679.73 182.837 1
31444.2 18.4772 1
