33.6449 59.1946 0
-33.3533 47.2433 0
-93.3431 72.4746 0
-119.198 66.3631 0
-104.735 22.5517 0
-150.707 36.8513 0
-182.615 23.1868 0
-233.827 28.4062 0
-246.364 75.3232 0
-236.533 121.236 0
-187.341 46.5159 0
-107.414 64.0316 0
-105.731 136.763 0
50.4706 43.2767 0
138.396 -76.2459 0
64.2023 -240.341 0
61.4327 -195.08 1
-299.567 -1270.36 0
-319.733 -1223.42 0
-330.767 -1210.27 0
-250.243 -1168.62 0
-703.815 -944.81 0
-675.507 -913.682 0
730.766 -321.545 1
722.854 -99.5468 1
750.724 -69.1147 0
1104.65 -138.035 0
1104.1 -235.827 0
1096.73 -310.382 0
1115.85 -413.716 0
1136.94 -345.622 0
1161.59 -330.348 0
1167.91 -313.507 0
963.628 -467.869 0
914.301 -414.247 0
1123.53 -215.693 0
1138.02 -240.815 0
1113.33 -323.238 0
1083.27 -329.47 0
1031.74 -333.188 0
1190.13 -387.262 0
988.943 -270.212 0
656.207 235.584 0
707.221 235.772 0
1680.02 -421.834 1
1682.82 -395.446 0
1729.55 -13.8641 0
1675.6 -3.96397 1
1691.28 -13.9902 1
1732.98 -37.2254 1
1747.3 -84.0798 1
1828.74 -95.5607 0
1828.84 -73.769 0
1793.89 -84.5437 0
1906.84 -154.662 0
1907.9 -245.088 0
1854.82 -271.264 0
1857.61 -151.775 0
1884.92 -178.849 0
1888.07 -199.629 1
2152.66 -84.0343 1
2056.65 19.7862 0
2044.6 -1.07761 0
1982.07 41.0901 1
1917.1 41.9879 1
