-132.005 45.3024 0
-131.285 114.759 0
-158.026 55.7262 0
-157.386 48.1235 0
-125.965 13.0208 0
-100.104 28.0767 0
-70.3986 40.9432 0
-83.4036 119.537 0
-91.6378 148.239 0
-52.6629 134.488 1
-144.521 316.828 1
-47.8512 189.778 0
-63.4744 201.961 0
-69.5496 239.905 0
-96.265 513.131 0
-73.9829 609.438 0
-121.244 697.844 0
-131.555 691.769 0
1.28424 393.671 0
-12.4918 506.144 0
-48.2178 557.571 0
-225.309 648.865 0
-239.291 685.779 0
-263.677 708.524 1
-300.99 698.574 1
-278.854 677.418 0
-285.956 725.877 0
-314.302 730.079 0
-266.116 704.641 0
-303.226 731.93 0
170.56 642.659 1
194.166 636.198 0
186.162 646.886 0
149.386 637.599 0
125.599 661.848 0
131.177 647.963 0
-38.6554 869.546 0
-60.822 960.776 0
-38.8145 960.055 0
-39.5881 958.219 0
-36.5129 962.744 1
7.05104 949.551 1
60.8841 942.042 0
88.2168 877.675 0
211.5 841.115 0
543.771 305.135 0
546.323 310.8 0
630.099 284.571 0
594.326 312.099 0
663.385 278.916 0
695.713 233.929 0
631.058 244.052 0
592.538 231.308 0
681.118 431.751 0
729.822 -114.606 0
768.458 -75.2247 0
741.019 -45.4308 0
669.378 0.919235 0
590.215 27.6472 0
2101.05 86.8053 0
2068.42 199.108 0
2041.58 220.928 0
1993.72 252.749 0
2021.08 392.752 0
2027.02 424.877 0
2048.12 439.939 0
2046.07 398.495 0
2082.26 409.038 1
2112.43 448.329 0
2178.41 426.867 1
4104.51 1984.03 0
4101.38 1821.33 1
4104.68 1810.94 0
4255.79 1761.71 0
4307.87 1813.5 0
4306.69 1843.7 1
3575.13 1948.37 1
3356.21 1785.28 0
3342.27 1842.05 0
3300.91 1868.07 0
3163.18 1690.93 1
3198.15 1460.81 1
3198.48 1488.64 0
3169.92 1554.11 0
2926.97 1479.63 1
-1316.6 -264.594 1
-1212.74 17.7376 0
-1531.5 721.887 0
-1442.53 726.21 0
-1459.2 725.238 0
-1455.09 763.015 0
-1479.78 837.296 0
1297.14 -318.434 1
