5.47049 -37.6577 0
-182.361 45.1356 0
-165.61 96.4837 0
-135.392 72.1797 0
-124.234 59.7175 0
-138.634 54.9611 0
-117.52 43.7419 0
-182.204 40.8641 0
-307.767 16.3053 0
-272.37 86.591 0
-225.723 269.204 0
-253.145 245.617 1
-218.16 143.365 1
-223.527 125.205 0
-191.375 141.026 0
-218.256 184.718 0
-221.711 200.395 0
-150.202 235.538 0
-175.858 241.27 0
-190.006 297.003 0
-211.936 299.902 0
-197.189 350.47 0
-178.678 437.727 0
-72.7454 236.601 0
-70.5205 273.103 0
-115.733 375.271 1
-559.025 -611.76 1
-519.036 -626.049 0
-478.428 -609.732 0
-437.518 -602.67 0
-208.31 -595.415 1
-138.59 -723.078 1
-202.432 -702.316 0
-203.945 -735.637 0
-289.869 -830.306 0
-296.712 -842.628 0
-182.986 -786.238 0
-441.597 -691.818 0
-449.846 -657.24 0
-580.739 -844 0
-516.287 -987.053 0
-430.986 -1024.61 0
-720.671 -1047.81 0
-790.942 -1048.01 0
-558.404 -974.689 0
-583.275 -960.832 0
-548.197 -938.841 0
-536.862 -995.533 0
-601.616 -1036.9 0
-562.509 -997.557 0
-1043.06 -868.858 0
-1087.51 -795.651 0
-1110.78 -828.204 0
-1080.13 -859.966 1
-71795 -487.53 1
-71786 -540.975 0
-71844.3 -502.66 0
-71821.1 -472.838 0
-71706.9 -405.237 0
-71691.6 -349.724 1
-72167.3 -141.656 1
-71532.8 -211.218 0
-71542.5 -122.698 0
-71527.1 -65.9638 0
-71423.3 -95.9674 0
-71400 -55.5381 1
-71510.2 60.2319 1
-71013.4 -327.854 0
-70944.2 -385.908 0
-70952.5 -381.252 0
-70954.8 -373.441 0
-71119.9 -284.609 1
-69347.3 707.024 1
-69394.3 1601.17 1
-69441.5 1571.74 0
-69401.7 1563 0
-69430.7 1566.18 0
