-132.372 80.2682 0
-182.874 121.258 0
-260.055 96.9315 0
-316.921 22.4288 1
395.808 -232.182 0
354.066 -220.448 1
298.898 -106.193 0
269.597 -303.272 0
252.417 -462.9 0
253.928 -471.279 0
242.952 -464.64 0
355.6 -72.3945 1
393.735 -41.9441 1
566.686 -168.405 0
620.094 -117.745 0
577.795 -115.165 0
551.819 -51.9165 0
467.33 3.54435 0
476.222 53.1276 0
521.67 109.799 0
501.855 174.787 0
571.286 201.928 0
612.029 146.835 0
554.31 125.404 0
457.246 135.128 0
440.957 147.794 0
456.795 146.803 0
1232.43 226.21 0
1311.81 149.902 0
1917.8 31.4473 0
1956.02 1.95985 1
1946.57 75.0993 1
2034.12 48.7976 0
2067.76 -61.5586 0
2268.14 -489.061 0
2376.06 -758.377 0
2426.28 -830.57 0
2458.53 -905.083 0
2487.26 -947.303 0
2444.19 -978.613 0
2467.05 -971.974 0
2493.52 -751.307 0
2444.36 -678.982 0
2475.38 -635.833 0
2490.53 -602.99 0
2588.73 -681.528 1
3430.31 -1329.06 1
3447.19 -1399.85 0
3449.09 -1396.51 0
3476.18 -1412.04 0
