-11.4628 -23.758 0
40.0695 -31.0651 0
70.5416 -62.2431 0
-455.885 97.173 0
-756.048 162.514 0
-352.09 199.761 0
-413.518 238.219 0
-376.011 233.806 0
-310.974 224.88 0
-308.335 249.363 0
528.992 -166.557 0
511.632 -164.561 0
573.093 -168.11 0
563.669 -156.268 0
601.009 -93.8543 0
598.592 -71.858 0
670.252 -41.3368 0
691.466 -14.3978 0
733.63 -9.8449 0
817.39 12.8575 0
780.758 61.2652 0
781.814 66.965 0
808.709 93.5246 0
828.568 75.8314 0
946.202 67.4871 0
375.379 97.7427 1
387.241 87.2126 0
368.735 52.2911 0
340.09 86.9039 0
682.564 29.3164 0
1352.45 -181.548 0
1362.88 -261.426 0
1386.64 -300.467 0
1491.9 -238.632 0
-1451.65 491.004 0
-1458.85 496.199 0
-1454.62 471.671 1
-2281.89 484.128 1
-2078.11 390.392 0
-2040.42 400.976 0
-1882.01 396.981 0
-1911.89 378.636 0
-1953.41 276.825 0
-1988.54 288.991 1
-8.48315 107.433 1
-38.087 1.79114 0
-42.6347 -44.3282 0
-51.9967 -104.37 0
-43.5973 -123.11 0
-46.9622 -88.41 0
-15.9742 -131.928 0
19.1221 -128.76 0
52.2408 -158.635 0
-0.792904 -127.698 0
12.7694 -58.1711 0
-24.0551 58.6447 0
-52.1966 84.8346 0
-50.2119 142.932 0
-45.6878 197.14 0
-24.4097 205.278 0
44.5469 185.518 0
58.109 211.042 0
-24.5445 254.482 0
-57.3817 315.6 0
-83.394 355.982 0
-22.7239 363.605 0
-93.1287 389.193 0
-192.783 295.645 0
-182.668 333.878 0
-175.19 309.954 1
-120.65 442.673 1
-38.7003 488.199 0
-24.2776 540.964 0
-40.3856 630.343 0
-58.7128 632.302 0
-20.2506 613.965 0
322.746 215.779 0
403.635 410.72 0
363.598 454.192 0
374.824 446.576 0
370.137 444.736 0
404.417 419.887 0
438.487 418.709 1
380.125 478.678 1
298.809 446 0
199.342 433.074 0
-317.888 200.689 0
-159.98 267.777 0
-449.321 822.584 0
-441.715 806.147 0
-547.93 686.339 0
-532.131 691.607 0
-538.952 657.33 1
40197.8 -2353.37 1
