-31.7239 49.581 0
-14.7618 77.4123 0
8.01456 138.465 0
0.989234 122.613 0
-2.08926 170.513 1
196.174 97.0439 1
179.158 66.2813 0
125.059 111.079 0
142.4 107.874 0
757.956 -67.3428 0
737.133 -107.195 0
724.733 -162.526 0
751.719 -116.04 0
710.732 -95.1292 0
655.225 22.3376 0
640.623 83.7067 0
759.547 225.041 0
739.472 218.625 0
737.119 221.077 0
735.345 230.169 0
711.626 221.274 1
721.903 2.56071 1
705.326 0.747608 0
724.366 -27.25 0
758.743 -70.6231 0
680.493 28.4377 0
647.093 229.625 0
675.216 195.318 1
680.198 7.23717 1
683.507 34.6694 0
681.683 51.3653 0
746.041 132.57 0
756.964 177.829 1
763.224 62.6027 1
738.816 81.6881 0
733.388 94.8187 0
687.159 132.406 0
652.274 136.256 0
641.312 131.245 0
642.763 126.208 1
1085.36 51.1542 1
1081.16 38.905 0
1189.86 26.2102 0
1209.19 -70.9442 0
1183.48 -15.4686 0
1170.09 365.221 0
1144.06 377.161 1
1273.91 210.855 1
1212.72 223.634 0
1262.52 152.856 0
1540.28 279.473 0
1524.55 254.68 0
1517.22 249.943 0
1275.08 103.47 0
1099.19 49.8885 0
