-201.371 -35.5036 0
-238.581 -88.1438 0
-245.838 -132.018 0
-254.701 -143.58 0
-208.167 -121.699 0
-242.586 -82.3955 0
-390.994 -89.0488 0
-535.49 -31.5177 1
2196.72 805.306 1
2147.04 964.37 0
2241.67 971.829 1
2278.64 440.645 1
2255.51 454.073 0
2189.47 531.997 0
2105.91 509.545 0
2070.39 489.071 0
2075.89 510.356 0
2032.41 544.727 0
2014.56 595.958 0
2172.9 630.98 1
1177.28 112.41 1
1324.47 152.82 0
1494.65 335.604 1
1473.74 890.481 1
1661.15 660.299 1
1687.04 620.002 0
1196.96 92.8392 0
1203.16 92.1704 0
1236.72 126.241 0
1215.61 118.421 0
799.707 143.163 0
770.98 219.59 0
759.265 336.879 0
761.919 380.107 0
853.747 439.293 0
818.813 474.598 0
829.319 548.986 1
805.125 533.817 1
813.22 532.093 1
4912.11 1020.98 1
4921.06 1090.47 0
4868.56 1078.36 1
4721.91 1033.81 1
4778.83 1043.15 1
4573.05 1001.32 1
5619.17 599.149 0
5972.29 177.773 0
5776.08 604.035 0
5712.1 750.133 0
5682.1 862.172 0
5620.98 919.617 0
5559.24 928.935 0
5537.04 920.775 0
5541.49 906.44 1
6072.18 -122.989 1
6032.68 -149.32 0
6047.43 -167.681 0
5893.83 -511.046 0
5900.05 -531.681 0
6037.13 -470.303 0
6354.34 -965.208 0
5409.06 -869.423 0
5472.1 -914.452 0
5484.19 -978.258 0
5501.49 -896.401 0
5496.1 -835.83 0
5521.26 -774.068 1
5445.13 -781.526 1
5542.36 -762.059 0
5580.36 -741.799 1
10294.4 -904.64 1
9973.97 -876.738 0
10012.4 -838.942 0
10090.7 -646.948 1
10093.7 -518.804 1
10155 -309.459 1
10201.7 -183.763 0
10165.1 -414.03 1
10171.4 -402.844 0
10127.8 -372.209 0
10135.1 -337.837 0
10143.1 -251.099 0
10176.4 -191.897 1
10081.3 -195.196 1
10050.3 -177.894 0
9981.5 -178.294 0
9965.94 -211.469 0
10028 -224.441 0
10017.2 -193.167 0
9972.2 -157.297 0
9975.45 -84.4262 1
10173.5 -574.118 1
10196.3 -596.315 0
10196.7 -589.352 0
10154.4 -637.215 1
10026.5 -596.063 1
10040.8 -509.012 0
9986.45 -528.866 0
9932.97 -485.817 0
9942.64 -388.858 0
9982.64 -355.949 0
10001.3 -299.381 0
10009.9 -266.149 0
10039.9 -198.552 1
10116.2 -203.505 1
10121 -74.7975 0
10048.6 -34.9219 0
10042.9 -22.3402 1
10088.1 -70.2783 1
10135.7 -163.898 0
10134.6 -160.652 0
10065.5 -98.3619 0
10077.2 -67.9286 0
10086.2 -57.1484 1
11814.6 761.513 1
