-14.1841 9.23156 0
-11.1828 61.693 0
-53.5156 84.2356 0
-71.5991 121.716 0
-50.6391 156.754 0
-29.4821 138.007 0
10.2961 131.849 0
17.6863 33.2364 0
52.5353 81.8162 0
51.0785 37.223 0
36.242 48.9566 0
17.1615 77.5612 0
3.68235 280.857 0
-34.5294 311.963 0
-51.1241 298.272 0
-6.11903 327.923 1
92.9121 208.407 1
127.031 234.054 0
-169.067 415.444 0
84.4682 446.393 0
126.788 466.363 0
54.2275 461.723 0
108.484 421.17 0
124.757 379.817 0
275.567 393.628 0
384.097 241.307 0
341.187 201.909 0
406.821 196.456 0
418.258 116.334 0
558.447 126.554 0
606.352 117.345 0
651.813 125.323 0
541.994 136.882 0
520.784 153.524 1
549.465 118.229 1
509.884 156.239 0
509.13 169.017 0
517.077 195.771 0
535.662 257.309 0
606.008 295.751 0
701.339 226.073 0
743.109 160.029 0
792.836 93.9258 0
804.602 63.459 0
896.291 186.039 0
880.705 202.602 0
936.764 113.777 0
947.721 80.8443 0
973.817 37.1604 0
1018.49 58.794 0
1073.91 66.154 0
3250.6 -237.615 0
3006.49 -315.574 0
2978.07 -186.975 0
3051.56 -119.099 0
2987.95 311.373 0
2972.89 263.738 0
2873.5 213.959 0
2802.56 105.593 0
2828 -116.705 0
3802.71 -218.853 0
