3.07244 -5.91411 1
110.734 324.702 1
114.514 329.132 0
98.2283 332.891 0
104.948 361.48 0
150.515 405.019 0
186.488 458.743 0
195.065 555.606 0
165.457 616.261 0
169.835 651.109 0
85.7366 676.914 0
99.7824 681.526 1
201.702 647.595 1
95.1394 661.391 0
149.042 652.967 0
116.87 610.576 0
153.357 605.967 0
93.1685 624.769 0
107.666 609.401 0
147.81 661.124 0
111.619 734.783 0
90.3431 846.054 1
193.92 893.69 0
156.758 940.558 1
184.969 1252.38 0
272.704 1207.61 0
405.914 595.6 0
393.756 637.36 0
316.318 655.882 0
404.191 689.741 0
299.306 486.043 0
279.513 472.842 0
409.185 352.701 0
407.695 291.631 0
543.148 281.193 0
512.328 303.99 0
498.447 338.718 0
489.905 358.94 0
466.877 417.253 0
481.609 484.479 0
443.728 601.448 0
416.263 647.695 0
425.717 719.858 0
442.806 769.483 0
447.786 841.226 0
509.601 866.731 0
454.014 905.051 0
473.443 929.292 1
-767.295 511.904 1
-985.43 487.248 0
-955.598 530.602 0
-1039.19 542.564 0
-849.214 592.91 0
-845.018 593.185 0
-1159.71 452.01 0
-1220.58 447.6 0
-1217.83 480.955 0
-1259.41 513.43 1
3087.61 540.308 1
3061.15 533.99 0
3034.92 463.197 0
2980.31 501.923 0
2986.66 517.22 0
2921.28 650.951 0
2859.95 691.87 0
2873.32 753.585 0
2813.11 892.438 0
2714.24 966.03 0
2807.15 710.576 1
3030.53 671.21 0
3043.14 626.734 0
3065.82 613.316 0
3051.08 650.862 0
3046.31 719.245 0
3046.23 720.65 0
3016.46 734.583 0
3050.67 678.687 0
3112.22 649.838 0
3224.47 503.922 0
3283.24 431.644 0
3557.72 282.034 0
3440.69 241.948 0
3439.54 245.818 0
3428.99 246.483 0
