-5.32981 -46.2049 0
18.0259 71.4536 0
11.3836 84.2829 0
22.8106 153.585 0
1.59432 165.923 0
1.61014 183.405 0
-14.8115 154.844 0
-54.3121 83.301 1
168.277 -199.122 1
202.447 -168.135 0
283.368 -141.072 0
267.274 -61.4047 0
422.931 -217.029 0
401.353 -223.227 0
382.353 -197.909 0
494.724 -413.185 0
785.142 -515.928 0
735.891 -545.494 0
683.165 -603.708 0
661.395 -617.647 0
691.699 -551.605 0
654.617 -495.625 0
672.044 -434.229 0
120.85 -172.625 0
124.338 -165.237 0
140.365 -164.338 1
-761.127 -478.818 1
-679.668 -444.675 0
-658.123 -443.888 0
-651.221 -439.981 0
-2139.16 94.799 0
-2191.78 127.468 0
-1760.57 65.0417 0
-1826.09 104.648 0
-1832.33 270.974 0
-1851.61 291.1 0
-1865.18 296.813 0
-2013.36 224.708 0
-2020.52 244.182 1
-24394.4 14032.2 1
-19994.6 13227.4 1
