-78.1392 54.7966 0
16.7161 61.8038 0
-275.425 247.678 0
-245.665 320.46 0
-649.443 112.447 1
-650.247 130.295 0
-683.709 80.5442 0
-1356.15 1628.13 0
-1237.54 1455.61 0
-1277.67 1479.86 0
-1298.06 1518.61 0
-1361.66 1573.77 0
-870.889 1226.55 0
-1231.49 1454.64 0
-1233.71 1455.85 1
-1265.83 1465.68 1
-1335.58 1534.1 0
-1429.4 1490.24 0
-1154.31 1410.42 0
-1185 1446.09 0
-1267.52 1458 1
-1275.71 1490.05 1
-1290.07 1465.8 0
-1281.52 1471.13 0
-995.174 1799.9 0
-941.736 1810.39 1
-1124.99 1170.17 1
-1103.71 1181.11 0
-1150.52 1281.28 0
-1072.36 1220.24 1
-993.056 1214.72 1
-3938.56 962.787 0
-4028.3 976.143 0
-4036.97 1037.41 0
-4085.63 1065.21 0
-4058.69 1081.51 0
-4171.56 1089.36 0
-4141.49 1115.35 0
-4144.05 1126.07 1
-8512.74 1500.01 1
-8483.72 1484.23 0
14609.5 1046.75 0
14479.2 1020.83 0
14543.6 1083.11 0
14519.6 1071.32 1
14538.6 1008.31 1
14525.2 1011.13 0
14519.3 1041.65 0
14549.7 1052.28 0
14489.7 1058.96 0
14538.6 1044.7 0
14563.2 1036.43 0
14630.4 1050.91 0
14633 1036.31 0
14635.4 1020.94 0
14624.2 1026.57 1
14615.7 982.506 1
14628.5 978.26 0
14622.8 993.671 0
14636.8 1010.12 0
14668 1013.99 0
14713 1052.75 0
15210.6 1203.22 0
15154.5 1179.58 0
15096.3 1077.29 0
15043.5 1233.45 0
15088.8 1359.9 0
15111.5 1444.51 1
14090.5 1476.27 1
14181.7 1461.77 0
14196 1445.41 0
14214.7 1450.21 0
14199 1524.22 0
14307 1402.11 1
13855.1 1525.32 0
13826.2 1557.26 1
13785.5 1517.52 1
13775.4 1501.98 0
13782.2 1507.05 0
14441.7 1759 0
14511.5 1711.72 0
14550.9 1563.4 0
14534.7 1554.63 0
14539.1 1597.45 0
