-52.1194 45.3087 0
-129.587 97.853 0
-149.317 184.466 0
-139.608 202.39 0
-106.614 118.112 0
-115.692 214.183 0
-73.1724 166.789 0
18.9649 70.7566 0
-47.2986 92.7732 0
-77.3703 79.3644 1
-178.598 74.967 1
-204.997 143.415 0
-197.929 302.903 0
-190.057 332.491 0
-188.244 374.934 0
-145.185 352.343 0
-200.744 322.609 1
-37.0464 220.603 1
-404.639 681.563 0
-456.088 755.922 1
730.276 -911.039 1
-708.758 509.35 0
-12822.1 16625.4 0
-12804.8 16718 0
-11971.4 16580.5 0
-11876.4 16492.7 1
-11949.8 16445.1 1
-11923 16410.9 0
-11736.3 16289.7 0
-11701.6 16219.7 0
-11593.7 16087.9 0
-11614.9 16100.4 0
-11619.1 16139.2 0
-11659.6 16224.7 0
-11731.7 16199.5 0
-11700 16162.5 0
-11662.5 16168.3 0
-11530.1 16159.3 1
-11537.4 16157.8 1
-11549.5 16170.9 0
-11546.4 16181.5 0
-11551.8 16184.2 0
-11492.4 16335.2 1
-11464.6 16347.9 0
-11452.7 16351.2 1
-11446.2 16306.9 0
-11340.5 16334 1
-11264.6 16256.2 1
-11378.7 16199.5 0
-11465.7 16120.4 0
-11375.8 16087.4 1
-11385.4 16078.4 1
-11415.9 15812.2 0
-11406.5 15818.4 0
-11355 15855.4 0
-11333.8 15937.6 0
-11284.7 15941.6 0
-11305.6 15987.4 0
-11283.1 16018.1 0
-11283.4 16013.2 0
-11267.1 16000.7 0
-11260.4 15944.8 0
-11340.7 15924.7 1
-12188.5 15858.1 1
-12235.2 15904 0
-12251.4 15932.6 0
-12712.9 16310.6 0
-12668.9 16331.8 1
-12635.8 16235.3 1
-13379.9 16187 1
-14203.9 16144.5 1
-13898.3 16284.3 0
-13846.6 16282.9 1
-14458.2 16301.3 1
-14406.3 16413.5 0
-14845.6 15743.1 1
-14963.4 15719 0
-15069.3 15845.5 0
-15059.3 15852.9 0
