-44.346 41.0283 0
-115.364 91.2883 0
-134.532 170.335 0
-126.284 189.722 1
-56.7761 -172.625 1
-68.2546 -142.231 0
-33.9984 -186.386 0
7.45242 -219.972 0
-22.3644 -191.299 0
-52.2314 -196.767 1
-138.828 -193.358 1
-153.62 -142.832 0
-153.628 -17.5501 0
-146.76 13.6637 0
-146.659 64.6259 0
-115.172 60.119 0
-165.267 40.0381 1
511.615 -520.779 1
-530.865 524.222 0
-620.645 647.11 0
1798.37 -2162.48 0
1752.45 -2090.66 0
1729.4 -2089.61 0
1714.74 -2039.7 0
1717.69 -1955.19 0
1715.38 -1881.54 0
1712.2 -1829.66 0
1726.45 -1799.84 0
1800.31 -1795.65 0
1808.44 -1846.81 1
1810.44 -1819.75 1
1811.93 -1806.72 0
1831.8 -1772.39 0
1815.58 -1755.44 0
1754.97 -1780.02 1
