-123.488 8.73183 0
-60.1599 18.9417 0
-413.532 88.0448 0
-398.646 224.667 0
-337.357 351.184 0
-523.495 263.536 0
-607.2 190.119 0
-567.688 245.953 0
-526.722 341.578 1
93.2096 150.301 1
122.162 77.4426 0
178.399 61.0676 0
182.384 35.1391 0
197.904 11.4392 0
104.91 -106.293 0
92.2025 -153.051 0
66.7493 -157.237 0
9.40371 -25.0232 0
-26.1136 36.0686 0
85.803 186.108 0
193.943 436.172 0
227.403 474.8 0
250.347 504.813 0
276.844 515.638 0
235.018 574.684 0
235.49 668.44 0
260.807 650.197 0
87.2834 609.485 0
-802.738 1108.69 0
-458.494 1011.59 0
-376.766 877.392 1
-436.061 805.822 1
-1643.17 2213.47 0
-1527.25 1937.72 1
-1520.45 1928.54 0
-1486.43 1889.67 0
-1491.1 1857.94 0
-1460.04 1828.38 0
-1465.21 1791.36 0
-1527.29 1867.21 1
-1426.51 2088.89 1
-1456.34 2069.28 0
-1585.01 2134.68 0
-1625.78 2119.84 0
-1909.3 2111.74 0
-1687.01 2185.59 0
-1549.4 2058.35 0
-1523.36 2085.95 0
-1518.44 2026.61 0
-1526.74 1973.18 1
984.369 3238.48 1
1184.84 518.235 1
1110.47 464.065 0
