-28.0885 28.8119 0
-12.5006 51.5117 0
-51.2985 112.442 0
-50.7685 153.255 0
-42.2384 187.939 0
-18.4415 178.864 0
-3.63309 124.374 0
-83.1243 139.456 0
-93.9298 160.387 1
-54.3794 36.6311 1
-67.982 52.6032 0
-46.9799 41.5082 0
-40.7973 164.771 0
-26.2999 324.925 0
43.2649 305.058 0
47.8211 295.116 0
62.0668 394.729 0
33.1754 465.201 0
-14.6138 487.419 1
-2376.12 2316.76 1
-2431.8 2533.64 0
-2429.49 2506.55 0
-2469.04 2476.86 1
-2489.85 2506.09 1
-2479.68 2515.84 1
-2445.86 2273.17 1
-2378.22 2261.8 1
-1117.54 845.368 1
-1117.55 774.227 0
-1188.63 790.056 0
-1173.76 739.812 0
-1114.47 637.233 0
-1100.87 634.847 0
-1029.01 609.101 0
-986.389 586.11 0
-999.451 653.234 0
-992.533 666.381 0
-985.266 690.029 0
-972.464 707.683 0
-1406.15 1072.93 1
-1324.97 1091.72 0
-1231.8 1149.48 1
-6806.6 5336.31 1
-6809.47 5430.01 0
-6853.95 5441.64 0
-6863.7 5440.08 0
-6860.26 5437.05 0
-6834.22 5436.92 0
-6804.15 5455.83 0
-6809.41 5450.09 0
-6864.12 5013.86 1
-6843.6 5001.84 0
-6281.91 5181.15 0
-6156.63 5183.56 0
-6202.86 5235.4 0
-6167.26 5201.36 1
-5466.23 5090.95 1
-5516.19 4969.91 0
-5614.28 4882.27 0
-5575.28 4897.46 0
-5371.66 4872.61 0
-5269.42 4968.34 0
-5255.4 4931.54 0
-5279.48 5011.42 0
-5236.29 5014.23 0
-5002.87 5094.2 0
-4992.51 5142.42 0
-4957.01 5213.16 0
-4959.41 5254.35 0
-5080.08 5287.02 0
-4688.89 5203.04 0
-4730.98 5181.98 0
-4708.05 5161.56 0
-4710.23 5158.18 0
-4707.26 5169.97 1
-4706.84 5227.14 1
-4707.3 5217.79 0
-4760.95 5275.85 0
-4936.8 5123.6 0
-4475.19 5406.31 0
-4546.77 5409.18 0
-4509.19 5454.73 0
-4505.23 5431.56 0
-4384.7 5593.91 0
-4342.88 5590.75 0
-4296.39 5649.51 0
-4111.76 5499.71 0
-4062.85 5534.28 0
-4112.71 5614.09 0
-4151.61 5672.35 0
-4180.61 5724.9 1
-4200.84 5670.84 1
-4173.48 5709.02 0
