-12.8964 -55.8318 0
163.3 -170.624 1
240.505 -116.881 1
272.244 -81.9616 0
307.108 -18.8017 0
298.627 1.56226 0
61.9323 -228.484 0
42.9106 -289.503 0
106.443 -300.146 0
120.916 -262.222 0
97.1941 -176.058 1
87.9301 -134.206 1
83.8495 -49.3797 0
86.1526 -30.3713 0
115.443 -67.2615 0
83.4166 -92.5588 1
1598.59 -116.037 1
1680.27 -89.845 0
1680.96 -79.6568 0
1667.17 -74.0524 0
1690.07 -46.5694 0
1803.39 4.53505 0
1688.09 19.9281 0
1639.6 7.39818 0
1611.52 -77.8502 1
1914.85 -136.647 1
1925.18 -164.238 0
1922.81 -180.435 0
1923.99 -179.422 0
1955.06 -169.354 0
2001.6 -167.87 0
2162.97 -109.077 0
2146.65 -3.14963 0
2233.84 68.0933 0
2330.32 25.5311 0
2341.32 7.25273 0
2230.66 -66.2072 0
2212.03 -64.3394 0
2150.06 -47.0382 0
2138.83 -40.5636 0
2082.37 -49.3125 0
1996.2 -3.1766 0
1956.19 -136.298 0
1911.61 -287.863 0
1922.83 -270.995 0
1935.28 -140.71 0
1952.58 -45.0652 0
1994.23 -31.8893 0
1975.07 30.8091 0
2029.32 100.489 0
2078.13 164.278 0
2079.06 223.761 0
2059.54 338.322 0
2003.54 336.741 0
1877.81 295.923 1
1906.28 344.108 1
1752.57 -404.573 0
1752.18 -407.65 0
1755.56 -378.473 0
1728.5 -323.269 0
1528.91 -336.105 0
1364.95 -292.801 1
1272.68 -395.918 1
1204.21 -459.972 1
1201.29 -433.791 1
1195.76 -415.298 1
13037.8 1929.65 1
12994.2 1929.2 0
12965.4 1883.04 0
12836.6 1905.08 0
12767.9 1918.97 0
12824.5 1898.43 0
12741 1880.17 0
13633.6 2292.79 0
13598.4 2220.43 0
