-15.8866 -32.8679 0
-42.518 -48.0494 0
-34.6679 -3.53172 0
-15.3918 18.5066 0
-19.4809 33.792 0
-45.8332 54.4128 0
-3.18492 94.8959 0
10.8305 141.338 0
25.561 163.99 0
36.7699 199.292 0
501.335 -46.4925 0
521.667 34.2236 0
535.133 75.3658 0
527.639 70.02 0
456.086 -19.0063 0
452.033 -11.8292 0
421.218 21.6307 0
496.529 41.4051 0
532.792 48.4907 0
732.062 -135.293 0
828.809 -137.203 0
787.618 -62.5698 0
723.995 -105.346 0
700.621 -53.4609 0
649.324 -60.1371 0
530.547 -88.1042 1
2114.58 -21.7016 1
2174.37 -137.012 0
2156.87 -154.889 0
2080.09 -134.518 0
2027.45 -148.628 0
1933.96 11.7919 0
1897.77 20.8433 0
1902.12 55.8405 0
1937.95 94.9807 0
1994.4 137.165 0
2038.94 98.373 0
2033.34 114.134 0
2113.28 -23.4159 0
2076.46 -39.7274 0
2100.73 -89.3402 0
2085.49 -114.112 0
2101.51 -106.227 0
2020.43 -4.93301 0
2095.16 -16.1347 0
2158.01 136.589 0
2190.57 186.386 0
2207.62 219.387 0
2161.2 190.152 1
2132.21 187.08 1
2076.8 220.268 0
2087.36 230.742 0
2111.76 202.64 0
2158.18 119.639 0
2131.06 143.454 0
2111.49 138.389 0
2255.23 97.7535 0
2164.47 35.8962 0
2138.86 2.86226 0
2017.32 28.1273 0
2366.76 143.122 0
2494.54 419.541 0
2308.32 414.246 1
2316.59 429.904 1
2355.36 443.527 1
2402.85 451.528 0
2392.02 432.582 0
2438.41 425.125 1
2413.83 -67.6899 1
1839.59 480.298 0
1916.82 398.104 0
1909.93 361.918 1
1916.58 422.684 0
1849.74 472.853 0
1269.65 767.828 0
1649.44 741.986 1
1134.93 925.393 0
1124.27 999.83 0
1032.77 1060.95 0
1061.63 1085.74 0
1645.88 932.099 0
1531.82 955.486 1
1605.74 926.302 1
1609.15 910.484 0
1576.6 880.369 0
727.673 870.551 0
737.393 805.299 0
757.094 796.883 0
710.997 754.447 0
663.26 732.277 0
574.86 824.64 1
626.38 843.387 1
650.135 935.226 0
692.739 1007.35 0
723.176 1063.68 0
1006.48 1620.28 0
1353.82 1935.08 0
1457.28 2014.72 0
1433.69 2070.33 0
1466.27 2132.73 0
1454.4 2172.94 0
1460.34 2209.33 0
-1480.2 -37.5063 0
-1493.52 -37.9179 0
-1458.57 43.1886 0
-1462.48 56.3411 1
-1928.06 185.923 1
-1933.25 262.691 0
-1744.98 -59.8883 0
-1700.35 -95.7224 0
-1751.3 -109.728 0
-1736.65 -81.2817 1
-1698.25 -50.4588 1
-1740.03 -82.487 0
-1755.07 109.031 1
-1707.41 175.98 1
-1710.84 176.263 1
-1768.45 224.133 0
-2004.89 400.187 0
-1948.77 390.421 0
-1950.6 388.281 1
-2081.01 308.795 1
-1953.83 408.828 1
-1939.15 426.821 1
-9916.48 2534.94 1
-9860.18 2462.66 1
-294146 -6862.76 1
-294115 -6892 0
-294646 -6935.61 0
-294723 -6924.9 0
-294723 -6965.93 0
-294420 -6944.84 0
-294411 -6949.89 0
