-2.08192 -33.9061 0
-29.7227 -20.4427 0
-6.54705 231.857 0
19.109 275.791 0
46.9755 254.576 0
64.1974 290.24 1
31.4362 295.204 1
34.8391 376.331 0
2.13209 533.141 0
46.7755 602.8 0
177.972 639.835 0
-125.141 494.383 0
93.8635 623.416 0
163.974 605.667 0
197.123 546.963 0
166.119 424.279 0
-330.398 505.225 0
-265.1 368.264 0
-256.829 349.355 0
-455.244 165.601 0
-437.377 214.597 0
-492.641 222.778 0
-487.371 194.085 0
-481.01 212.978 0
-367.521 180.635 1
-405.951 106.808 1
-307.744 114.253 0
-323.432 183.723 0
805.584 346.299 0
780.762 213.332 0
727.833 93.9114 0
701.674 86.3168 0
664.89 109.273 0
613.023 202.162 0
624.471 216.27 0
626.918 252.106 0
658.802 325.936 0
768.124 523.47 0
822.842 531.066 1
778.081 900.136 1
756.017 769.822 0
759.002 809.427 0
772.868 837.816 0
950.664 865.059 0
835.238 950.054 0
634.66 1118.77 0
668.029 990.255 0
668.823 911.274 0
694.737 923.415 0
964.108 678.879 0
786.312 778.46 0
763.034 876.07 0
738.81 940.543 0
892.775 1051.46 0
909.875 1067.59 0
880.311 1126.98 0
812.834 1133.76 0
745.954 1082.87 0
728.827 1089.64 0
744.243 1087.59 0
781.964 1070.63 0
852.115 1063.58 0
886.903 1066.6 1
867.055 983.077 1
2461.3 1894.17 0
2330.16 1083.99 0
2308.72 1395 0
2233.22 1444.38 0
2251.69 1447.42 0
2215.47 1466.46 0
2182.64 1431.85 1
2153.63 1488.48 1
2157.11 1331.98 0
2133.24 1311.57 0
2139.18 1246.93 0
2804.56 1413.86 0
2897.62 1392.38 0
2904.79 1374.62 0
