82.8406 15.8287 0
-2.68699 25.9241 0
41.2515 55.1074 0
30.9978 10.8765 0
-76.8725 -26.076 0
29.0824 -121.183 0
-59.3172 -48.9681 0
-12.662 26.0285 0
39.1644 -2.59318 0
80.0847 2.98912 0
64.7195 51.2567 0
105.159 -21.7269 0
168.918 1.44986 0
255.561 -41.7928 0
231.849 -21.074 0
1383.83 -348.6 0
1382.28 -383.614 0
1355.55 -492.782 0
1284.47 -450.611 0
1237.56 -435.109 0
1186.88 -385.218 0
1071.92 -344.823 0
771.318 -161.383 0
716.955 -63.7009 0
752.457 -27.4222 0
827.927 0.809439 0
884.372 19.1369 0
952.905 10.8454 0
1040.76 -19.3563 0
1258.93 -46.516 0
2002.74 -474.21 0
2028.44 -557.405 0
1996.05 -595.203 0
1949.75 -591.762 0
1936.44 -599.371 0
2072.31 -591.761 0
2115.83 -615.599 0
2067.94 -541.265 0
2411.69 -327.989 0
2457.9 -276.088 0
2285.99 -207.406 0
1635.48 285.956 0
1567.97 310.975 1
2670.01 547.962 1
2794.69 296.004 0
2578.58 431.537 0
2604.15 502.222 0
2698.62 535.292 0
2681.04 594.44 0
2684.86 612.393 0
2680.02 582.261 0
2690.22 608.386 0
2674.3 635.018 0
2670.5 645.057 0
2625.85 707.016 0
2599.22 739.735 0
2626.38 701.526 0
2579.55 632.08 0
2614.64 551.363 0
2631.56 662.386 0
2547.27 1297.39 0
2659.25 1324.37 0
2684.7 1368.82 0
2573.52 1436.78 0
2483.71 1705.28 0
2543.6 1598.86 0
2547.36 1659.48 0
2565.18 1702.04 0
2783.32 1716.85 0
2809.99 1831.87 0
2760.39 1862.53 0
2707.89 1948.04 0
2603.3 1945.08 0
2611.71 1942.84 0
2513.6 1608.5 0
2542.18 1580.04 0
2551.94 1576.81 1
1952.03 1504.94 1
1946.38 1516.3 0
1909.51 1513.82 0
1922.83 1569.47 0
2074.22 1566.81 0
2263.23 1420.29 1
1257.83 1538.47 0
1220.8 1584.91 0
1511.46 1784.3 0
1854.8 1726.45 0
1869.76 1738.32 0
1758.24 1710.4 0
1776.26 1700.99 0
1750.55 1670.75 0
1755.46 1737.37 0
1721.06 1759.77 0
1635.6 1766.48 0
1628.78 1764.24 0
1698.88 1843.38 0
1714.94 1873.03 0
1703.22 1871 0
1840.19 1831.88 0
1374.79 1885.44 1
1267.78 1898.99 0
1367.07 1884.23 0
1590.1 1773.19 0
1529.37 1774.96 0
804.215 1677.25 0
821.146 1668.97 0
863.253 1670.8 0
941.887 1682.13 0
1023.72 1708.64 0
1056.64 1719.92 1
921.118 1738.3 1
888.481 1823.84 0
902.562 1849.61 0
840.336 1867.47 0
896.854 1924.94 1
737.373 1914.85 1
899.585 1773.4 0
578.58 1907.14 0
574.947 1896.29 0
567.237 1861.16 1
570.881 1855.45 1
1538.29 1718.66 0
1548 1699.41 0
1964.76 1053.46 0
1964.07 1116.64 0
1970.36 1165.14 0
1908.97 1200.04 0
1945.48 1284.68 0
1956.05 1341.54 0
1933.21 1393.85 0
1933.05 1435.16 0
1930.72 1504.9 0
