-7.69082 98.0438 0
-51.5328 121.949 0
-67.7742 153.532 1
1420.2 -2479.46 1
2487.04 1147.68 0
2531.6 1017.52 0
2446.82 991.942 0
2430.73 928.254 0
2346.79 897.625 1
1728.06 969.068 1
2186.28 894.229 0
2120.25 914.1 0
2143.42 849.649 0
2020.1 724.16 0
1991.01 746.962 0
1985.24 809.997 0
1985.6 928.815 1
-1297.56 -1491.59 1
-858.14 -1786.73 0
-837.145 -1694.83 0
-833.164 -1595.37 0
-772.566 -1581.21 1
-713.385 -1793.77 1
-715.72 -1797.5 0
-726.297 -1801.36 0
-759.562 -1576.6 0
-798.268 -1545.58 0
-834.75 -1457.78 0
-853.571 -1416.07 0
-868.076 -1377.96 0
-858.604 -1283.09 0
-787.459 -1241.55 1
-887.756 -1279.06 1
-901.943 -1357.92 0
-822.696 -1277.25 0
-766.528 -1324.32 0
-796.439 -1308.97 0
-818.642 -1236.74 0
-832.31 -1156.61 0
-858.514 -1049.17 0
-900.499 -1050.06 0
-582.529 -1252.07 0
304.185 -1600.94 0
350.987 -1718.4 1
387.918 -1717.63 0
233.133 -1618.41 0
195.296 -1467.08 0
418.225 -1774.52 0
205.534 -1445.02 0
288.24 -1334.25 0
333.904 -1200.5 0
350.356 -1130.34 0
362.736 -1145.4 0
356.967 -1142.67 1
204.565 -1183.89 1
379.372 -941.405 0
311.666 -1707.81 0
315.433 -1676.91 0
415.355 -1549.04 0
476.155 -1442.66 0
427.023 -1406.91 0
369.416 -1355.94 0
367.728 -1343.05 0
222.109 -1325.72 0
189.241 -1282.09 1
227.211 -945.283 1
-194.912 -416.891 0
-219.709 -402.235 0
-301.842 -503.656 0
-147.853 -615.064 0
290.469 -931.654 0
313.044 -948.8 1
560.145 -1156.78 1
