306.845 -129.824 0
315.17 -102.539 0
328.515 126.673 0
308.117 -3.54515 1
261.258 80.4307 1
303.451 110.19 0
267.899 123.427 0
183.295 163.822 0
320.708 194.514 0
526.651 62.6533 0
540.378 73.7621 0
382.325 360.707 0
376.881 336.168 0
368.091 275.011 0
665.891 155.52 0
691.814 139.317 0
945.593 26.5384 1
949.953 13.2498 0
1087.8 -734.992 0
1086.82 -740.462 0
972.86 -55.6019 0
989.974 -3.33511 0
1019.56 61.8746 0
1042.31 40.4299 0
1073.38 4.79829 0
1097.05 -4.33604 0
1090.07 36.0928 0
1090.35 -4.87727 0
1118.01 -87.8557 0
1044.29 -89.902 0
1039.55 -68.4108 0
1010.59 -76.8623 1
1052.38 -130.277 1
1043.24 -75.03 0
1063.66 -82.0257 1
1396.26 -581.829 1
1308.24 -417.797 0
1319.96 -441 0
1204.19 -413.584 0
1198.86 -460.527 0
1326.5 -528.684 0
1330.6 -532.087 0
1417.64 -545.422 0
1472.14 -576.87 0
1473.8 -567.079 0
1334.98 -301.799 0
1396.47 -486.403 0
1440.41 -635.444 0
1558.77 -653.603 0
