-257.563 258.019 0
98.6823 156.221 0
149.278 124.515 0
-390.449 803.624 0
-300.511 875.7 1
-254.319 898.146 0
507.839 199.339 0
502.066 189.505 0
406.5 168.619 0
312.06 144.725 0
277.194 212.377 0
299.198 205.414 0
283.975 227.52 0
260.833 226.358 0
243.831 215.801 0
204.748 253.009 0
179.749 317.772 0
142.573 465.862 0
142.429 569.704 0
25.2613 514.252 0
30.7422 500.433 0
67.2283 538.314 1
236.682 499.569 1
1065.24 -145.467 0
1838.09 -573.526 0
1825.14 -646.571 0
1854.67 -403.657 0
1857.76 -372.228 0
1916.67 -417.973 0
1929.39 -415.635 0
1954.87 -426.302 0
1617.95 -417.966 0
1645.57 -495.714 0
2332.55 -951.32 0
2397.77 -976.011 0
2131 -1059.37 0
2166.84 -1070.49 0
2223.02 -1020.39 0
2312.21 -968.286 0
6448.31 -2441.92 0
6346.54 -2422.45 0
6313.89 -2421.89 0
