-175.628 217.336 0
-128.894 465.923 0
-5.91969 244.478 0
12.0331 197.813 0
-331.873 560.794 1
-298.08 529.357 1
-355.108 560.299 1
200.37 411.167 0
234.968 472.672 0
185.816 450.746 0
218.411 456.316 0
395.297 381.875 0
246.422 413.58 0
283.808 441.054 0
329.33 423.142 0
326.962 415.982 0
408.571 366.188 0
392.331 322.217 0
419.879 319.123 0
372.753 309.885 0
363.45 268.341 0
331.057 237.269 0
322.455 238.78 0
376.942 241.856 0
359.117 245.812 1
-298.264 225.294 1
-220.389 232.993 0
-183.677 202.173 0
-201.57 246.639 0
-210.486 308.575 0
-144.467 332.071 0
-259.582 378.167 0
-106.422 371.872 0
-112.869 413.736 0
-113.575 457.716 0
-118.585 489.766 0
-134.946 541.445 1
784.786 -885.419 1
803.627 -895.314 0
793.472 -921.739 0
827.531 -964.851 0
749.817 -981.219 0
752.46 -1013.61 0
726.713 -993.758 0
701.826 -985.384 0
707.614 -923.262 0
776.181 -626.657 0
705.125 -633 1
