3.08849 8.65534 0
9.08488 -2.2013 0
302.426 -82.8806 0
369.364 -15.8366 1
373.98 -214.304 1
360.738 -224.588 0
347.218 -198.663 0
344.573 -102.088 0
342.477 -57.4241 0
344.393 -52.8489 0
1140.26 -161.778 0
1185.28 -47.8048 1
1305.19 -167.507 1
1210.76 -144.678 0
1136.04 -120.374 0
1125.52 -79.5861 0
928.905 -227.968 0
994.308 -170.221 0
997.964 -143.8 0
1053.78 -101.716 0
927.02 -147.27 0
938.795 -160.246 0
1028.73 -166.911 0
1081.39 -117.85 0
1144.93 -111.923 0
1169.96 -123.326 0
1107.18 -24.5386 0
1116 20.4324 1
1150.01 -59.8473 1
1165.74 -79.2914 0
1182.52 -74.6638 0
1219.87 -62.0641 0
1269.19 -92.6971 0
1198.21 -17.8395 0
1276.87 -20.508 0
1295.83 -46.7994 0
1560.2 -169.676 0
1542.05 -166.704 0
1795.42 -170.503 0
1834.05 -141.487 0
1909.72 -41.9133 0
1775.21 -829.443 1
1696.18 -981.699 0
1775.61 -1017.12 0
1870.71 -980.207 0
1902.21 -1029.01 0
1960.47 -995.453 0
2047.5 -1019.07 1
5591.77 -1239.79 1
