-1.00942 10.4542 0
-474.519 573.146 0
-1524.27 664.516 0
-1526.26 602.485 0
456.911 -692.531 0
1196.14 -672.052 0
1191.68 -632.386 1
1321.31 -558.988 1
727.173 -268.131 0
641.77 -160.983 0
651.867 -104.866 0
689.562 -215.695 0
689.881 -244.828 0
690.924 -407.998 0
488.54 -299.593 0
539.949 -220.614 0
180.931 53.5174 0
276.484 139.842 0
262.809 145.413 1
1107.56 145.093 1
1097.58 123.039 0
1285.87 -62.0738 0
1376.37 -212.883 0
1370.53 -158.429 0
1413.74 -155.916 0
1331.54 -175.085 0
1337.2 -108.443 0
1362.97 -162.086 0
1405.91 -216.315 0
1489.52 -200.565 0
1424.94 -208.175 0
1556.51 -181.576 0
1554.75 -142.326 0
1628.8 -121.698 0
1579.44 -88.6217 0
1585.75 -122.189 0
1601.11 -71.3605 0
1680.68 -165.579 1
1635.98 -164.436 1
1602.48 -134.901 0
1624.09 -95.1687 0
1616.39 20.0956 0
1552.73 7.38288 1
1676.64 36.6434 1
1908.11 -318.346 0
1894.49 -337.145 0
1896.6 -274.675 0
1654.89 34.5785 0
1818.95 -201.046 0
1794.57 -176.087 0
1874.56 -140.966 0
1881.17 -141.2 0
2008.43 -206.399 0
1960.53 -136.595 0
1943 -173.203 0
1909.21 -174.835 0
