52.221 36.3934 0
51.965 15.121 0
-2.71937 111.599 0
77.409 172.956 0
88.1499 137.697 0
124.585 137.42 0
154.247 15.1983 0
154.05 -132.276 0
181.276 -113.171 0
171.156 -69.5104 0
174.278 15.742 0
149.625 63.206 0
86.149 -48.3073 0
92.4233 -159.395 0
147.927 -185.148 0
516.153 59.0959 0
554.253 -24.1428 0
439.33 -32.7411 0
443.078 -26.5221 0
-122.585 -350.221 0
-160.555 -365.543 0
-12.6864 -307.998 0
-69.9755 -106.839 0
-100.348 -87.4805 0
-40.7942 -140.504 0
-300.757 -471.034 0
-336.269 -505.557 0
-383.258 -549.934 0
-376.226 -558.437 0
-430.222 -495.684 0
102.07 -426.411 1
106.482 -383.493 0
93.5085 -381.85 0
74.2466 -364.286 0
151.038 -244.423 1
217.913 -272.891 1
185.939 -254.785 1
148.31 -333.703 1
201.283 -300.921 0
208.37 -279.69 0
218.747 -209.918 0
205.894 -140.42 1
6943.04 702.585 1
6929.89 665.534 0
6888.33 660.756 0
6910.69 642.293 0
6862.09 610.918 1
5790.77 -3559.39 1
67352.7 20733 0
544593 7.4353e+06 1
544573 7.43535e+06 0
544591 7.43545e+06 0
544616 7.43557e+06 0
544720 7.43553e+06 0
544847 7.43549e+06 0
544886 7.43541e+06 0
544923 7.43526e+06 0
544849 7.43548e+06 0
544848 7.43547e+06 1
545332 7.436e+06 1
