-69.1952 31.8488 0
-96.5976 71.7243 0
-100.65 109.736 0
-57.8047 125.429 0
-160.365 127.701 0
-238.99 76.0465 0
-173.111 8.96961 0
-227.09 46.7743 0
-285.947 83.3577 1
786.642 -244.165 0
758.095 -191.514 0
738.953 -180.463 0
714.534 -101.868 0
688.367 -120.197 0
626.573 -162.403 0
504.574 -214.455 0
427.208 -221.002 0
433.947 -242.947 0
415.734 -291.092 0
1903.25 -971.962 0
1986.05 -984.652 0
1979.63 -941.038 0
1852.17 -950.804 0
2003.56 -986.436 0
2057.08 -997.362 0
2129.27 -1021.81 0
2103.44 -1045.36 0
2054.57 -1116.05 0
2001.72 -1082.45 0
1957.61 -1053.48 0
1938.78 -1025.08 0
1936.1 -1055.93 0
1932.98 -1033.51 1
1912.95 -999.223 1
1862.85 -915.374 0
1864.75 -959.889 0
1893.93 -1022.21 0
1870.27 -964.754 0
1870.26 -914.308 0
2071.92 -931.947 0
2025.21 -896.637 0
2220.6 -1311.47 0
2144.02 -423.858 0
2098.41 -432.597 0
2175.01 -622.427 0
2234.64 -765.608 0
2252.99 -699.397 0
2164.22 -737.216 0
2127.55 -724.631 0
2059.25 -676.76 0
2060.6 -641.084 0
2068.72 -655.518 0
2185.48 -532.989 0
2175 -496.777 0
2179.56 -495.007 0
2622.69 -540.437 0
2582.04 -511.243 0
2555.55 -550.555 0
2575.89 -568.738 1
3008.34 -522.831 1
2971.94 -493.766 0
2947.73 -572.377 0
2952.21 -535.035 0
2991.45 -566.014 0
3314.82 -902.658 0
