122.621 74.2748 0
-176.717 186.703 0
-163.701 181.568 0
-185.465 264.841 0
-268.326 213.566 0
-230.346 81.6566 0
-80.9129 55.377 0
-200.969 199.156 0
-82.1172 110.157 1
-71.1361 207.072 1
-61.4666 399.295 0
-2.91764 419.482 0
-70.4817 449.369 0
-106.646 523.805 0
-230.975 703.967 0
-194.251 666.492 0
-211.176 667.204 0
-520.088 809.514 1
126.531 661.765 0
150.68 617.003 0
155.053 643.474 0
103.02 615.783 0
81.1163 549.305 0
43.7853 493.267 0
56.5223 489.476 0
167.915 550.193 0
154.911 564.969 0
162.677 559.932 0
286.122 596.038 0
334.71 528.131 0
718.871 -56.7571 0
769.105 -76.6549 0
727.112 -24.1113 0
704.919 -41.8523 0
692.826 -104.374 0
1137.35 -356.654 0
1158.53 -347.253 0
1195.25 -327.958 0
1245.52 -333.625 0
1186.45 -332.539 0
1229.95 -302.627 0
1208.59 -272.535 0
1163.21 -261.556 0
692.664 -74.1118 0
634.532 -59.8476 1
1124.05 -350.19 1
1157.17 -348.235 0
1177.09 -385.573 0
1186.83 -373.242 0
1715.44 -455.933 0
1678.62 -413.344 0
1663.03 -412.343 0
1634.92 -493.742 0
1630.92 -401.783 0
1749.95 -593.277 0
1793.77 -541.097 0
1728.93 -527.543 0
1721.51 -470.498 0
1679.58 -413.319 0
1678.89 -358.841 0
1680.7 -329.38 0
1692.39 -309.281 1
1752.7 -316.156 1
1778.82 -306.933 0
1782.75 -322.793 0
1811.82 -352.929 0
1822.45 -389.521 0
1866.38 -431.905 0
1923.25 -451.149 0
1945.2 -439.861 0
1980.99 -412.732 0
2033.81 -356.449 0
2054.93 -317.658 0
3674.61 -533.361 1
-763.519 -420.616 0
-772.93 -370.221 0
-770.304 -471.836 0
-744.044 -488.926 0
-663.774 -505.417 1
-734.802 -510.052 1
-719.808 -500.601 1
7240.54 -703.298 1
