98.5852 -42.3524 0
128.487 -18.4751 0
125.26 53.9953 0
106.408 119.639 0
138.287 216.512 0
108.684 213.496 0
101.371 231.572 0
325.317 203.88 1
333.267 169.306 0
334.78 115.845 0
283.395 71.4699 0
356.322 106.505 0
422.284 154.017 0
401.152 150.184 0
553.561 304.635 0
550.859 311.142 0
557.626 335.254 1
566.57 350.709 1
582.132 357.684 0
546.296 451.021 0
476.165 502.629 0
540.623 538.538 1
542.622 531.437 1
529.662 553.062 0
571.266 522.36 0
633.263 387.21 0
651.775 385.642 0
668.52 355.99 0
724.827 406.903 0
700.347 426.191 0
751.135 560.62 0
714.414 612.815 0
674.539 642.425 0
682.197 689.065 0
645.2 760.958 1
618.411 768.026 0
629.362 744.948 1
479.721 43.3072 0
530.468 -2.77237 0
495.177 -95.5937 0
481.574 -64.3529 0
471.167 -93.5835 1
3040.82 -1401.51 1
