-28.0241 39.7602 0
-28.5609 123.024 0
-2.79736 221.101 0
-3.51992 287.221 0
-29.556 298.644 0
-5.05459 295.201 1
46.9415 267.717 1
172.273 -86.7269 0
172.82 -50.7769 0
68.7104 -340.909 0
28.39 -315.793 0
19.9538 -292.445 0
4.07892 -284.664 0
-21.6925 -399.94 1
60.7582 -171.858 0
62.7611 -137.98 1
96.0038 -201.209 0
101.397 -255.663 0
48.2612 -201.104 0
43.8727 -183.746 0
39.4871 -164.798 0
60.0187 -107.743 0
32.7897 -55.9019 0
-5.6581 -21.5778 0
21.1513 11.1161 0
-65.3943 25.493 0
-167.582 186.093 1
-106.318 -139.828 0
-38.6112 -219.011 0
-29.0659 -238.507 0
-96.9257 -227.856 0
-70.2186 -209.969 1
-31.7714 -156.491 1
-30.3268 -132.157 0
-48.4347 -126.274 0
-78.5243 -92.0871 0
-43.7558 41.4408 0
-33.7365 -29.5833 0
-79.6991 -22.9292 0
-101.25 27.0333 0
-62.0265 30.6301 0
25.7159 59.3091 0
-11.1289 198.28 0
-47.4983 197.292 0
-26.9183 42.926 1
50.3688 8.83951 1
-121.908 -269.289 0
1262.23 -277.15 0
1192.4 -265.543 0
1161.13 -272.194 0
1208.08 -195.074 0
1197.04 -170.482 0
1163.67 -149.321 0
1071.85 -155.114 0
1183.52 -112.957 0
1031.47 -395.604 0
1041.14 -417.217 0
886.183 -392.915 0
902.312 -396.068 0
914.386 -399.732 0
924.488 -397.233 0
1036.44 -428.558 0
1032.7 -440.379 0
1145.89 -358.879 0
1109.69 -347.777 0
1086.31 -356.117 0
1066.45 -330.745 0
1021.14 -314.954 0
641.595 -99.5162 0
639.71 -73.2838 0
645.152 -79.1823 0
642.362 -40.6013 0
578.914 -32.4049 0
595.777 3.99553 0
-72.7754 233.048 0
-90.7023 216.92 0
-95.9505 194.897 0
-102.678 169.479 0
-118.499 165.629 0
-176.372 158.178 0
-192.044 135.207 0
-205.969 115.967 0
-210.287 151.15 0
34.3754 47.0586 1
519.686 -183.295 0
558.9 -221.728 0
564.373 -224.814 0
567.996 -237.625 0
560.567 -235.534 0
638.941 -196.071 0
448.316 -316.063 0
473.317 -292.096 0
467.877 -266.712 1
3264.35 -90.4196 1
3195.34 -109.674 0
3220.44 -145.811 0
3297.32 -898.683 0
3272.51 -1010.38 0
3258.74 -1029.26 0
3266.64 -1081.09 0
3180.35 -1096.72 0
3215.05 -1098.6 0
3028.09 -883.76 0
3011 -772.326 1
3502.95 -677.48 1
3477.07 -702.143 0
3801.32 -707.275 0
3780.96 -561.767 0
4713.9 -161.047 0
4640.17 280.443 1
4700.32 451.619 0
4482.35 373.212 0
4261.11 74.1306 0
4297.68 -114.769 0
4280.45 -897.426 1
4230.85 -906.16 0
4238.25 -908.336 0
4226.66 -910.506 0
4215.44 -868.425 0
4172.7 -791.944 0
4234.11 -729.432 0
2357.74 -774.314 0
2280.95 -768.793 0
1659.67 -908.8 0
1689.74 -874.476 0
1836.27 -963.333 1
12744.1 -3793.49 0
