14.5127 10.4284 0
27.5569 4.74114 0
30.584 3.06714 0
41.2463 -110.582 0
15.5029 -198.694 0
-19.9028 -298.57 0
28.1265 -30.295 0
25.4935 -137.652 0
59.759 -233.231 0
78.5393 -255.53 0
49.3987 -203.307 0
51.7242 -166.608 0
53.8158 -164.705 0
77.25 -152.543 0
200.706 -216.702 0
238.869 -174.395 0
185.24 -168.98 0
159.613 -149.988 1
226.468 -456.112 0
278 -364.418 1
283.711 -342.712 0
276.855 -377.197 0
359.37 -434.178 0
391.811 -477.131 0
349.25 -388.052 1
1258.26 -683.536 0
1309.03 -682.507 1
1323.83 -695.255 0
1486.79 -545.8 0
1530.57 -540.426 0
1543.1 -543.263 0
1554.85 -559.926 0
1597.68 -590.231 0
