-91.8548 63.3781 0
-74.5188 27.77 0
-92.9317 72.6824 0
-4.85867 82.4653 1
-323.169 570.755 1
-364.239 494.096 0
-474.164 531.11 0
-591.588 565.685 0
-583.13 557.645 0
-611.914 537.794 0
-612.085 553.286 0
-589.629 657.194 0
-593.602 643.66 0
-581.465 654.75 0
-519.18 597.297 0
-489.875 587.524 0
-478.759 492.573 1
596.543 545.515 1
632.749 512.897 0
697.309 520.295 0
720.598 476.881 0
709.857 459.174 0
800.208 516.138 0
808.963 503.852 0
864.27 689 0
872.859 703.093 0
1057.73 673.697 1
1595.15 -170.648 1
1599.27 -95.0807 0
1633.29 -71.7203 0
1579.54 80.1696 0
1568.94 105.732 0
1579.99 125.592 0
1621.35 113.409 1
1565.7 33.1592 1
4245.6 -1217.37 0
