-6.6581 41.5495 0
9.99811 79.5779 0
-80.9511 356.217 0
-35.153 347.66 0
-46.1106 394.61 0
-119.043 369.785 0
-78.2629 371.582 1
-64.7848 327.316 1
-75.2575 238.223 0
-104.593 160.897 0
-377.36 181.269 0
-256.284 152.878 0
-349.214 172.787 0
-380.752 155.553 0
-376.868 182.289 0
-436.846 133.101 0
-312.889 250.851 0
-338.263 268.897 0
-406.476 152.656 0
-387.865 86.8213 0
-368.672 86.6593 0
-349.207 92.7939 0
-332.692 73.6495 0
-341.125 104.375 0
-297.585 98.0801 0
-204.032 141.486 0
77.6053 364.064 0
-115.505 673.213 0
-95.9949 754.632 1
-372.851 498.118 1
-422.848 497.426 0
-530.007 536.564 0
-713.736 709.027 0
-539.035 758.1 0
-547.548 733.715 0
-610.86 647.295 0
-553.638 615.621 0
-579.856 525.093 0
-500.429 495.7 0
-380.618 536.481 0
-367.507 560.454 0
-401.178 614.396 0
-419.432 672.877 0
-747.135 460.341 0
-1668.72 390.595 0
-1701.78 401.365 0
-1659.36 349.868 0
-1755.03 406.97 0
-1727.35 397.144 1
-1450.58 132.563 1
-1388.68 89.2189 0
-1353.1 92.8479 0
-481.776 1280.26 0
-542.734 1310.43 0
-524.785 1302.02 1
-676.852 1328.07 1
-700.865 1332.31 0
-734.051 1319.55 0
-697.94 1329.18 0
-535.838 1162.22 1
-468.733 1159.87 0
-470.736 1190.07 0
-574.425 1925.47 1
-494.222 1885.54 0
-261.158 2626.16 0
495.631 1017.8 0
531.778 1056.21 0
