-4.46856 36.7245 0
7.11439 72.077 0
33.8928 98.9435 1
8.97135 135.782 1
-12.4775 140.004 0
-28.586 107.554 0
-11.1511 82.6681 0
-4.64621 83.2288 0
48.7189 14.0419 1
70.7686 -11.9558 1
99.886 118.492 0
91.8519 180.663 0
156.025 199.273 0
-49.7805 97.0736 0
-11.6371 155.23 0
63.9608 183.305 0
89.6934 149.802 0
100.726 180.148 0
104.746 185.358 0
616.528 429.515 0
610.852 486.415 0
612.083 526.259 0
606.418 555.26 0
554.494 551.693 0
590.206 580.716 0
609.728 564.896 0
596.508 539.564 0
633.437 473.306 0
668.786 385.479 0
708.62 362.661 0
718.103 341.161 0
700.117 330.089 0
678.987 394.692 0
624.871 67.7542 0
635.831 39.4566 0
621.106 -7.22017 0
632.636 6.39735 0
449.929 -270.465 0
371.291 -214.939 0
464.832 -19.093 0
466.889 -17.7457 1
3620.73 642.085 1
3604.97 662.498 0
3655.5 593.574 0
3625.63 593.954 0
3606.4 622.074 0
3596.22 662.064 0
3569.62 660.189 0
3577.32 720.637 1
3562.76 729.082 1
3599.5 775.234 0
3691.91 782.75 0
3757.98 775.898 1
5242.24 482.779 1
5187.66 463.225 0
5177.73 444.278 0
5124.7 513.32 0
