-7.06021 75.9436 0
-92.8558 187.429 0
-257.625 572.925 0
-266.216 589.305 0
-349.707 87.5697 0
-329.386 176.53 0
-362.238 223.851 0
-352.591 273.882 0
-378.921 354.712 1
880.825 -1061.83 1
877.044 -1265.79 0
901.038 -1227.23 0
878.981 -1177.36 0
867.699 -1115.28 1
864.619 -1136.04 1
862.536 -1130.02 0
932.091 -1141.72 0
913.695 -1098.47 0
897.177 -1103 0
968.184 -1118.84 0
980.593 -1127.15 0
922.802 -1069.19 0
1197.02 -1237.42 1
1164.78 -1248.63 0
1129.75 -1206.56 0
1088.5 -1204.05 0
1070.21 -1178.23 0
1050.05 -1119.28 1
1076.42 -1050.22 1
1063.19 -1058.6 0
1057.57 -1075.19 0
1107.4 -1150.54 0
1119.13 -1112.52 0
1096.25 -1109.11 0
1086.58 -1145.93 1
-719.546 -1348.19 1
-721.13 -1337.26 0
-708.427 -1387.2 0
-737.146 -1360.38 1
-688.168 -1364.89 1
3984.67 -4513.88 1
3978.9 -4549.16 0
3882.1 -4518.53 0
3901.6 -4496.2 0
3903.27 -4451.57 0
3695.39 -4351.08 0
