78.6241 -63.7914 0
145.784 -78.2186 0
104.09 61.0159 0
78.4405 63.3362 0
277.709 -15.6693 0
336.233 -13.3699 0
384.008 -22.5762 0
412.425 -7.83826 0
321.487 191.945 0
256.829 177.882 1
412.389 -106.041 1
418.751 -178.095 0
420.85 -181.106 0
735.006 -106.154 0
730.079 -131.2 0
856.657 -108.569 0
897.554 -89.2279 0
906.116 -48.4448 0
861.858 97.0481 0
802.078 74.1964 1
1004.95 -191.879 1
1035.26 -218.236 0
1114 -479.6 0
1046.3 -507.939 0
1071.32 -499.976 0
1098.06 -521.516 0
1028.31 -438.603 0
1071.6 -438.981 0
1125.6 -443.862 0
1113.82 -418.433 0
1050.25 -340.145 0
1054.19 -276.146 0
1106.1 -325.614 0
1230.36 -396.504 0
1203.14 -358.133 0
1162.04 -354.426 0
1133.57 -315.051 0
1163.08 -443.629 0
1188.86 -537.919 0
1293.67 -601.832 0
1921.68 -573.995 0
5732.04 -1244.64 0
