111.292 -41.2724 0
116.4 -66.6715 0
-46.6885 -69.6425 0
-35.6558 -27.7963 0
-61.5786 69.2346 0
-89.7323 98.5481 0
-112.796 95.6835 0
-98.2711 95.2245 0
-95.1922 101.15 1
-16928.2 564.72 1
-16815.4 615.789 0
-16969.1 385.509 0
-16937.9 365.184 0
-16813.3 309.416 0
-16775.6 257.537 1
-16743.9 260.954 1
-9331.43 604.829 0
-9383.71 542.118 0
-9422.07 486.52 0
-9449.63 447.575 0
-9415.49 411.792 0
-9413.72 310.183 0
-9428.35 202.209 0
-9423.37 244.299 0
-9435.58 385.462 0
-9450.54 521.201 0
-9424.11 628.366 0
-9445.84 741.903 0
-9467.99 817.28 1
-9458.61 714.818 1
-9308.63 818.102 0
-9311.8 808.71 0
-8927.38 523.89 0
-8910.37 450.864 0
-8922.91 347.972 0
-8901.47 303.785 0
-9000.35 316.011 0
-8955.69 357.468 0
-8964.51 435.06 0
-8959.71 487.838 0
-8983.77 488.859 0
-8937.58 454.043 0
-8989.56 455.439 1
-9997.95 685.244 1
-10035.3 646.084 1
-10024.6 661.55 0
-9191.69 612 1
-9230.8 543.237 0
-9280.15 510.819 0
-9244.77 427.993 0
-9077.77 423.508 0
-9061.73 409.678 0
-9111.58 339.94 0
-9149.89 313.676 0
-9262.5 295.588 0
-9279.86 287.741 0
-9270.16 278.327 0
-9495.03 285.931 0
-9567.02 310.761 0
-9494.51 252.911 0
-10301.9 1116.47 0
6202.71 -10686.1 0
