11.1205 8.44828 0
3.47776 16.7016 0
33.9822 -5.24017 0
82.0088 -49.209 0
60.707 8.12295 0
383.194 183.131 0
395.553 168.158 1
387.787 82.5816 1
391.671 89.6976 0
377.19 81.3823 0
378.78 117.778 0
349.692 156.795 0
375.707 183.221 0
319.421 330.147 0
365.883 364.782 0
407.515 371.155 0
456.215 398.072 0
445.907 479.102 0
421.59 482.472 0
358.232 499.916 0
342.831 509.946 0
250.137 543.317 1
-204.518 97.8332 1
-201.654 94.9293 0
-203.964 89.134 0
-216.055 60.2762 0
-193.838 84.7049 1
-152.915 182.863 1
165.243 74.1133 0
166.526 -23.0013 0
240.64 -72.867 0
296.405 -93.2937 0
366.137 -134.953 0
336.173 -166.712 0
369.156 -307.009 0
381.684 -372.928 0
381.107 -421.13 0
366.346 -433.387 0
380.807 -454.376 0
487.496 -490.181 0
422.69 -496.854 0
357.897 -545.734 1
362.371 -546.363 1
332.115 -538.922 0
339.262 -532.462 0
908.546 -645.558 0
897.501 -513.624 0
908.495 -385.601 0
1176.22 -317.686 0
1255.79 -311.689 1
1271.81 -378.05 1
1330.91 -410.01 0
1355.16 -546.436 0
1343.37 -496.06 0
1329.87 -462.368 0
1321.32 -392.548 0
1296.69 -316.065 0
1285.16 -207.8 0
1816.36 -1276.5 0
2214.32 1751.77 0
2301.93 1711.34 0
2241.52 1701.87 0
2204.79 1740 0
2269.28 1697.01 0
2297.08 1580.76 0
2283.83 1570.29 0
2268.42 1579.97 0
2368.33 1528.56 0
2350.19 1503.22 0
2319.75 1489.92 0
2782.93 1120.42 0
2784.74 1099.92 0
2839.5 1067.07 0
