9.3298 -6.02008 0
-81.9052 32.2892 0
-154.255 113.164 0
-222.328 149.524 0
-276.129 170.252 0
-300.993 184.545 0
-313.204 182.073 0
-326.662 151.491 0
-299.982 93.811 0
-317.295 79.1322 0
-285.769 68.047 0
-313.483 156.24 0
-341.388 107.352 0
-191.583 5.52142 0
-42.7915 -140.351 0
-50.1673 -96.9922 0
-46.8659 -135.612 0
-31.9439 -156.874 0
50.6208 -214.286 0
154.338 -165.21 0
185.96 -175.911 0
112.356 -57.816 0
93.3562 59.5428 0
-241.267 620.144 0
-460.848 -146.673 0
-462.056 -113.383 0
-532.541 -84.1671 1
-513.969 -62.9095 1
-585.01 -1.85152 1
375.377 482.048 1
509.53 515.664 0
515.347 529.105 0
514.858 553.097 0
1719.48 817.023 0
1721.67 837.632 1
1726.05 823.486 1
1942.09 436.856 0
1895.74 436.11 1
1994.92 482.197 0
1966.31 434.156 0
1983.05 428.19 0
2044.43 435.954 0
1998.81 478.543 1
1710.3 403.509 1
1809.27 396.159 0
1799.16 398.183 0
1811.43 414.32 0
1875.89 507.214 0
1848.88 631.697 0
1835.76 650.85 0
1450.96 1035.43 0
1458.73 1021.69 1
2105.13 284.915 1
2112.92 274.143 0
2176.12 273.327 0
3059.15 -206.195 0
