-63.5185 -21.7568 0
-177.405 103.665 0
27.2639 199.701 0
128.627 237.761 0
81.3346 293.304 0
67.4285 296.852 0
392.603 349.309 1
520.525 355.49 0
560.999 361.914 0
608.875 286.252 0
509.385 243.593 0
510.328 226.051 0
448.04 211.208 0
592.945 139.59 0
440.689 269.422 0
422.445 321.875 0
470.241 388.083 0
480.992 447.843 0
457.423 511.979 0
1171.98 76.7536 0
786.529 286.417 0
828.297 359.906 0
814.183 399.136 0
848.327 326.713 0
792.967 271.025 0
758.419 266.641 0
598.448 410.957 0
574.149 418.377 0
924.698 595.493 0
886.626 469.96 0
879.609 403.708 0
784.134 298.11 0
1965.78 -5.68674 0
1906.78 -27.0384 0
1887.66 -57.6303 0
1880.49 -89.7581 0
1841.56 -94.6612 0
1787.59 -89.1056 0
1848.53 -335.663 0
1756.93 -298.944 0
1447.23 11.9565 0
1276.21 -17.7009 0
1300.05 -54.0009 0
1319.34 -33.8514 0
1366.55 37.4867 0
1373.48 120.194 0
1453.16 157.371 0
1429.21 268.703 0
1372.54 335.679 0
1354.53 398.261 0
1752.11 235.95 0
1783.8 155.973 0
1795.53 106.784 0
1784.5 38.3815 0
1854.4 48.8286 0
1894.69 232.07 0
1892.23 210.839 0
1895.54 240.893 0
1841.67 249.897 0
1419.57 -95.7596 0
1421.62 -253.259 0
1406.36 -333.931 0
1431.61 -426.611 0
1416.93 -524.576 0
1463.81 -640.036 0
1370.93 -593.727 0
1405.11 -544.367 0
1437.55 -456.179 0
1449.86 -352.059 1
1449.36 -236.764 1
1519.13 -226.47 0
1497.45 -212.263 0
1349.96 -294.211 0
1413.12 -301.413 0
1432.02 -242.042 0
1719.24 -525.227 0
1695.95 -575.822 0
1680.41 -606.32 0
1347.3 -763.498 0
1373.01 -777.794 0
1403.41 -820.228 0
1459.32 -1609.28 0
1407.31 -1677.99 0
1418.08 -1734.37 0
1367.21 -1761.87 0
1348.08 -1687.91 0
1400.13 -1608.1 0
1622.78 -1522.65 0
1712.35 -1725.68 1
1712.87 -1718.27 0
1674.02 -1734.29 0
1562.74 -2191.35 0
1580.96 -2345.17 0
1524.33 -2386.66 0
1528.63 -2430.27 0
1549.64 -2394.84 0
1528.2 -2365.27 0
966.137 -1782.89 0
1074.79 -1623.6 0
1012.87 -1602.1 1
-413.605 -1079.49 1
-365.525 -1110.57 1
616.923 -1505.9 1
619.707 -1535.49 0
624.943 -1557.65 0
613.986 -1591.75 0
574.699 -1613.12 0
489.887 -1619.59 0
354.644 -1452.93 0
382.598 -1268.27 0
-2308.18 -225.358 0
-2087.88 -255.176 0
-1960.6 -269.426 0
-1951.14 -298.849 0
-1961.17 -334.591 0
-1998.79 -352.075 0
-2061.06 -358.879 0
-2098.93 -343.312 0
-2086.13 -383.52 0
-2012.73 -442.745 1
-1926.41 -527.476 1
-1701.91 -564.855 0
-1730.02 -570.221 1
3253.12 -676.115 1
3181.22 -757.024 0
