-87.5533 47.0209 0
-302.072 86.5146 0
-305.777 154.314 0
-278.503 139.179 0
-245.001 186.412 0
-189.239 220.159 0
-150.542 196.314 0
-109.394 161.842 0
-58.9907 120.002 0
20.3594 89.9333 0
58.2194 88.1371 0
24.4191 151.637 0
7.10369 150.716 0
-15.9561 98.9141 0
-103.6 140.236 0
-116.11 182.454 0
-62.6027 189.52 0
-52.9194 208.475 0
-46.0914 169.747 0
-49.315 139.975 0
-59.0953 148.221 0
-80.081 138.104 0
-95.6331 233.647 0
-218.82 -143.134 0
-73.0652 -188.197 0
43.9353 -153.336 0
76.1395 -173.994 0
86.0937 -162.497 0
79.8232 -153.181 0
53.3675 -194.236 0
105.355 -242.867 1
62.5152 -429.323 1
-15.3523 -379.1 0
-2.81034 -395.964 0
47.0659 -477.615 0
96.0021 -460.681 0
117.225 -518.588 0
160.7 -303.59 0
82.5446 -133.576 0
52.5894 -120.952 0
581.534 -443.166 0
367.505 -277.898 0
274.185 -214.566 0
131.15 -103.063 0
183.825 85.4184 0
166.509 147.848 0
231.736 224.502 0
281.649 162.517 0
463.129 171.902 0
541.765 95.3464 0
272.466 29.4203 0
258.873 67.9298 0
262.317 106.794 0
232.74 164.031 0
281.051 226.507 0
659.947 41.911 0
518.837 231.32 0
524.504 210.851 0
602.874 138.498 0
615.544 55.9396 0
629.378 40.507 0
762.095 29.6983 0
707.432 86.6182 0
698.149 92.1783 0
687.926 98.0057 0
760.983 164.001 0
834.07 156.385 0
909.991 346.271 0
1036.55 330.537 0
1096.66 284.648 0
1129.49 303.858 0
475.249 1067.53 0
-279.853 2915.79 0
-779.481 6028.21 0
-933.648 6467.45 0
-928.207 6507.66 0
-1062.86 6454.77 0
-1069.62 6433.93 0
-1036.06 6192.62 0
