58.7319 -206.904 0
176.84 -221.416 0
256.335 -334.502 0
245.692 -225.368 0
173.879 -204.563 0
156.62 -215.74 0
138.226 -174.423 0
123.819 -82.505 0
145.519 -62.0844 0
158.181 -35.8148 0
241.459 -2.29681 0
85.7774 39.4868 0
103.474 63.4542 0
124.837 102.144 0
181.819 282.707 0
220.441 330.142 0
177.464 363.408 0
128.787 314.764 0
107.401 328.079 0
24 427.331 0
-16.5676 433.384 0
12.3824 391.583 0
157.857 507.004 0
201.078 556.338 0
205.875 643.09 1
818.282 624.253 1
908.966 654.495 0
919.482 692.944 0
923.731 750.759 0
858.638 804.983 0
791.309 851.347 0
764.703 908.823 1
8903.89 -2260.53 1
8225.01 -1988.25 0
6864.45 -2458.92 0
6958.9 -2576.95 0
6928.2 -2578.59 0
6856.16 -2557.34 0
6936.3 -2539.46 1
4319.65 -2880.32 1
4291.7 -2831.83 0
4297.91 -2811.92 0
4300.9 -2805.69 1
4306.73 -2770.3 1
4292.1 -2772.53 0
4314.02 -2778.92 0
4273.61 -2745.39 0
4306.34 -2790.66 1
5414.76 -2706.81 1
5425.02 -2698.26 0
5395.9 -2684.09 0
5428.16 -2659.28 0
5446.31 -2641.28 0
5477.08 -2630.11 0
5525.58 -2610.03 1
5564.45 -2582.64 1
5540.28 -2578.43 0
5172.47 -2631.32 0
5169.07 -2648.84 0
5413.04 -2649.96 1
5402.76 -2677.5 1
4847.75 -2508.97 1
4906.06 -2609.73 1
4806.39 -2462.59 1
3098.12 -1581.01 1
3829.07 -1541.03 0
3804.71 -1583.89 0
3828.56 -1565.82 0
3834.24 -1570.41 1
3754.76 -1503.13 1
3765.92 -1493.14 0
3375.79 -1445.52 0
3361.83 -1437.66 1
4829.39 -2021.5 1
4774.25 -1960.42 0
4784.29 -1950.26 0
4777.68 -1957.42 0
