0.0343256 29.5879 0
2.35793 65.3186 0
-33.2386 167.283 0
-112.133 235.241 0
-84.8516 334.95 0
-100.138 411.098 0
-111.676 458.797 0
-108.721 465.13 1
222.172 -756.667 1
217.279 -577.068 0
230.938 -569.442 0
320.299 -425.883 1
300.015 -405.66 1
339.287 -301.074 0
327.472 -260.625 0
309.272 -220.851 0
312.901 -169.272 0
274.921 -85.6862 0
347.462 -136.229 0
352.722 -159.577 0
286.914 -206.099 0
329.126 -242.313 0
290.86 -333.523 0
301.752 -362.794 0
296.978 -394.357 0
417.421 -628.089 0
413.463 -450.392 0
358.333 -432.876 0
751.961 -525.292 0
860.018 -711.256 0
604.989 -1755.24 0
606.018 -1714.96 0
612.335 -1507.87 0
586.985 -1458.79 0
562.754 -1382.86 0
589.6 -1336.73 0
597.94 -1334.15 0
434.014 -1051.57 1
1619.8 -1120.63 0
1688.32 -1165.61 0
1708.67 -1181.57 0
2112.75 -1193.43 0
2222.56 -2003.35 0
2239.1 -2005.96 0
2245.3 -2003.41 0
