-13.8764 60.898 0
148.555 68.5178 0
136.063 83.9508 1
143.905 145.65 1
914.471 234.848 0
940.174 265.829 1
1039.47 146.813 1
1065.78 98.0923 0
1082.66 65.8418 0
1061.51 104.809 0
1022.39 124.428 0
957.603 142.797 0
897.514 153.921 0
845.943 125.815 0
920.214 171.498 1
1004.15 168.41 1
1034.6 136.746 0
1000.27 148.205 0
1053.18 135.77 0
992.016 122.845 0
983.247 11.5561 0
1007.97 -2.17605 0
997.092 -48.5159 0
1006.04 -32.8108 0
1043.45 63.8285 0
1121.27 70.3976 0
1156 57.1472 0
1232.12 23.8286 0
1175.5 -158.482 0
1202.23 -75.7542 0
1201.89 79.3133 0
1101.17 214.036 0
1085.62 298.18 0
1071.21 349.541 0
1048.66 334.024 0
1117.99 353.408 0
1225.41 308.129 0
1182.9 346.763 0
1111.94 311.107 0
1163.97 292.429 1
1201.97 314.422 1
1176.99 309.983 0
1118.54 312.784 0
1185.39 315.462 0
1212.76 314.87 0
1353.08 326.036 0
1509.01 218.843 1
1739.15 141.135 0
1680.73 167.487 0
1687.76 223.293 0
1720.82 189.69 0
1896.66 -21.3784 0
1913.24 -27.22 0
1895.04 13.293 0
1910.39 78.6712 0
1838.24 60.8323 0
1849.62 25.4816 0
1896.87 4.12702 0
1873.91 42.7338 0
1840.6 44.0396 0
1801.24 113.345 1
1762.63 158.579 0
1788.83 157.612 1
2876.47 -104.294 1
2891.55 -152.782 0
2885.74 -189.308 0
