-628.632 356.113 0
-727.109 366.969 0
-846.449 476.005 0
-881.684 535.649 0
-781.347 546.151 0
-287.793 740.373 0
-257.29 790.292 0
-230.709 839.47 0
-202.467 886.848 0
-193.441 892.505 0
-115.903 897.906 0
466.216 619.476 0
554.733 512.948 0
620.776 448.71 0
681.322 369.786 0
733.985 317.045 0
763.87 296.84 0
781.92 306.302 0
798.643 344.514 0
836.926 328.485 0
1169.39 72.2899 0
1126.88 42.857 0
1122.58 67.0104 0
1114.13 81.1193 0
1202.61 175.839 0
1175.3 185.086 0
1236.12 584.667 0
1260.83 616.291 0
1285.66 662.373 0
1244.96 638.975 0
1227.77 639.384 0
1221.39 641.126 0
1159.15 672.757 0
982.733 664.285 0
789.742 609.122 0
864.056 714.857 0
687.464 649.423 0
718.862 631.183 0
719.337 598.351 0
815.585 441.97 0
811.919 459.709 0
2101.86 424.138 0
2125.77 354.128 0
2123.7 309.4 0
1509.87 552.458 0
1595.86 598.381 0
1564.87 699.917 0
1489.97 755.249 0
1438.52 801.5 0
1434.16 796.701 0
1509.84 1422.3 1
1371.75 1805.88 0
1428.35 1996.65 0
1481 2088.42 0
1468.85 2370.94 0
1432.53 2139.18 0
4388.06 3859.37 0
4597.86 25711.8 0
4729 25027.2 1
4731.93 24996.4 1
4707.03 25000.2 1
4634.65 24938 1
4163.98 25159.1 1
4338.1 25082.9 1
4540.9 24955.8 0
4564.51 24857.9 0
4560.36 24826.2 0
4551.89 24827.5 0
4455.03 24653.6 0
4449.42 24546.6 0
4442.87 24764.6 0
4474.13 24792 0
4476.56 24849 0
4408 24918.6 0
4434.54 24952.5 0
4472.38 24997.4 0
4514.3 25047.8 0
4506.26 25053.2 0
4539.13 25106.8 0
4630.18 25218.1 0
3180.25 24171.5 0
3210.2 24164.3 0
3320.42 24252.1 0
3771.69 23606.6 0
3790.31 23540.4 0
4071.63 23915.8 0
