21.6495 59.9466 0
50.9822 80.9946 0
67.7644 101.127 0
79.8154 42.5574 0
76.4042 10.3435 0
78.4609 44.406 0
39.2664 124.352 1
164.766 103.478 1
254.887 44.3031 0
246.513 60.7907 1
253.708 9.69605 1
468.969 34.7622 0
516.823 100.516 0
476.424 141.155 0
478.34 79.4785 0
505.502 114.967 1
506.681 154.204 1
474.271 140.996 0
440.274 117.202 0
537.633 -158.726 0
484.845 -156.029 0
416.478 -134.773 0
560.635 -170.241 0
645.711 -256.754 0
618.022 -265.585 0
598.342 -256.237 0
531.426 -222.025 0
482.937 -218.374 0
458.117 -184.546 1
732.157 -55.8743 1
736.259 -67.2691 0
1111.79 -50.5991 0
1088.33 -55.3699 0
1072.53 -38.1095 0
950.409 29.5689 1
1275.54 -442.669 1
1272.28 -473.238 0
1251.69 -451.359 0
1267.16 -376.92 0
1295.85 -329.774 0
1341.05 -325.042 0
1221.63 -274.053 0
1160.52 -279.737 0
1082.41 -246.427 0
1304.37 -140.259 1
1369.37 -180.627 1
1446 -75.0425 0
1423.31 1.24129 0
1375.81 157.964 0
1392.82 108.572 0
1211.12 163.61 0
1176.35 132.209 0
1168.01 98.002 0
1810.07 -193.85 0
1764.66 -265.549 0
1797.72 -247.496 0
