20.3208 -37.0052 0
18.6631 -75.2888 0
13.9445 -107.376 0
-7.8316 -126.264 0
-10.3714 -152.772 0
-25.7182 -70.4415 0
-17.5013 -99.4194 0
-10.7842 -98.711 0
-16.3164 -158.97 0
-41.3521 -133.277 0
-17.6521 -36.3235 0
29.4121 -62.7696 0
52.3528 -92.2729 0
118.67 -73.2968 0
196.528 50.2747 0
194.927 103.878 0
181.5 113.419 0
-54.9993 -101.532 1
102.806 123.676 1
197.092 153.533 0
165.577 91.417 0
445.429 121.268 0
486.774 114.146 0
469.08 83.4627 0
510.99 44.6302 0
537.614 -14.7141 0
592.573 -59.9241 0
679.862 -59.7969 0
805.202 -22.3553 0
839.718 -15.6604 0
891.118 -21.5838 1
1185.2 -190.311 1
1653.28 -798.392 0
1653.34 -802.564 0
1649.63 -815.914 0
1728.78 -697.574 0
1693.84 -537.985 0
1703.34 -492.562 0
1731.83 -453.251 0
1689.7 -413.835 0
1665.51 -413.651 0
1650.42 -481.017 0
1941.68 -422.531 0
1862.13 -426.68 0
1830.56 -411.319 0
1818.93 -398.27 0
1825.48 -332.954 1
1814.63 -345.304 1
1835.35 -393.675 0
1851.59 -423.055 0
1803.28 -421.707 0
1868.96 -405.68 0
1898.65 -389.394 0
1989.32 -359.626 0
2071.55 -302.954 0
2021.15 -315.967 0
2197.32 -393.62 1
