-64.7746 27.8144 0
-20.7136 90.0748 0
-34.7459 186.097 0
46.885 184.784 0
93.0189 172.77 0
89.4449 261.34 0
209.25 133.189 0
332.355 -3.70677 0
309.773 -57.8171 0
329.036 -99.4931 0
348.989 -95.6594 0
313.023 -89.3342 0
334.569 -20.631 0
460.051 -139.54 0
489.456 -66.4019 0
465.644 -77.8407 0
469.164 -61.4518 0
467.054 -12.1247 1
1618.27 -632.751 1
1602.69 -685.864 0
1570.77 -698.327 0
1516.5 -881.101 0
1550.42 -840.1 0
1477.51 -806.209 0
1567.09 -734.084 0
1568.37 -699.717 0
1550.95 -467.612 0
1559.54 -418.266 0
1525.17 -345.002 0
1528.81 -357.847 1
1501.09 -357.718 1
1488.38 -371.73 0
1433.11 -391.233 0
1415.51 -359.313 0
1401.96 -385.512 0
1600.08 -471.613 0
1574.55 -422.266 0
1603.79 -422.447 0
1557.02 -302.462 1
1371.64 -690.411 1
1381.24 -694.779 0
1706.21 -772.631 0
1764.46 -860.025 0
1780.96 -857.982 0
1680.33 -687.498 0
1803.86 -597.067 0
1849.22 -623.88 0
1911.85 -774.398 0
1922.38 -903.99 0
1941.04 -950.628 0
1941.97 -930.268 0
1863.63 -888.872 0
1870.74 -871.62 0
1688.71 -751.044 0
1766.7 -717.567 0
1802.01 -671.86 0
1829.71 -608.083 0
1768.35 21.9556 0
1341.8 1645.38 0
1339.63 1677.61 0
1326.09 1617.44 0
1301.52 1592.31 0
1219.74 1233.71 0
1421.26 1158.95 0
1341.25 1149.78 1
1281.88 1132.56 1
1280.57 1149.59 0
1282.43 1162.16 0
1291.64 1171.29 0
1211.07 1124.22 0
1234.46 1133.9 0
1201.31 1150.89 0
1183.63 1238.03 0
1303.77 1589.78 0
1346.76 1007.29 1
1520.44 977.833 0
1502.56 989.686 0
1522.84 1006.48 0
868.999 1892.02 1
875.442 1888.02 0
1841.68 1698.49 1
1802.21 1787.23 0
1810.05 1825.83 0
1758.84 1674.99 0
1716.75 1687.3 0
1691.45 1734.23 0
