56.2665 4.25022 0
33.9878 184.933 0
48.094 132.226 0
-20.1818 231.38 0
19.9709 185.767 1
13.6326 159.805 1
8.78985 164.061 0
62.3607 125.694 0
-9.87984 231.079 0
32.9154 447.825 0
40.81 486.033 0
41.8456 502.173 0
38.5275 496.248 0
48.8448 505.354 0
-20.2413 492.981 0
-9.97659 446.426 0
25.6646 371.415 0
93.1763 288.669 0
127.621 185.566 0
150.038 80.177 0
152.526 4.86806 0
169.385 -17.3595 0
59.819 25.3799 0
59.4486 118.527 0
59.8354 166.759 0
448.158 181.461 0
392.681 166.568 0
385.956 108.185 0
534.262 36.0831 0
556.699 -1.00365 0
560.34 -62.8823 0
566.78 -65.7112 0
531.647 58.248 0
518.069 116.694 0
550.975 85.2679 0
498.664 244.011 0
583.303 338.843 0
619.997 373.923 0
600.228 359.62 0
595.186 403.295 0
563.975 603.105 0
600.334 564.844 0
641.893 406.392 0
679.922 299.213 0
620.778 310.461 0
587.556 333.727 0
673.054 513.719 0
708.105 517.854 1
696.649 507.055 1
728.968 427.248 0
740.552 526.906 0
743.169 561.12 0
728.209 651.737 1
754.789 708.702 0
698.684 651.154 1
753.647 585.545 0
797.168 752.539 0
801.53 771.273 0
808.832 762.854 0
831.354 735.062 0
808.909 748.262 0
816.405 689.56 0
755.969 806.739 1
778.541 701.446 0
727.873 667.004 0
773.147 666.723 1
1053.23 770.882 1
1018.65 815.738 0
1039.25 800.299 0
926.529 831.578 1
933.379 874.608 1
912.083 884.639 0
672.142 1208.98 0
-216.058 1974.06 1
-227.503 1995.38 1
2779.62 -1285.95 1
