-57.777 -17.2409 0
-46.7864 -14.0572 0
30.0982 23.9864 0
4.43012 56.7469 0
137.115 71.2863 0
143.3 94.401 0
141.469 135.92 0
157.125 145.22 0
161.492 149.187 0
167.35 145.493 1
244.574 132.173 1
247.785 284.792 0
220.595 516.734 0
188.461 547.713 1
195.434 555.427 1
192.174 552.189 0
-192.215 360.362 0
-117.126 304.826 0
-104.319 293.154 0
-90.3704 273.007 0
-103.541 243.581 0
-81.9068 251.84 1
-86.9455 250.745 1
-106.357 242.773 0
-133.769 273.823 0
-188.825 312.638 0
-187.201 299.583 0
-185.042 271.153 0
-167.726 309.542 0
-87.0902 258.921 0
-89.7091 271.628 1
-104.148 942.458 1
58.818 616.239 0
48.5673 474.223 0
18.2019 345.729 0
-50.0458 391.547 0
-32.7171 438.78 1
734.92 395.652 1
600.309 414.695 0
570.596 415.816 0
548.23 425.079 0
286.667 525.244 0
296.532 529.182 0
328.611 514.2 0
304.563 508.422 0
266.382 515.27 0
316.732 842.573 0
998.248 500.403 1
956.136 390.791 0
919.492 349.7 0
949.106 313.747 0
1016.39 258.036 0
1075.61 231.15 0
1209.05 165.753 0
1081 156.448 0
1348.1 182.95 0
1385.71 397.425 0
1309.73 432.765 0
1013.52 514.665 0
1030.95 543.04 0
1044.85 555.103 1
-211.224 1291.93 1
-188.628 1337.74 0
-289.004 1557.16 0
-303.152 1484.17 0
-377.206 1897.94 1
-440.622 1904.41 1
-464.723 1835.84 1
-767.645 1632.61 0
-761.43 1626.83 0
-565.02 1509.88 0
-558.354 1426.95 1
