52.7503 26.181 0
245.895 116.177 0
276.395 104.564 0
293.527 70.1319 0
304.708 64.933 0
165.51 117.159 0
132.972 178.604 0
123.578 281.785 0
94.6251 342.713 0
88.1995 376.464 0
63.9525 243.823 0
10.6429 200.035 1
328.264 -1573.4 1
441.971 -1061.76 0
309.431 -1037.64 0
311.379 -1017.38 0
306.5 -1026.09 1
315.642 -962.254 1
306.494 -915.927 0
327.914 -908.394 0
286.588 -924.433 0
286.831 -906.135 0
382.387 -1020.53 0
415.359 -1009.42 0
383.408 -1019.64 0
410.673 -1049.31 0
307.012 -1047.22 0
260.276 -1001.34 0
396.567 -962.871 0
335.201 -982.598 0
335.975 -956.48 0
315.097 -1010.2 0
435.667 -1188.49 0
555.724 -1259.91 1
533.079 -1203.85 1
549.138 -1204.42 0
516.66 -1119.3 0
470.795 -1086.34 0
414.112 -1061.24 0
444.628 -1058.2 0
503.586 -1065.42 0
473.999 -1013.86 0
396.268 -1069.21 0
452.559 -1097.95 0
407.796 -1124.01 0
412.706 -1112.51 0
465.464 -1055.01 0
492.491 -1058.91 0
804.632 -1136.42 0
805.926 -1167.21 0
506.562 -1030.62 0
449.837 -1001.74 0
571.918 -950.248 0
567.046 -1040.78 0
-370.467 -372.603 0
-173.137 -487.159 0
-49.1395 -307.02 0
59.784 -243.724 0
274.94 -304.363 0
-2127.62 -2990.46 0
-2094.19 -2963.27 0
-2095.81 -2934.54 0
-2103.46 -2890.4 0
-2130.02 -2893.77 0
-2164.66 -2944.42 0
-2181.94 -2956.08 1
-2183.55 -2843.93 1
-2209.1 -2872.92 0
-1762.18 -3385.14 0
-1724.59 -3565.92 0
-1697.97 -3503.3 0
-2235.44 -3387.3 0
-2239.65 -3339.3 0
-2203.24 -3282.25 1
-1337.7 -2896.12 1
-1361.81 -3007.46 0
-1359.44 -3034.45 0
-1204.15 -3040.67 0
-1202.29 -3124.35 0
-250.539 -3821.64 0
-264.435 -3930.76 0
-285.621 -3989.29 0
-336.474 -3980.12 0
-442.063 -3918.1 1
-658.447 -4604.39 1
-655.834 -4601.63 0
