50.0638 25.4643 0
10.5113 46.5384 0
-12.0773 160.962 0
-9.315 210.271 0
-38.1393 219.805 0
-43.1612 213.073 0
45.2802 207.466 1
305.857 371.8 1
331.11 247.356 0
330.502 260.16 0
296.396 355.139 0
307.066 336.331 0
396.737 315.843 1
406.891 379.899 1
473.58 293.253 0
512.547 247.858 0
548.948 177.669 0
633.822 294.251 0
669.527 303.432 0
712.171 302.319 0
566.158 279.035 1
-560.905 1397.16 1
-607.279 1191.03 1
-661.07 1192.34 0
-684.754 1190.45 0
-845.959 1429.48 0
-794.532 1338.54 0
-764.883 1323.22 0
-728.975 1257.72 0
-716.628 1256.28 0
-727.663 1364.23 0
-760.925 1398.3 0
-816.768 1446.81 1
-716.069 1435.17 1
-1669.6 1804.06 0
-1383.44 1802.98 0
-1682.75 1563.65 1
-1758.77 1533.09 1
-1793.18 1451.15 1
-1798.64 1455.55 0
-1809.74 1466.77 0
-1806.09 1527.11 0
-1536.18 1595.38 1
-1523.98 1652.47 1
-1527.71 1694.44 0
-1528.77 1719.89 0
-1236.91 1169.02 0
-1259.4 1104.48 0
-1219.93 1020.25 0
-1127.57 1007.46 0
-140.327 1245.07 0
-107.171 1288.68 0
-103.673 1306.68 0
-150.765 1324.6 0
-186.328 1344.87 1
429.314 2106.16 1
470.842 1992.44 1
511.213 2011.81 1
544.035 2037.86 0
604.728 2059.3 0
618.959 2145.39 1
804.1 1781.61 1
622.637 1931.91 0
732.859 2041.92 0
743.496 2114.94 0
