-8.41679 38.229 0
-34.7405 126.403 0
-27.4964 209.06 0
73.7006 273.234 0
68.8601 278.683 0
54.7379 322.496 1
857.542 307.549 1
890.129 299.92 0
873.459 242.85 0
825.008 231.584 0
806.36 226.564 0
794.75 246.939 1
814.317 261.867 0
870.401 165.559 1
853.67 176.43 0
848.748 191.771 0
913.481 228.919 0
902.166 211.768 1
929.659 397.495 1
939.021 307.682 0
884.893 380.356 0
913.362 400.519 0
908.448 401.747 0
881.613 404.298 0
845.949 390.193 1
1345.48 512.311 1
1285.19 599.016 0
1221.78 621.683 0
1293.04 564.07 0
1302.63 524.544 0
1522.35 477.878 0
1515.57 463.852 0
1501.44 411.542 0
1554.04 387.674 0
1501 409.417 0
1542.06 407.946 0
1746.69 502.27 0
1779.67 552.711 0
1790.8 570.657 0
1848 536.624 1
2096.75 609.24 1
2082.49 573.143 0
2076.01 558.544 0
