8.2389 68.7736 0
43.1305 201.687 0
87.5931 259.825 1
183.918 -183.214 1
235.599 -273.401 0
199.194 -349.89 0
175.114 -338.059 0
188.056 -314.217 0
200.798 -274.18 0
178.521 -305.406 0
238.986 -209.459 0
357.975 26.4181 0
315.853 51.1867 0
309.432 94.2324 0
358.999 255.46 0
405.065 245.323 0
341.733 337.294 0
378.933 381.575 1
459.857 274.227 1
505.155 251.247 0
556.425 167.922 0
614.21 63.8885 0
590.798 7.43235 0
509.687 -23.2625 0
468.767 7.12107 0
309.278 235.903 0
279.422 325.283 0
330.365 405.056 0
706.684 485.651 0
636.524 463.946 0
447.455 432.778 0
769.019 -19.0094 0
778.135 47.7272 0
816.535 104.486 0
1721.93 897.348 0
1907.62 1068.13 0
1842.29 1107.23 0
1808.36 1169.35 1
2699.83 547.133 1
70.2297 30.1264 0
52.8802 17.1469 0
31.2964 13.5573 0
53.1739 10.3446 0
-308.248 82.0402 0
-328.844 90.5684 0
-343.784 97.5602 1
1499.37 314.883 1
1499.12 374.4 0
1551.14 355.55 0
1515.35 430.771 0
1480.81 515.266 0
1358.59 456.618 0
1279.35 424.128 0
1226.5 386.778 1
1218.82 397.093 1
1244.99 385.616 0
1233.42 483.197 0
1268.6 490.708 0
1394.93 489.96 1
1426.86 497.978 1
1474.01 456.309 0
1488 447.696 0
1505.74 400.607 0
1544.89 348.272 0
1517.88 302.322 0
1420.79 300.936 0
1552.58 343.516 0
1470.19 302.09 0
1395.73 691.531 0
1406.85 721.658 0
1440.74 688.886 0
1429.44 637.582 0
1442.55 652.956 0
1560.07 678.929 0
1582.99 729.997 0
1547.83 468.599 0
1602.81 333.198 0
1705 346.579 0
1689.01 371.386 0
1849.36 526.504 0
1823.4 513.341 1
1936.68 693.103 1
2285.75 330.883 0
2298.14 240.869 0
2157.58 491.945 0
2153.71 567.028 0
2177.11 611.517 0
