18.3028 15.7476 0
27.3945 28.7 0
38.7678 38.3621 0
-226.966 225.298 0
-179.158 184.565 0
-117.036 248.955 0
-236.917 407.359 0
-231.695 444.194 0
5.03279 457.477 0
-241.171 206.969 1
-215.604 276.631 0
-264.366 235.173 0
118.828 187.775 0
118.781 264.997 0
135.916 90.1629 0
63.0606 507.287 0
97.0129 500.537 0
83.7693 516.073 0
108.653 530.505 0
534.331 356.954 0
571.561 223.919 0
582.628 277.652 0
605.752 234.225 0
550.724 311.42 0
584.963 373.036 0
638.598 447.604 0
722.997 412.8 0
680.704 -38.9357 0
