7.23454 21.1885 0
-19.7488 22.32 0
-12.9983 55.0017 1
113.995 -112.962 1
291.713 112.877 0
359.269 163.881 0
463.848 170.36 0
552.411 103.909 0
659.8 -32.4263 0
655.266 -152.704 0
596.521 -109.547 0
601.306 -81.6436 0
725.878 -49.403 0
699.132 92.5681 0
588.206 185.164 0
718.531 33.2442 0
714.218 63.2639 0
705.835 63.7298 0
700.433 175.278 0
723.945 31.2193 0
725.386 230.193 0
636.973 -190.236 0
811.116 -183.918 0
873.22 -289.232 0
897.251 -380.578 0
947.266 -441.349 0
931.63 -389.54 0
862.068 -340.972 0
922.964 -364.947 1
198.668 132.658 1
358.928 81.9928 0
361.422 93.4749 0
486.803 -215.942 0
491.286 -182.953 0
557.666 -291.795 0
311.906 -181.963 0
382.81 -189.627 0
304.656 -59.5537 0
1298.37 -98.6244 0
1274.36 -167.819 0
1254.65 -174.926 0
1204.21 -101.461 0
1316.78 -134.457 0
1261.16 -213.511 0
1007.12 -513.676 1
2301.87 -1101.09 0
2272.06 -1069.26 0
2246.52 -1066.9 0
2242.94 -1020.92 0
