-10.3128 53.8492 0
-18.6485 114.351 0
9.74383 163.893 1
-3.12964 171.771 1
-15.568 169.504 0
-23.4038 218.514 0
-8.07601 314.133 0
27.1829 348.632 0
41.5234 245.794 0
59.2341 181.35 0
100.428 112.262 0
189.096 -66.4923 0
201.076 -48.9441 0
206.49 25.4303 0
146.888 176.057 0
82.6214 365.12 0
132.455 483.846 0
174.125 601.549 0
165.467 708.276 0
266.389 806.335 0
331.036 769.155 0
317.105 829.628 0
93.8359 452.785 0
45.6787 1773.18 0
114.902 1529.4 0
126.197 1463.86 1
79.8863 1433.54 0
72.7782 1474.32 0
103.221 1483.82 0
159.433 1440.5 0
173.544 1366.64 1
243.007 1363.04 1
268.688 1416.42 0
305.462 1369.51 0
295.34 1323.78 0
-258.753 1391.02 0
-318.142 1393.87 0
671.728 1655.14 0
843.627 1545.87 0
803.796 1535.95 0
1311.34 1418.23 1
1303.71 1355.3 0
1368.83 1366.17 0
1401.25 1296.08 0
1458.05 1209.5 0
1487.72 1170.69 0
1473.22 1258.38 0
1403.59 1326.02 0
1234.9 1589.49 1
1193.65 1630.43 1
1184.57 1658.43 0
895.156 1546.96 0
935.889 1557.52 0
1465.04 1472.31 0
1444.62 1510.78 0
1359.27 1488.99 0
1393.74 1466.85 0
1418.68 1352.63 0
