-7.80071 48.0055 0
33.5882 83.1192 0
-33.3208 141.469 0
-38.5688 161.704 0
-76.1296 154.382 0
-64.9447 189.292 0
-86.1286 392.835 0
-168.763 444.528 1
-596.279 -256.576 1
-558.522 -239.964 0
-1968.53 172.994 0
-1453.4 226.265 0
-1580.94 231.674 1
-1653.56 285.383 1
-1525.27 -116.932 0
-1523.65 -141.806 0
-1549.63 -168.531 0
-2372.87 146.679 0
-1994.24 151.451 0
-5727.71 5293.29 0
-5627.68 5004.06 0
-5559.02 4951.45 1
-5462.63 4891.04 1
-5407.13 4868.4 1
-5811.25 5502.64 1
-5830.13 5535.54 0
-5865.21 5565.13 0
-5882.95 5595.7 0
-5852.5 5534.81 0
-5840.12 5546.09 0
-5519.52 5633.92 0
-6248.91 6102.38 0
-6232.52 6110.74 1
-6301.4 6146.76 1
-6083.72 6222.33 1
-6092 6235.14 1
-6118.1 6241.81 1
-511.444 4754.62 0
-564.156 4752.72 0
-613.158 4784.42 0
-553.98 4778.16 0
-599.082 4800.8 0
-677.927 4911.67 0
-708.344 4893.75 1
-733.538 4898.47 1
-748.998 4870.93 0
-732.448 4932.48 0
-725.146 4913.96 1
-690.516 4983.52 1
-686.834 5006.65 0
-692.262 5028.86 0
-711.68 5043.69 0
-725.127 5080.66 1
-797.284 5112.38 1
-787.385 5130.43 0
-788.49 5071.35 1
-823.419 5084.64 1
-783.374 5100.54 0
-800.95 5095.63 0
-762.907 5073.18 0
-727.629 5146.48 0
-683.705 5111.93 0
-630.364 5072.25 0
-561.412 5036.09 0
-605.042 5020.71 0
-537.681 5051.24 0
-570.649 5110.41 0
-624.637 5100.82 0
-625.161 5050.47 1
135.993 4607.24 1
100.072 4597.96 0
167.218 4661.63 0
205.148 4847.78 0
142.327 4949.64 1
141.573 4957.84 1
178.722 4940.43 0
228.178 4911.99 0
122.546 4906.88 0
51.7228 4935.54 0
191.79 5039.98 1
242.383 5005.88 1
234.52 4992.52 0
222.666 5047.76 0
215.068 5130.03 0
198.461 5161.23 0
184.276 5157.9 1
163.202 5216.17 1
187.596 5216.52 0
198.6 5223.47 0
198.934 5225.78 0
230.02 5230.97 0
231.973 5248.9 0
193.933 5289.31 0
298.41 5283.3 0
215.444 5140.56 0
258.919 5094.39 0
348.421 5061.89 0
323.899 4990.13 0
606.193 4852.64 0
590.614 4784.13 0
541.944 4699.74 0
762.837 4596.01 0
761.058 4573.78 0
783.01 4554.66 0
794.103 4571.92 0
800.394 4552.85 0
813.325 4554.17 1
819.095 4578.67 1
821.334 4594.23 0
838.309 4559.74 0
846.865 4569.27 1
