23.7288 19.1181 0
-39.3176 19.3591 0
-51.5895 59.1758 0
-76.5 66.2826 0
-136.936 47.1811 1
-453.632 91.228 1
-370.722 81.784 0
-390.863 108.433 0
-313.436 167.973 0
-247.848 212.442 0
292.707 365.615 0
211.701 496.722 0
323.978 866.371 1
280.487 893.385 0
247.383 912.447 0
266.349 876.524 0
388.523 597.478 0
381.304 703.134 0
456.1 558.541 0
868.783 155.607 0
867.795 102.859 0
921.976 43.9062 0
997.188 65.2761 0
959.045 -171.783 0
937.409 -126.296 0
896.948 -56.2177 0
871.87 -3.61361 0
801.5 123.106 0
790.215 154.537 0
852.818 101.739 1
1660.04 -3199.61 1
1121.71 -3102.92 0
1145.6 -3078.4 0
1209.37 -3131.48 1
1168.14 -3093.91 1
1174.38 -3088.24 0
1277.67 -3040.3 0
1387.85 -3069.26 0
438.669 -3759.91 0
628.084 -3563.56 0
659.207 -3555.69 0
1073.71 -3536.36 0
1511.78 -2973.19 0
1635.21 -2634.66 1
1830.12 -2738.7 1
1548.99 -2603.67 0
1923.89 -2291.88 1
1965.07 -2283.43 1
1970.16 -2283.31 0
1968.99 -2293.36 0
1978.19 -2332.39 0
1999.86 -2396.6 1
2036.86 -2408.3 1
2063.31 -2456.48 0
2086.68 -2424.32 0
2038.56 -2291.8 0
2037.47 -2268.95 0
2004.24 -2232.46 1
