-3.78033 0.401952 0
107.87 -63.4042 0
147.103 -60.4982 0
188.938 -38.3696 0
219.119 -108.614 0
210.09 -163.584 0
261.831 -181.423 0
278.634 -230.012 0
290.851 -251.608 0
278.998 -67.6254 0
228.327 59.6485 0
191.315 227.672 0
269.974 319.247 0
241.257 255.325 0
297.432 289.337 0
308.412 71.0438 0
-127.048 135.711 0
-175.781 159.311 0
-126.053 188.791 0
-86.8602 326.056 0
-101.84 348.219 0
-154.014 351.267 0
-18.8538 369.201 0
-81.2671 397.846 0
-111.396 417.9 0
-74.8935 402.867 1
31.4526 -685.268 1
30.605 -685.588 0
12.6368 -710.276 0
320.802 -1028.81 0
231.548 -796.671 0
194.147 -749.057 0
162.854 -676.608 0
148.448 -536.867 0
299.397 287.53 0
180.731 372.208 0
238.48 128.782 1
304.055 0.23201 0
-195.292 5.427 0
-597.978 342.416 0
-632.508 320.955 0
-599.863 315.328 1
336.463 226.008 1
276.603 289.015 0
483.58 247.009 0
566.284 211.921 0
596.015 207.861 0
575.133 307.151 1
2439.05 -3749.51 1
2480.99 -3942.71 0
2320.61 -3922.92 0
2236.55 -3906.05 0
2217.62 -3910.58 0
2211.44 -3907.34 1
2194.24 -3854.03 1
2219.66 -3794.09 1
2359.35 -3808.32 1
2501.02 -3740.15 0
2468.71 -3764.36 0
2417.01 -3824.99 0
2472.12 -3780.04 0
2460 -3752.93 0
2422.39 -3699.5 0
2432.28 -3687.01 0
2584.74 -3725.99 0
2580.97 -3681.87 0
2531.25 -3652.78 0
2509.96 -3659.7 0
2517.87 -3667.99 1
2493.97 -3469.91 1
2464.23 -3412.26 0
2464.05 -3336.22 0
2344.6 -2999.92 0
2366.89 -2755.81 0
2355.25 -2681.62 0
2434.22 -2758.53 0
1679.62 -2747.22 1
1693.59 -2710.55 0
1770.99 -2734.67 0
1871.89 -2789.98 0
2541.42 -3205.71 0
3785.14 -5199.18 0
3631.86 -5338.39 0
3606.58 -5392.33 0
3592.66 -5414.39 0
3501.68 -5413.05 0
3524.03 -5416.22 0
6755.42 -6556.44 0
