-4.8771 13.1053 0
67.4099 41.0871 0
66.2973 115.91 0
74.9507 98.8148 0
74.3954 112.066 0
477.549 -26.7601 0
436.92 7.90962 1
449.695 -15.3522 1
431.705 47.6576 0
437.333 35.2613 0
549.151 -106.846 0
556.651 -160.561 0
1216.77 -659.985 0
1196.14 -628.943 0
1250.14 -637.588 0
1270.2 -700.525 0
1283.6 -688.589 0
1305.65 -672.867 0
1319.53 -717.276 0
1096.93 -248.199 0
1098.12 -169.01 0
1189.5 -22.4519 0
1145.79 22.8955 0
1146.37 46.7808 0
1146.96 105.032 1
1845.31 -584.961 1
1818.19 -540.615 0
2051.42 -541.748 0
1754.11 -921.713 0
1748.64 -908.864 0
1768.23 -898.572 0
1763.97 -844.297 0
1696.77 -800.233 0
1495.82 -786.686 1
1543.85 -800.51 1
1518.19 -792.015 1
701.818 -624.77 0
712.476 -637.028 0
729.686 -665.386 0
791.005 -672.843 0
863.727 -652.13 0
861.574 -617.332 0
1986.72 -96.2394 0
1947.45 -71.2098 1
1910.65 66.0154 1
1276.47 203.04 0
1623.29 82.1649 1
1735.62 -59.7853 0
1949.25 -323.245 0
1915.1 -340.979 0
1899.71 -368.917 0
1861.32 -361.182 0
1879.85 -453.059 0
1907.02 -611.523 0
1800.18 -454.631 0
1787.65 -475.101 0
1774.66 -450.828 0
1795.2 -480.592 1
1863.81 -508.009 1
1904.41 140.228 0
1973.31 81.7813 0
1965.74 58.9653 1
1780.4 365.775 1
1817.52 361.18 0
1801.52 376.854 0
1817.68 392.622 1
