83.2467 11.6415 0
88.5143 -35.4311 0
164.524 -105.002 0
202.137 -132.866 0
224.031 -137.724 0
215.619 -30.5986 0
161.797 32.4296 0
169.99 55.8935 0
189.455 55.6414 0
147.708 106.279 0
-3.1037 138.226 0
8.73842 185.62 1
3203.09 -1265.23 1
3194.31 -1166.73 0
3199.76 -1151.38 0
3154.65 -1128.22 0
3159.16 -1118.41 0
3128.8 -1179.89 0
3174.63 -1188.86 0
3161.76 -1204.89 0
3175.35 -1220.72 0
3236.7 -1186.73 0
3263.21 -1206.65 0
3182.93 -1179.6 0
3254.88 -1212.09 0
3264.02 -1238.46 0
3439.2 -1520.89 0
3433.22 -1488.82 0
3421.59 -1409.97 0
3485.68 -1261.1 0
3450.02 -1199.44 0
3432.07 -1144.7 0
3278.84 -1060.67 0
3231.8 -1012.97 0
3187.26 -1014.15 0
3161.59 -1012.31 0
3123.69 -999.538 0
3093.09 -989.438 0
3068.36 -1010.23 0
3097.71 -1052.75 0
3115.56 -1036.8 0
3106.24 -1031.31 0
3147.23 -731.549 0
3109.48 -646.546 0
3150.39 -595.239 0
3159.22 -524.676 0
3168.36 -489.081 0
3186.24 -484.782 0
3324.6 -358.272 0
3349.45 -410.968 0
3318.32 -432.612 0
3314.39 -408.307 1
3270.26 -380.888 1
3643.42 -188.194 0
3598.17 -84.0653 0
3724.18 -405.573 0
4209.3 -332.354 0
4193.11 -566.053 0
4153.85 -465.398 0
4109.27 -442.024 0
4068.59 -444.387 0
4113.88 -589.263 0
4249.33 -667.168 0
4214.61 -624.45 0
4095.08 -496.119 0
4113.65 -540.151 1
4169.57 -546.545 1
4353.85 -584.43 0
4297.44 -577.369 0
4210.38 -576.154 0
4302.23 -499.671 0
4039.57 -642.222 0
4050.25 -668.906 0
4054.54 -667.218 0
4061.85 -674.292 0
4059.36 -731.076 1
3848.68 -693.148 1
3807.32 -648.615 0
3510.13 24.9247 0
2543.18 147.448 0
2593.47 147.268 0
2580.13 149.271 0
2576.67 93.457 0
2632.43 -206.187 1
2659.89 -197.218 0
2616.15 -141.34 0
2675.51 -142.26 1
2590.57 -99.8733 1
2649.26 -135.377 0
2709.13 29.3214 0
2869.6 76.5376 0
2808.47 137.478 0
2548.57 194.023 0
2470.63 277.977 0
2455.07 203.934 0
2514.11 266.84 1
2505.02 292.334 1
2247 406.314 0
2210.91 461.65 0
2529.95 402.476 0
2832.61 310.548 0
2875.35 315.097 1
-17040.2 347.562 1
-17049.3 405.228 0
-17013.1 389.109 0
-17067.3 414.379 0
-17110.7 380.481 0
-17138.5 337.802 1
-17263 379.861 1
-17329.7 417.265 0
-17504.1 423.371 0
-17477.5 465.786 0
-17401.4 479.494 0
-15951.5 136.1 0
-15966.3 123.362 0
