-12.1938 -17.4428 0
-7.64094 2.55865 0
6.21972 -48.1769 0
32.1129 -146.594 0
140.339 -246.501 0
161.281 -343.879 0
185.071 -383.253 0
170.001 -382.122 0
2.09409 -141.673 0
-206.078 -2372.96 0
-226.37 -2362.58 0
-47.9465 -2251.67 0
-37.9293 -1860.55 0
847.424 -1750.23 0
805.24 -1814.05 0
263.414 -1885.7 0
248.243 -1893.55 0
290.743 -1952.87 0
409.307 -1915.1 0
502.859 -1919.97 0
598.698 -1932.7 0
683.226 -1950.49 0
667.151 -1890.6 0
686.901 -1827.7 0
663.138 -1700.29 0
560.478 -1581.23 0
528.473 -1559.74 0
474.568 -1660.9 0
441.162 -1692.74 0
427.274 -1688.92 0
469.218 -1228.8 0
238.137 525.642 0
137.736 604.114 0
130.962 628.648 0
90.7212 668.219 0
275.227 633.818 0
339.041 570.352 0
313.677 437.929 0
267.514 535.125 0
265.453 588.779 0
132.701 543.083 0
324.906 248.435 0
350.203 164.402 0
423.903 123.898 0
505.419 -25.3609 0
581.109 -216.053 0
640.404 -396.385 0
617.864 -448.447 0
615.953 -479.577 0
646.934 -446.843 0
684.397 -442.024 0
676.135 -406.172 0
642.245 -347.417 0
617.196 -283.027 0
-250.901 814.256 0
-207.188 843.694 0
-223.052 975.803 0
-262.808 983.245 0
679.122 1298.97 1
53.3976 721.844 0
70.2785 734.305 0
1782.97 546.546 0
1733.48 521.813 0
1657.7 466.765 0
1592.47 521.259 0
1591.61 574.516 0
1557.13 632.99 0
1572.43 672.042 0
1608.17 594.744 0
1633.95 647.827 0
1701.32 653.101 0
1648.65 681.752 0
1819.18 1006.23 0
1903.36 625.409 1
1841.96 640.663 0
1775.84 607.848 0
1743.93 623.489 0
1727.99 652.681 0
1796.6 634.153 0
1802.67 608.546 0
1912.07 524.232 1
1919.6 535.551 1
1931.2 540.67 0
1954.01 572.069 0
1954.7 599.739 0
1929.56 627.324 0
1953.03 691.807 0
1870.26 662.659 0
1863.89 651.028 0
1995.18 681.5 0
1979.07 711.629 1
1932.31 774.975 1
1848.82 844.074 0
1947.94 896.138 0
2086.51 835.503 0
2012.41 812.417 0
2064.9 788.31 0
2083.05 762.898 0
2064.21 741.609 0
2051.82 730.954 0
2032.07 719.115 0
2075.97 680.593 0
2100.24 667.149 0
2097.76 692.327 0
2113.02 748.766 0
2035.7 776.202 0
1951.95 808.298 0
2082.06 763.646 0
2121.36 752.874 0
2169.09 736.512 0
1886.44 919.712 1
977.149 2668.65 0
