43.2021 55.1567 0
56.6456 78.1234 0
51.4243 52.114 0
-41.3021 158.439 1
-59.6543 239.361 0
-9.51582 228.367 0
426.765 164.019 0
500.748 108.375 0
549.28 97.1301 0
573.752 57.6798 0
549.865 111.483 0
541.68 124.083 0
563.993 115.587 0
564.612 60.9621 0
554.644 142.578 1
384.318 -142.743 1
412.269 -161.209 0
546.222 -253.754 0
535.267 -184.313 0
505.942 -98.5049 0
493.646 -55.5594 0
481.308 -35.0197 0
472.586 -38.7608 0
460.9 -55.0526 0
251.185 -115.417 0
235.421 -97.7481 0
333.706 -1.8548 0
392.596 -98.3671 0
378.591 -141.737 0
390.612 -172.579 0
597.086 -230.197 1
622.873 -183.409 0
629.463 -105.129 0
512.034 170.834 0
519.052 78.2131 0
475.92 -24.1211 0
465.496 -49.3695 0
641.091 23.6896 0
-342.921 -785.179 0
-256.94 -535.766 0
-216.451 -449.267 0
-249.069 -431.727 0
-1201.93 -966.899 0
-1406.71 -1095.47 0
-1352.04 -1062.98 0
-1348.17 -1023.95 0
-1345.73 -1021.07 0
-1314.58 -962.164 0
-1286.76 -1129.57 1
-1271.39 -1115.85 1
-1079.48 -1088.75 0
-3065.66 -669.143 1
-2839.45 -526.723 0
-2341.01 -616.29 1
-1514.28 -638.495 0
-1536.69 -623.259 0
-1551 -628.612 0
-1390.66 -492.124 0
-897.47 -586.223 0
-916.813 -601.188 0
-944.031 -588.837 0
-914.304 -624.768 0
-901.757 -667.167 0
-741.311 -580.179 0
-698.651 -540.915 0
