74.0629 95.9843 0
22.0991 100.485 0
-51.5581 117.733 0
-87.6778 142.412 0
-83.5132 160.891 0
-75.8177 178.682 0
568.628 308.986 0
710.533 98.3678 0
795.785 59.9187 0
849.494 -15.649 0
598.543 20.2136 0
617.071 12.0754 0
638.373 67.8518 0
618.35 84.2323 0
609.804 110.683 0
668.175 164.352 0
683.283 171.523 0
409.52 207.425 0
364.811 251.664 0
376.948 290.067 0
585.726 285.901 0
659.729 274.969 0
718.917 256.429 1
680.505 -410.466 1
615.287 -467.206 0
592.786 -475.59 0
586.459 -462.334 0
579.817 -413.359 0
637.554 -414.472 0
665.041 -377.971 1
1323.06 -382.178 1
1308.67 -395.618 0
1298.34 -402.741 0
1303.32 -403.023 0
1294.08 -414.769 0
1358.75 -420.549 0
1413.96 -546.215 0
1403.97 -524.84 0
1342.27 -439.389 0
1172.34 -225.552 0
1453.45 -269.891 0
1186.19 -197.776 0
1055.48 -47.6728 0
951.081 63.2175 0
438.066 821.458 0
442.872 748.972 0
468.267 727.897 1
1545.65 270.145 1
1471.44 267.706 0
1420.58 460.676 0
1451.87 481.776 0
1458.88 530.371 0
1498.38 600.423 0
1549.49 579.315 0
1592.54 567.07 0
1644.78 489.974 0
1624.17 485.61 0
1595.53 539.205 0
1535.73 622.038 0
1551.14 625.896 0
1561.74 628.136 0
1642.91 661.807 0
1669.57 620.576 0
1536.26 616.464 0
1500.46 593.766 0
1610.78 654.278 0
1598.47 744.659 0
1766.93 724.07 0
1930.21 611.643 1
1959.9 605.43 0
2059.81 543.935 0
2156.94 412.24 0
2224.27 308.691 0
