23.3727 29.8043 0
22.7814 105.081 0
31.0773 76.3544 0
36.9386 7.77834 1
137.385 54.8107 1
48.981 165.756 0
56.5176 138.283 0
213.801 -80.7089 0
361.609 -109.123 0
1416.65 -556.829 0
1355.91 -644.364 1
-2311.48 -773.793 0
-2224.02 -742.967 0
-2081.42 -632.74 0
-2070.34 -611.224 0
-1287.95 -475.767 1
-1141.16 -649.353 0
-1184.18 -679.861 0
-1199.13 -661.814 0
-1306.44 -534.942 0
-1225.07 -430.225 0
-1300.81 -523.148 0
-1207.79 -402.759 0
-1217.8 -416.19 0
-1224.15 -424.624 0
-1198.61 -414.829 0
-1249.89 -436.034 0
-1230.09 -370.716 0
-1142.9 -378.517 0
-1155.32 -369.096 0
-1154.02 -356.609 0
-1124.54 -354.714 0
-1160.05 -387.415 0
-1180.21 -411.389 0
-1198.88 -514.782 0
-1202.07 -506.716 0
-1221.99 -517.963 1
-1244.26 -472.892 1
-1228.9 -472.111 0
-1218.59 -466.954 0
-1443.96 -333.95 0
-1427.21 -290.129 0
-1553.71 -185.701 0
-1645.46 -122.42 0
-1601.81 -52.3777 0
-1695.33 -56.4452 0
-979.253 27.0404 0
-1044.01 63.504 0
-1048.41 60.2931 1
-1053.79 84.0041 1
-1114.31 73.6673 0
-1144.03 68.6932 0
-1140.85 77.9157 0
-1004.83 73.8465 0
-966.077 76.9046 0
-947.676 33.5624 0
-932.671 89.3801 1
-976.255 140.055 1
-697.37 472.616 0
-580.161 -141.854 0
-562.295 -138.92 0
-521.332 110.7 0
-522.172 297.395 0
-506.703 393.872 0
-670.57 359.096 0
-279.762 107.225 0
-337.657 -113.203 0
-360.169 -147.104 0
-380.241 -230.763 0
-414.67 -254.503 0
-461.358 -229.873 0
-422.249 -267.206 0
-159.802 -143.985 0
285.215 -738.133 0
579.818 -368.34 0
