-24.8969 57.7382 0
275.777 91.4367 0
326.065 33.3837 0
356.643 24.31 0
350.837 -17.4058 0
357.848 48.1493 0
340.965 75.0489 0
-79.3405 -64.391 0
-123.005 -42.6579 0
-95.2541 149.374 0
-96.1058 138.511 1
-18.4462 80.5664 1
-46.7841 106.693 0
-75.0635 94.2863 0
-24.3418 99.5479 0
16.4835 102.165 1
979.504 181.822 1
979.408 186.568 0
1002.71 182.465 0
922.767 252.494 0
888.204 306.402 0
840.098 245.568 0
814.11 237.703 0
792.647 223.02 0
764.334 215.599 0
799.426 260.254 0
756.32 247.357 0
186.438 89.9115 0
166.314 89.0629 0
155.62 110.119 0
165.376 160.137 0
731.636 115.258 1
665.696 -70.5797 0
716.222 -61.6847 0
763.399 -16.916 0
743.343 36.3217 0
733.709 64.0024 0
716.416 67.128 0
709.931 99.5287 0
731.782 234.659 0
671.249 303.508 1
646.467 374.395 1
725.858 382.462 0
896.106 144.311 0
2032.87 -1429.88 0
2079.14 -1353.64 0
5554.58 -936.86 0
