-10.4227 35.1598 0
26.4376 52.6662 0
59.3807 67.4274 0
85.0777 57.7932 0
77.0774 60.4778 0
70.051 19.7465 0
205.704 -21.1263 1
360.464 -125.546 0
367.566 -99.5856 1
386.495 -107.907 1
436.049 -92.6969 0
343.711 -14.4141 0
334.597 60.2467 0
322.368 60.7767 0
385.88 119.878 0
381.782 94.4786 0
385.546 128.601 0
391.973 140.543 0
390.098 134.365 0
305.66 181.95 0
303.784 221.604 0
353.683 238.157 0
360.641 269.686 0
344.994 233.01 0
317.07 228.676 0
296.771 226.569 0
402.981 115.096 0
371.067 235.022 0
293.943 423.228 0
382.368 301.865 0
388.894 319.281 0
346.494 319.524 0
-81.2462 568.043 0
64.1658 417.459 1
340.321 228.264 1
353.437 291.873 0
358.649 323.852 0
365.196 272.942 0
443.911 197.277 0
448.527 176.523 0
225.078 43.3762 0
248.805 96.9538 0
336.25 103.244 0
292.988 138.946 0
280.095 168.525 0
331.279 205.764 0
461.439 158.357 0
-279.499 956.295 0
-204.198 905.853 0
-175.594 863.753 1
-729.33 549.3 1
-729.229 604.778 0
-678.075 649.593 0
-927.282 680.996 0
-870.438 712.289 0
-814.196 654.057 0
-810.87 561.792 0
-859.423 572.778 1
-771.667 252.032 1
-575.008 347.016 0
-154.913 156.135 0
1369.4 387.32 0
1329.42 390.223 0
1324.33 360.635 0
