9.28842 5.30086 0
11.0205 17.1484 0
2.86253 14.7801 0
42.4278 13.3612 0
100.959 28.9513 0
154.535 8.01052 0
2040.8 -709.784 0
2057.64 -697.459 0
2098.9 -718.648 0
1695.51 -140.666 0
1688.27 -208.043 1
1222.52 -700.754 1
1213.6 -713.992 0
1243.52 -738.033 0
1279.52 -706.272 0
1251.83 -667.812 1
1699.82 -864.355 1
1701.85 -852.485 0
1700.14 -843.247 0
1470.67 -491.072 0
1505.38 -539.529 1
1493.04 -516.933 1
1580.45 -512.481 0
1548.49 -517.251 0
1571.98 -475.799 0
1596.14 -489.508 0
1607.07 -477.871 0
1592.28 -513.757 0
1624.9 -539.261 0
1697.94 -520.912 0
1633.58 -570.734 0
1572.84 -621.345 0
1475.8 -643.337 0
1450.88 -633.802 0
1465.69 -634.255 0
1440.59 -658.72 1
1528.73 -647.569 1
1526.55 -573.937 0
1665.92 -610.81 0
1673.02 -608.476 0
1650.55 -612.626 0
1486.54 -596.322 0
1213.56 -619.996 0
1226.51 -803.187 1
1259.44 -833.525 0
1387.21 -798.216 1
1892.07 -723.675 1
1870.89 -779.229 0
1823.62 -765.735 0
1797.56 -726.254 1
932.076 -360.968 1
988.319 -346.901 0
947.495 -322.74 0
995.995 -322.967 1
1852.28 -369.341 1
1822.74 -318.906 0
1787.04 -256.504 0
1851.9 -232.246 0
1955.33 -205.424 0
2105.09 -427.566 1
2100.24 -443.146 0
2087.43 -452.199 0
2133.73 -400.507 0
2181.87 -243.478 0
2182.23 -130.045 0
2204.96 -28.3681 0
2274.01 -73.9379 1
