95.3461 41.7784 0
108.351 40.354 0
50.136 9.3896 0
60.1288 13.2197 0
188.752 44.235 0
365.604 -31.7662 0
405.548 20.815 1
477.79 35.4257 1
527.319 -85.6957 0
530.209 -119.893 0
541.693 -174.211 0
540.836 -163.434 0
584.189 -120.964 0
535.259 -156.696 0
521.42 -201.091 0
568.461 -224.362 0
600.953 -300.162 1
1205.75 -297.136 1
1191.64 -241.204 0
1219.24 -323.302 0
1217.38 -377.67 0
1216.71 -423.24 0
1388.48 -459.841 0
1311.38 -280.012 0
1246.92 -306.767 0
1312.51 -229.281 0
1396.66 -120.216 0
1547.78 -52.0291 0
1520.27 81.6554 0
1493.35 -161.969 1
1533.83 -305.576 0
1576.48 -320.02 0
1574.52 -363.332 0
1723.06 -324.699 1
1729.18 -347.958 1
1720.49 -310.744 0
1683.05 -335.28 0
1653.02 -314.455 1
1681.03 -94.0961 1
1756.69 -112.066 0
1844.28 -124.854 0
1931.1 -141.874 0
