0.653149 -0.228565 0
59.0968 -26.0533 0
67.9024 -90.2262 1
-226.942 -198.294 1
-204.592 -169.54 0
-184.428 -179.997 0
-181.577 -112.174 0
-148.094 -13.4661 0
-28.0322 -123.174 0
-68.4559 -114.84 0
-64.8002 -88.4938 0
-72.7777 -70.5522 0
-7.27346 -78.2459 0
-40.5092 -78.2153 0
-79.9476 -46.0753 0
-167.294 -54.2119 0
-155.181 -55.7816 0
-126.338 -76.4347 0
35.5004 -120.25 0
15.6977 -32.4016 0
-5.71965 -47.8149 0
-70.2868 -115.723 0
-22.7891 -224.947 0
-66.3208 -142.681 0
-70.3446 -145.091 0
35.2825 -249.416 0
225.518 -301.356 0
56.4333 -109.438 0
-22.2402 -45.4868 0
-138.439 265.837 0
-101.462 438.96 0
-187.276 576.004 0
-148.711 789.042 0
-297.181 -707.694 0
-275.696 -602.842 0
-279.011 -537.939 0
-239.706 -374.263 0
-392.011 -231.875 0
-319.114 -226.609 0
-304.297 -325.257 0
-867.604 420.093 1
-596.258 140.815 0
-554.29 -13.9377 1
-352.151 -316.501 0
-139.845 -319.38 0
-157.546 -320.125 0
-133.514 -304.5 0
-286.014 -340.501 0
-306.115 -294.749 0
-287.445 -268.705 0
-276.163 -282.64 0
-290.647 -247.323 0
-389.278 -143.219 0
-319.972 -60.7487 0
-461.99 153.214 0
-342.385 77.403 0
-363.557 97.0396 0
-167.723 -146.333 0
-156.147 -91.8118 0
-144.995 -44.409 0
-80.7883 -54.1264 0
87.8745 -86.0769 0
100.118 -11.9016 0
-299.91 -1.08323 0
-311.416 45.6284 0
-481.347 -489.85 0
-442.79 -481.622 0
-260.588 -556.334 0
-131.009 -590.115 0
-125.735 -557.169 0
-90.793 -552.716 0
-148.285 -559.787 0
47.8694 -628.011 0
42.6127 -609.739 0
80.1025 -656.62 0
136.195 -648.855 0
-1296.71 -127.784 1
-1258.57 -163.735 1
22124.1 -4720.24 1
