-46.7737 -2.03114 1
500.822 -1755.79 1
515.932 -1675.02 0
526.585 -1686.99 0
538.286 -1650.44 1
496.489 -1798.85 1
507.583 -1781.43 0
520.89 -1744.36 0
473.848 -1778.31 0
527.834 -1753.66 0
437.231 -1741.3 0
507.722 -1739.84 0
495.521 -1688.36 1
499.146 -1653.83 1
536.033 -1654.65 0
523.278 -1627.1 0
636.141 -1636.18 0
376.526 -1411.84 1
102.073 -1121.61 0
109.237 -1065.46 0
43.4377 -904.358 0
58.0567 -841.494 0
49.037 -831.45 0
49.8612 -802.084 0
-36.6674 -758.784 1
-104.045 -717.302 1
-51.6164 -644.268 0
-65.2683 -562.712 0
-94.2365 -531.216 0
-47.3431 -564.481 1
-415.246 524.752 1
-504.26 577.896 0
-532.726 506.371 0
-479.635 469.971 0
-425.965 496.731 0
-459.771 466.507 1
-401.059 432.196 1
-875.025 -949.198 0
-850.153 -898.347 0
-906.942 -849.863 0
-835.93 -880.68 0
-668.953 -1046.63 0
-648.517 -1117.37 0
-636.303 -1077.13 0
-658.894 -1023.22 0
-1043.04 -870.56 0
-1049.47 -838.684 0
-1103.36 -817.055 1
-1134.64 -751.807 1
-1207 -638.585 0
-1253.34 -533.797 0
-1076.58 -287.32 0
-865.699 -199.906 1
-853.804 -162.199 1
-832.251 316.738 0
-912.438 654.005 1
-930.216 957.649 0
-889.407 995.891 0
-924.674 1032.39 0
-880.458 1018.39 0
-831 999.74 0
-794.419 995.481 0
-842.399 1178.08 0
-872.709 1235.02 0
-915.151 1329.44 0
-891.01 1261.74 0
-1137.26 713.503 0
-1230.2 532.944 0
-1308.2 438.206 0
-1243.06 514.842 0
-1213.54 532.248 0
-1216.64 536.5 1
-2455.91 471.644 1
-2047.89 657.86 0
-2025.96 593.065 0
-2077.47 604.267 0
-2116.82 644.256 0
-2253.63 967.814 0
-2351.52 1002.45 0
-2526.97 796.566 0
-2522.71 757.94 0
-2844.26 1045.32 0
-2945.6 1152.48 0
-2722.72 897.17 0
-3075.74 583.984 0
-3071.12 538.092 0
-3055.45 518.734 1
-3494.96 -226.445 1
-3494.57 -271.79 0
-3616.9 -301.026 0
-3595.05 -355.869 0
-3266.6 -246.321 1
-6329.34 5045.03 1
-6430.12 5232.31 1
-6427.68 5267.51 0
-6392.54 4180.32 0
-6372.01 4143.96 0
-6352.39 4070.72 0
-6347.79 3993.33 1
-6335.87 4002.92 1
-6326.73 4024.67 0
-6288 4077.04 1
-5997.39 4226.21 1
-6048 4262.66 0
-6210.29 4034.63 0
