-9.57496 -33.2521 0
-25.178 -40.2888 0
-51.6665 -75.5914 0
-78.8577 -69.5513 0
-74.3034 -91.547 0
-100.026 -134.479 0
-1.33469 -150.803 1
51.9084 -118.488 1
124.762 -159.815 0
105.62 -137.075 0
882.815 5.53535 1
808.15 40.6879 0
771.447 25.0499 0
721.177 39.1562 0
723.511 33.6975 1
727.776 53.3208 1
735.214 79.655 0
679.561 147.677 0
671.012 146.204 1
779.093 134.002 1
825.932 78.5155 0
805.969 135.116 0
870.618 124.211 0
871.584 63.1103 0
874.632 -7.76634 0
878.221 6.30557 0
921.058 33.4027 0
843.146 32.4538 0
823.383 96.5337 0
851.343 92.8512 0
841.152 -24.2456 1
872.111 -64.7029 1
1058.42 -239.214 0
1105.83 -312.306 0
1133.1 -380.5 0
1122.91 -372.807 0
1116.77 -374.665 0
1133.33 -377.149 0
1156.33 -367.639 0
1136.26 -352.706 0
1102.73 -338.406 0
970.835 -274.916 0
1063.17 -91.5016 0
1120.04 -119.422 0
1082.7 -184.249 0
852.176 -153.505 0
1156.3 -344.846 0
1279.97 -309.8 0
1272.97 -296.656 0
1265.65 -169.152 0
1346.11 -108.38 0
1321.6 -95.2683 0
1287.46 -97.1748 0
1245.95 -107.599 0
1228.17 -113.595 1
1855.07 -333.312 1
1835.04 -293.966 0
1803.52 -291.433 0
1819.94 -241.425 0
1855.28 -219.802 0
1935.2 -273.858 0
2922.18 -1184.58 1
