129.115 29.768 0
190.308 16.6093 0
111.749 -61.9206 0
86.9707 -31.8693 0
147.221 69.7262 0
194.824 118.159 0
252.379 160.07 0
248.611 173.016 1
189.224 -230.854 0
222.435 -131.88 1
228.895 -115.653 0
273.217 -52.8612 0
298.427 -36.3827 0
339.18 -13.0913 0
351.292 20.0819 0
416.243 106.026 0
448.963 127.182 0
477.745 93.7722 0
521.533 28.8152 0
578.684 -30.2667 0
572.187 36.8665 0
532.049 124.154 0
483.731 152.913 0
1018.18 97.6131 0
994.537 42.3284 0
971.882 -13.4824 0
879.309 -32.395 0
852.738 -83.5059 0
817.16 -76.4015 0
831.943 -26.8596 0
862.052 -11.3791 0
892.823 -84.3981 1
904.619 -58.7729 1
869.243 31.6766 0
855.456 18.4033 0
856.642 13.578 0
841.98 0.493674 0
819.789 15.5955 0
742.275 -87.8096 0
714.642 -36.9499 0
728.683 3.29137 0
735.527 40.9519 0
727.642 90.1591 1
724.443 -27.4411 0
811.454 111.103 1
990.662 -122.279 0
912.53 -152.932 0
1099.34 -183.877 0
1071.12 -63.5207 0
1017.95 100.851 0
1030.44 179.153 0
978.965 249.633 0
895.983 263.361 0
888.904 263.422 0
864.967 79.5808 0
866.896 47.6165 0
898.758 -29.9027 0
950.845 -75.861 0
1183.87 -134.908 0
1157.34 -164.445 0
1242.36 -193.928 0
1214.62 -167.646 0
1580.39 -343.159 0
1578 -320.442 0
