21.3628 69.7331 0
52.5215 131.481 0
53.3619 138.734 0
25.5392 147.087 0
-15.8212 158.502 0
10.2809 195.628 0
21.2971 176.612 0
181.93 91.6956 0
406.816 -264.907 1
403.872 -267.478 0
416.198 -247.319 0
419.476 -264.724 0
365.634 -295.337 0
383.315 -228.606 0
541.951 -211.174 0
525.697 -227.723 0
911.833 -2.12346 0
927.573 -20.5118 0
961.441 50.1855 0
993.851 98.0049 0
1039.32 52.5483 0
1127.08 134.303 0
1112.75 139.037 0
1093.56 127.866 1
928.426 -64.9383 1
917.72 -122.702 0
918.343 -128.064 0
913.885 -164.191 0
1148.9 -54.2339 1
1179.86 -43.8262 1
1175.78 585.272 0
1147.47 1189.55 0
1017.86 1327.54 0
918.601 1361.72 0
834.594 1304.31 0
825.878 1273.49 1
766.145 1142.49 1
802.614 1210.35 0
854.606 1146.8 0
775.26 1164.91 0
803.745 1135.53 1
808.213 1136.23 1
817.245 1152.49 0
872.229 1175.11 0
799.675 1175.79 0
