1.01182 -1.6988 0
194.357 130.465 0
144.711 96.2466 0
254.732 79.0157 0
571.543 -37.3747 0
631.63 -40.3425 0
613.252 -50.59 0
616.435 10.2704 0
622.574 161.811 0
598.853 88.268 1
649.063 28.6749 1
1032.43 -267.592 0
973.533 -280.462 0
944.961 -307.663 0
968.828 -307.154 0
862.076 -459.246 0
828.488 -458.227 0
947.561 -393.394 0
741.961 -234.644 0
694.954 -292.945 0
715.185 -296.225 0
878.159 -202.08 0
946.789 -228.382 0
1024.07 -245.043 0
1038.08 -284.15 0
1059.43 -355.148 0
1089.92 -415.051 0
1091.47 -461.022 0
1095.09 -399.154 0
1068.42 -335.915 0
1095.71 -274.257 0
995.559 -315.208 0
1013.53 -229.532 0
1034.35 -151.117 0
1094.83 -137.044 0
1133.03 -214.982 0
1168.49 -225.928 0
1170.24 -250.157 0
1187.26 -197.657 0
1142.85 214.708 0
1163.41 476.618 0
1160.05 498.707 0
1195.32 556.961 0
1080.46 623.309 0
1123.47 596.323 0
1177.93 578.665 0
1190.25 505.9 0
1200.45 480.222 0
1255.11 459.496 0
1244.45 484.53 0
1236.49 484.37 1
1238.25 459.671 1
1195.33 344.395 0
1392.53 37.3215 0
1544.74 106.839 0
1519.36 184.437 0
1490.53 264.081 0
1462.58 304.888 0
1511.25 337.104 0
1448.87 369.118 0
1223.47 369.953 0
1250.05 350.705 1
1014.32 -18.8467 1
1071.24 69.9926 0
985.875 122.029 0
778.458 250.548 0
787.79 241.465 0
899.028 219.149 0
1030.6 167.77 0
883.312 85.8277 1
868.959 108.044 1
854.318 130.175 0
877.526 106.014 0
712.707 142.076 0
684.257 121.334 0
747.482 2.9364 0
783.986 -58.7516 0
757.922 -423.305 0
692.536 -549.37 0
691.436 -541.865 0
835.89 -718.326 0
907.326 -676.313 0
