-24.4904 3.98728 0
-49.9889 -66.0142 0
28.9323 -35.2236 0
90.4316 6.22708 1
173.906 -68.0943 1
177.687 -35.7393 0
252.044 0.810936 0
257.103 -11.3887 0
220.427 -102.812 0
154.94 -118.79 0
160.706 -138.443 0
122.198 -165.074 0
88.3853 -123.224 0
104.426 -81.1777 0
12.5347 -51.3313 1
-630.094 -236.666 1
-629.165 -227.662 0
-643.568 -208.98 0
-652.503 -160.681 0
-649.182 -89.0531 0
-470.677 -89.7023 0
155.921 -68.678 0
171.755 -178.636 1
216.507 -121.979 1
279.741 -320.418 0
295.964 -293.974 0
275.06 -226.925 0
242.262 -159.005 0
231.317 -168.434 0
220.8 -193.21 0
209.073 -210.762 1
21.5545 -158.737 1
-17.4911 -183.205 0
-25.4326 -175.813 0
13.9095 -84.9827 0
212.121 -105.056 0
554.653 97.1023 0
579.297 117.886 0
600.753 205.965 0
560.18 225.071 0
481.396 204.083 0
166.572 204.418 1
1384.15 -738.85 1
1316.17 -728.926 0
1256.72 -734.422 0
1321.65 -742.213 0
1197.83 -640.729 0
1161.71 -504.278 0
1645.57 -426.4 0
1790.31 -409.396 0
1903.36 -446.944 0
1880.03 -430.939 0
1890.94 -425.618 0
1866.01 -397.084 0
1821.66 -372.331 0
1762.08 -366.917 0
1755.34 -367.45 0
1761.52 -354.71 0
1693.57 -323.987 0
1687.77 -305.234 0
1648.75 -354.294 0
1592.23 -321.644 0
1635.31 -361.896 0
2109.7 -363.442 1
2174.92 -465.638 0
2137 -546.593 0
2198.29 -552.238 0
2201.55 -565.343 0
2182.03 -569.383 0
