-54.7947 21.5286 0
-2.57042 44.1911 0
-7.63498 154.44 0
-70.8854 196.102 0
-63.7022 276.741 0
-41.689 218.614 0
-40.3675 221.26 0
-73.3351 191.715 0
-38.5577 238.633 0
-100.866 217.202 0
-100.989 132.26 0
-67.4411 302.99 0
-70.5769 404.66 0
-58.9719 219.164 0
-11.7309 119.604 0
7.42705 156.907 0
-28.6968 151.763 0
110.858 255.64 0
221.569 56.7516 0
273.498 -56.9904 0
-87.3981 674.013 0
-78.1299 700.627 0
-11.8312 793.617 0
-80.5381 801.194 0
-131.343 825.554 0
-354.586 814.328 0
-335.321 725.285 0
-376.488 758.587 0
-430.391 750.667 0
-288.321 716.408 0
-347.76 779.789 0
-374.651 811.904 0
-1073.38 549.769 1
1092.18 1338.89 0
976.746 1244.08 0
999.025 1259.82 0
1459.46 2488.62 0
1471.97 2526.21 0
1483.55 2508.55 1
1495.85 2491.8 1
1575.33 2259.04 0
1539.08 2453.87 0
1541.99 2372.16 0
1492.93 2441.52 0
1544.13 2378.16 0
1467.02 2217.64 0
1361.08 1642.62 0
1410.05 1705.43 0
1416.24 1755.42 0
1493.94 1741.22 0
1443.61 1842.97 1
