-47.1209 -130.864 0
-95.6975 -114.059 0
-78.6196 3.3695 0
-107.28 443.315 0
106.027 140.008 0
154.055 172.803 0
111.069 189.091 0
209.374 128.992 0
428.412 97.2747 0
412.609 10.0929 0
440.153 26.516 0
413.336 -31.0793 0
375.851 -30.0428 0
406.898 -93.8559 0
369.301 -129.023 0
383.138 -55.668 0
351.762 -35.6992 0
498.191 17.8201 0
478.863 35.3683 1
413.987 -180.696 1
-1467.66 231.473 0
-1685.42 232.421 0
-1661.97 183.715 0
-1684.36 184.913 0
-1582.28 36.3209 0
-1561.43 29.2099 0
-1534.87 -17.7507 0
-1571.03 115.371 0
-1579.57 145.214 1
-506.255 558.187 1
-487.366 553.525 0
-393.476 560.785 0
-271.47 522.6 0
51.1865 319.106 0
72.375 243.809 0
121.744 230.7 0
126.475 231.866 0
64.4133 283.28 0
-13.416 426.096 0
147.746 451.737 1
586.204 261.804 1
677.435 186.118 0
649.832 109.032 0
674.336 158.839 0
662.394 133.549 0
676.336 190.764 0
643.725 330.331 0
649.289 414.855 1
623.44 405.662 0
609.342 322.548 1
666.978 392.313 0
653.596 389.313 1
706.189 469.292 1
675.698 481.147 1
