-47.851 -49.7425 0
-123.826 -76.2493 0
-123.437 -54.7435 0
-160.065 -42.8634 0
-157.513 -39.6961 0
-155.559 -3.65956 0
-214.977 52.7203 0
-242.737 95.0052 0
-413.375 90.3511 1
573.922 -216.824 1
625.444 -153.855 0
624.489 -114.075 0
619.823 -57.4222 0
561.118 -57.4215 0
592.215 -91.4424 0
680.95 -131.324 0
940.546 -276.281 0
907.653 -214.608 0
827.692 -98.6557 0
972.689 -48.618 0
873.15 -92.4486 0
874.801 -125.107 0
828.373 -144.858 0
788.488 -148.785 0
785.432 -159.453 0
792.58 -173.398 0
773.09 -258.32 0
778.545 -322.319 1
589.528 -58.4868 1
584.754 -42.082 1
628.762 40.6327 0
655.297 12.4624 0
662.503 67.5067 0
761.861 187.542 0
800.439 100.957 0
652.76 95.2993 1
722.663 112.325 1
772.093 166.41 0
740.164 155.511 1
-4758.02 1332.5 1
-4792.85 1393.29 0
-5105.21 1401.69 1
-4313.46 1271.91 1
-4018.24 1116.85 0
-4056.06 1163.49 0
-4084.18 1177.24 1
-4059.66 1179.6 1
-4075.75 1187.23 0
-4076.16 1174.66 0
-4040.58 1234.61 0
-4483.92 1208.92 0
-4483.46 1216.02 0
-3566.47 918.577 1
-3618 896.481 0
-3560.43 932.092 0
-3835.58 982.815 0
-3863.16 1001.94 0
-5162.43 1174.83 0
-5220.03 1180.36 0
-5235.13 1201.04 0
-5186.85 1261.1 0
-5027.41 1165.54 0
-5055.92 1131.63 0
-5345.25 1138.17 0
-4778.48 807.641 0
-4764.73 746.914 0
-4744.24 776.461 0
-4736.47 817.294 0
-4737.74 841.85 0
-4805.62 878.502 1
-4432.05 847.948 1
-4484.11 876.532 0
-3802.89 645.982 0
-4033.06 306.625 0
-4042.93 331.461 0
-3921.32 278.744 0
-3959.54 353.147 0
-3949.8 401.963 0
-3944.69 405.401 0
-3931.93 376.098 0
