-32.2101 -21.4281 0
-17.0406 32.5966 0
-59.8206 95.4207 0
-57.3108 112.201 0
82.434 21.8067 0
113.101 -26.6479 0
195.341 -149.734 0
187.893 -141.907 0
354.886 46.9244 0
274.435 55.6995 0
204.134 52.3776 1
135.949 71.0633 1
41.8458 54.5139 0
196.605 55.1069 0
210.817 26.7683 0
273.871 42.6633 0
220.944 115.508 0
231.294 -21.1416 0
247.076 23.4767 1
220.552 -92.0789 1
164.437 -127.804 0
198.002 -112.975 0
256.731 -119.093 0
242.177 -102.776 0
258.382 -54.3739 0
242.114 15.4857 0
260.834 45.8168 0
275.943 -18.2282 1
239.412 34.8042 1
199.733 -8.0168 0
288.177 -48.4561 0
330.133 -229.094 0
334.905 -238.924 0
293.02 -35.2352 0
347.89 -105.739 0
439.371 -205.482 0
446.9 -198.972 0
444.719 -150.016 0
442.396 -182.388 0
437.041 -184.767 0
397.006 -164.866 0
308.071 -171.899 0
278.849 -160.018 1
309.701 -170.98 1
225.965 -205.729 0
210.539 -173.299 0
348.143 -186.699 0
277.498 -154.813 1
273.568 -183.221 1
492.407 -106.574 1
521.26 -76.185 0
549.728 -80.9772 0
583.952 -102.13 0
561.229 -163.823 0
673.18 -141.741 1
756.501 -161.82 1
776.523 -168.976 0
793.278 -179.207 0
816.483 -212.264 0
668.935 -150.076 0
702.955 -133.217 0
725.144 -168.195 0
1002.89 -282.404 0
1013.2 -305.212 0
1212.44 -323.529 0
1185.52 -302.109 0
1141.44 -297.85 0
