-3.55553 3.6575 0
11.9022 22.27 0
-1455.65 -24.9375 0
-1437.17 -26.3804 0
-1392.42 -35.8195 0
-1415.72 30.2583 0
-1383.74 60.2187 0
-1378.35 51.1601 0
-1352.86 -28.5929 1
-1418.93 -102.752 1
-1400.56 -93.1443 0
-1393.22 -97.4213 0
-1369.66 -93.6367 0
-1064.06 -100.327 0
-1484 67.7617 0
-1439.83 138.6 0
-1410.77 89.156 0
-1299.59 75.7601 0
-1308.28 52.3875 0
-1333.03 37.8901 0
-1371.5 9.75353 0
-1355.65 -11.5096 1
-18673.7 444.986 1
-17839.4 660.135 0
-18024.4 727.764 1
-17910.9 684.699 1
-18009.5 703.221 0
-18058.5 560.395 0
-18043.6 474.455 0
-18019.1 477.206 0
-18033.7 669.25 1
-17208.7 209.147 1
-17202 252.156 0
-17131 235.186 0
-17068.4 232.324 1
-17076.1 248.164 1
-17056.4 262.973 0
-17034.4 270.91 0
-17141.8 227.218 0
-17167.7 252.969 0
-17175.9 297.112 0
-17174 351.085 0
-17158 400.643 0
-17220.2 390.438 0
-17168.9 421.956 1
-16934.7 90.2655 1
-16895.4 81.9975 0
-16894 9.72974 0
-16899.9 -42.0151 0
-16942.4 -82.3663 0
-16961.8 -71.074 0
-16999.3 -68.3021 0
-16987 -25.5568 0
-16991.1 34.0539 0
-16926 258.922 0
-16812.8 105.453 1
-16775.5 46.8997 0
-16778 -2.03151 0
-16741.5 -40.8356 0
-16762.3 -4.24265 0
-16823.4 -64.1565 0
-16789.8 -21.238 0
-16630.8 179.719 0
-16709.8 446.102 1
-16693.8 396.637 1
-16699.9 334.237 0
-16668.6 263.785 0
-16635.2 216.361 0
-16422.8 -9.53185 0
-16489.9 51.737 0
-16423.9 -26.1375 0
-16411.2 27.3379 0
-16397.1 51.7899 1
-16400.2 115.75 1
-16341.5 79.2998 0
-16290 -33.5464 0
-16209.6 -387.566 0
-16219.1 -399.799 0
-16251.5 -340.127 0
-16193.3 -292.459 0
-16211.8 -272.332 0
-16189.9 -247.442 0
-16116 -342.738 0
-16144 -296.9 0
