-167.996 9.1435 0
-85.3177 -9.25521 0
-72.159 -24.1242 0
-60.1332 -34.559 0
-67.0073 -22.4544 0
-119.265 50.3315 0
-166.295 75.0737 0
-199.732 160.391 0
-226.314 189.41 0
-197.388 209.264 0
-219.797 240.663 0
-249.831 279.796 0
-238.961 234.089 0
-75.8584 168.39 0
-50.8619 133.658 0
-41.2424 127.202 0
-68.5337 107.811 0
-139.657 153.83 0
-119.575 216.066 0
-267.868 432.56 0
-73.0164 285.38 0
-47.9447 337.968 0
-33.2364 279.902 0
-24.2713 154.966 0
-34.3013 93.0006 0
-192.332 -7.98935 0
-209.992 30.5504 0
-214.564 46.8309 0
-193.29 130.769 1
-215.601 170.734 1
-235.913 198.521 0
-91.6031 331.867 0
-139.842 332.521 0
-133.768 336.647 0
-133.124 224.426 0
-132.928 191.534 0
-153.857 285.952 0
-144.659 252.881 0
-157.951 299.761 0
-189.847 279.562 0
-244.527 273.334 0
-286.253 237.068 1
-294.768 277.121 1
-134.373 144.69 0
-45.1377 97.4381 0
117.246 100.793 0
183.521 98.3309 0
154.587 23.1776 0
230.601 6.60079 0
227.853 29.3659 0
208.785 26.794 0
71.4129 254.716 0
111.577 348.108 0
99.632 439.945 0
93.2503 571.401 0
118.914 631.476 0
99.1936 704.893 0
90.3096 745.706 0
79.3398 726.521 0
35.575 725.703 0
-157.033 815.749 0
-178.34 800.783 0
-238.81 785.581 0
-237.171 708.696 0
-240.055 740.937 0
-239.89 782.537 1
-256.692 767.439 1
-108.747 643.541 0
7.27339 596.549 0
3.84759 615.379 0
23.5354 595.149 0
21.5424 575.617 0
-28.4629 608.004 0
-66.361 592.237 0
-42.5371 653.295 0
-28.7424 673.641 0
-13.0307 671.659 0
253.479 575.743 0
297.225 600.982 0
373.662 589.8 0
-2742.76 1401.16 0
-2808.93 1524.59 1
-2694.16 1501.32 0
-2769.65 1552.19 0
-2891.55 1607.67 0
-2823.54 2019.53 1
-1808.76 909.349 1
-1796.92 855.326 0
-1612.46 881.829 0
-1620.98 880.3 0
-1677.41 919.035 0
-1673.11 959.449 0
-1704.7 979.73 0
-1670.94 973.025 0
-1649.79 970.176 0
-2810.36 1286.1 1
-2806.78 1228.5 0
-2778.68 1274.38 1
-2815.55 1332.89 1
-2828.72 1334.99 0
-2897.75 1244.11 0
-2927.1 1302.11 0
-2951.54 1710.37 0
-3159.59 1476.23 0
-3172.29 1411.27 0
-3200.48 1363.33 1
-65166.7 2302.55 1
-65199.5 2290.05 1
-71561.7 2095.41 0
-71021.8 2070.74 0
-70903.3 2119.83 0
-71035.9 1984.25 0
-70539.7 2151.85 0
-70501.8 2106.79 0
-70498.9 2090.24 0
-70392.6 2017.66 0
-70354.4 2026.91 0
-69181.5 2397.14 0
-69243.6 2340.19 0
-69199.9 2387.77 0
-69172.9 2360.58 0
-69390 2117.44 0
-69332.2 2193.67 0
-69203.5 2189.75 0
