-4.61354 11.5375 0
35.0651 33.3864 0
-341.109 91.7362 0
-435.88 104.617 0
-401.839 88.9429 0
-456.345 -57.9343 0
-740.715 -30.7623 0
-721.667 -87.8016 0
-798.533 41.1053 1
-889.743 249.758 1
-1050.03 398.38 0
-1069.77 392.438 0
-915.117 381.305 1
-1007.05 390.049 1
-701.503 296.925 0
-716.396 266.532 0
-1031.58 238.607 0
-965.034 223.893 0
-1054.35 104.488 1
-956.103 39.6202 1
-1393.51 245.527 0
-1061.84 387.225 0
-1005.42 537.706 0
-1109.5 438.123 0
-1207.32 582.991 0
-1283.71 590.649 0
-648.416 741.611 0
-653.732 733.933 0
-703.144 687.411 1
-658.298 601.327 1
-643.276 636.374 0
-642.644 620.513 0
-630.815 602.784 1
-695.89 577.312 1
-617.404 617.774 0
-638.514 678.594 1
-579.075 809.376 1
-638.834 825.352 1
-640.148 821.489 1
-660.863 924.207 0
-665.316 934.92 0
-736.502 951.68 1
650.518 114.542 1
645.108 123.991 0
650.519 174.057 0
660.904 189.934 0
660.403 196.494 1
194131 820.314 1
