-95.7593 43.971 0
-156.371 47.5519 0
-164.396 26.7633 0
-134.019 79.9483 0
-27.4067 109.941 0
-22.7312 110.414 0
28.4393 79.3394 0
79.3979 160.897 0
69.1849 148.354 0
71.1919 104.092 1
111.097 136.769 1
77.7109 193.107 0
107.516 203.032 0
156.491 202.635 0
21.488 335.808 0
214.446 150.587 1
217.274 83.0759 0
270.94 68.7571 0
274.321 9.5687 0
293.647 54.0889 0
291.063 80.3166 0
291.261 103.176 0
434.6 101.581 0
366.849 187.208 1
371.777 98.3539 0
403.519 129.519 1
432.259 107.594 0
545.059 120.955 0
586.467 120.237 0
563.829 111.11 0
334.601 160.685 0
262.749 138.116 0
253.263 142.181 1
-1755.65 206.095 1
-1573.46 200.958 0
-1570.07 187.224 1
-1528.72 176.608 1
-2581.12 146.567 1
-2619.83 151.185 0
-2623.5 218.948 0
-2595.11 165.559 0
-2459.75 147.44 1
-3273.29 40.8772 1
-3368.64 397.213 0
-3076.44 399.467 0
-2521.78 220.289 0
-2459.18 164.591 1
-2464.48 168.163 1
-2417.56 195.782 0
-2445.67 215.91 0
-2495.77 201.439 0
-2565.73 178.134 1
-2484.19 149.898 1
-2496.42 -39.5363 0
-2097.69 -2.34167 0
-2100.89 -11.7101 0
-2136.93 -12.3472 0
-2230.52 -9.6334 1
-2267.78 -49.937 1
-2521.98 -126.997 0
-2493.52 -137.358 0
-2172.95 -231.574 0
-2262.93 -298.155 0
-2949.28 -166.615 0
-3011.14 -224.029 0
-3052.62 -247.749 0
-3060.83 -250.882 0
-3065.29 -164.757 0
-3084.33 -194.584 0
-3100.95 -219.398 1
-3057.9 -228.002 1
-2658.69 -253.242 1
-1963.95 -323.856 0
-1869.4 -370.389 1
