-40.4622 18.4543 0
36.668 56.1628 0
27.0042 42.1547 0
2.1028 -3.73057 0
28.7776 24.6631 0
227.258 -135.229 1
225.226 -116.537 0
118.999 1.79897 0
137.968 26.132 0
171.312 17.6275 0
252.887 -7.60019 0
252.306 -33.7214 0
226.354 -2.78716 0
114.236 11.6808 0
135.31 89.1213 0
323.117 154.432 0
484.715 285.91 0
498.277 328.851 0
505.304 376.914 0
535.558 350.435 0
596.742 389.539 0
608.17 421.403 0
716.604 559.716 0
647.268 527.945 0
565.102 468.128 0
625.285 463.286 0
673.459 436.683 0
590.505 457.409 0
370.898 385.644 0
475.07 389.524 1
506.151 522.706 1
537.579 507.444 0
536.097 663.238 0
488.093 771.106 0
519.195 748.712 0
691.561 695.693 1
696.147 735.671 0
572.982 765.709 0
589.984 723.212 0
589.325 747.893 0
609.822 788.737 0
629.003 819.191 0
668.75 828.688 0
467.465 849.808 0
496.926 850.12 0
644.49 808.191 0
601.862 813.142 0
676.47 730.724 0
961.334 440.771 0
963.294 508.575 0
895.584 535.963 0
1309.13 414.479 1
1357.45 406.925 0
-1013.21 2594 0
-709.683 2658.87 0
-698.461 2619.1 1
-777.324 2605.83 1
-701.042 2507.5 0
-927.472 2848.85 0
-946.908 2712.76 1
-910.502 2697.83 1
-943.978 2651.8 1
-1171.84 3049.8 0
-1207.67 3116.37 0
-1545.63 3208.17 0
-1537.81 3268.09 0
-1721.52 2973.04 0
-1703.8 2927.42 0
-1733.92 2908.41 1
9011.53 6336.64 1
8906.08 5742.1 0
