11.4047 173.516 0
41.3508 88.3482 0
46.5929 10.4401 0
70.9638 57.3615 0
54.7418 130.102 0
-51.5114 98.0263 0
-112.351 81.1227 1
221.68 27.7223 1
16.9943 42.0717 0
64.9964 63.9001 0
119.444 97.802 0
150.027 149.742 0
152.54 225.578 0
175.002 282.491 0
217.124 312.626 0
209.677 311.231 1
2062.92 190.499 1
2006.69 57.7506 0
2017.08 102.679 0
1974.06 157.875 0
2009.47 170.995 0
2035.63 171.579 0
1989.1 217.581 0
2013.44 263.972 0
2178.1 146.85 0
2253.1 106.406 0
2243.27 91.1065 0
2229.02 122.896 0
2285.4 65.7182 0
2308.48 78.4122 0
2319.36 88.3784 0
2322.31 149.6 0
2325.79 217.579 0
2224.49 412.379 0
2177.47 254.412 1
2226.21 252.508 1
2227.87 256.904 0
2251.21 304.817 0
2394.31 225.987 0
2877.78 -104.698 0
2926.11 -48.4833 0
2914.8 20.3415 0
2934.69 31.8296 0
2934.85 25.6539 1
2913.43 -103.696 1
3016.44 -127.501 0
3095.48 -142.647 0
2818.12 13.4881 0
2758.96 -39.7634 0
3003.62 -53.4417 0
2997.54 -124.346 0
2974.25 -115.458 0
2984.77 -125.042 0
2959.93 -88.7163 0
2963.42 22.0113 0
3105.11 1.41032 0
3094.65 -15.0751 0
3098.21 -19.284 0
3107.02 64.6454 0
3143.4 111.349 0
3559.04 136.563 0
4946 1383.37 0
4968.82 1377.84 1
4939.6 1427.75 0
4980.46 1460.52 0
5038.62 1504.03 1
5094.41 1477.98 1
4467.57 1545.3 1
4486.27 1485.79 0
4483.31 1446.78 0
4424.44 1434.61 0
4350.21 1178.84 1
7701.19 5059.45 1
