-6.77969 -25.3928 0
17.3436 -58.4847 0
-81.3557 -27.1768 0
-131.935 -36.3598 0
-168.405 32.5992 0
-165.621 117.161 0
-103.43 167.27 0
-112.579 153.616 0
-108.58 182.977 0
-24.3967 217.457 0
-26.7073 258.042 1
238.771 159.075 1
249.365 242.416 0
263.33 263.124 0
274.542 329.786 0
263.325 339.871 0
274.74 319.636 0
277.411 356.179 0
265.15 461.435 1
314.907 129.594 1
318.022 124.837 0
297.925 123.387 0
24.4813 -17.7143 0
-13.2483 36.5212 1
-2704.83 37.5457 1
-2697.75 106.4 0
-2702.65 120.436 0
-2725.09 133.936 0
-2612.45 322.129 1
-1834.58 237.142 1
-1831.83 236.337 0
-1936.09 13.3073 0
-1889.2 -4.48908 0
-1925.04 -48.1343 0
-1944.19 -120.926 0
-1933.83 -171.754 1
-1321.45 -562.029 1
-1292.2 -587.025 0
-1295.6 -557.706 0
-1350.59 -537.2 0
-1444.45 -487.172 0
-1392.6 -557.264 0
-1386.69 -587.996 0
-1382.83 -552.734 0
-1341.83 -535.58 0
-1352.74 -507.49 0
-1340.21 -794.752 0
-1209.05 -2533.04 0
-1010.29 -2206.75 0
-1029.03 -1817.83 0
-1057.24 -1805.18 0
-1101.12 -1749.82 0
-1113.16 -1708.37 0
-1122.81 -1662.48 0
-1042.39 -1672.28 0
-1085.33 -1649.68 0
-1152.63 -1641.84 0
-1136.4 -1628.88 0
-1157.38 -1640.85 0
-1158.07 -1606.72 0
-1146.61 -1611.09 0
-1129.56 -1614.36 0
-1146.71 -1631.02 0
-1110.28 -1697.12 0
-1180.45 -1696.02 0
-1064.82 -385.129 0
-1066.18 -296.665 0
-1071.79 -286.021 0
-1088.99 -315.361 0
-1044.42 -311.602 0
-1035.84 -304.21 0
-1096.64 -260.945 1
358.61 -39603.6 1
