-11.989 10.7956 0
-24.8269 33.8913 0
-21.9714 56.7433 1
-180.178 -425.374 1
-84.5282 -91.5562 0
154.333 -79.6664 0
170.796 -56.2012 0
180.344 -98.293 0
283.382 -75.5915 0
463.433 -246.485 0
259.128 -313.278 0
181.053 -492.176 0
217.124 -563.688 1
205.305 -570.327 1
159.766 -817.891 0
165.192 -810.254 0
212.653 -776.666 0
228.92 -696.861 0
282.866 -696.975 1
250.144 -669.653 1
261.09 -654.328 0
306.527 -649.465 0
319.35 -654.359 0
328.381 -693.11 0
290.571 -726.116 1
-284.12 -386.247 1
-474.641 -278.773 0
-501.277 -228.289 0
-722.757 43.918 0
-718.301 63.5777 0
-691.797 -20.0944 0
-679.925 3.75143 1
-2245.3 100.971 1
-2102.2 280.142 0
-1077.39 -144.179 0
-1094.69 -188.061 0
-1080.4 -172.265 0
-1292.57 -393.871 0
-1352.42 -396.764 0
-1465.13 -259.731 0
-1490.55 -222.603 0
-1489.72 -215.022 0
-1492.78 -197.19 0
-767.828 -208.889 0
-7732.65 1727.84 0
-12268.6 -735.519 0
-12193.3 -786.608 0
-11943.4 -883.848 0
-11879.3 -894.472 0
-11917.6 -923.655 0
-11991.2 -957.828 0
-12041.7 -913.255 0
-12053.6 -901.733 0
-12042.5 -902.134 1
-10734.8 -899.845 1
-10768 -848.473 0
-10769.3 -845.798 0
-10754.4 -884.66 0
-10688.8 -932.278 0
-10659.1 -933.069 0
-10711.2 -907.532 0
-10753.3 -825.007 0
-10789.5 -781.377 0
-10971.9 -410.824 0
-10912 -357.85 0
-10942.3 -355.004 0
-12235.5 289.945 0
-12296.7 344.959 0
-12274.5 370.304 0
-12264.2 313.949 0
-12330.1 341.017 0
-12290.9 316.595 0
-12235 335.071 0
-12207.5 335.077 0
-12266.7 331.41 0
-12294.7 365.818 0
-12188.6 446.435 0
-12220.9 599.715 0
-12051.5 430.017 1
-12063.3 423.416 1
-12058.7 453.381 1
-12118.4 452.477 1
-13083.8 521.289 1
-13100.7 483.328 0
-13081.4 470.602 0
-13064.4 480.477 0
-13049.3 458.029 0
-12963.8 381.023 1
-12937.9 341.389 1
-12900.5 355.761 1
-7079.17 228.06 1
