-51.529 80.7253 0
-60.4564 106.393 0
-109.395 105.99 0
-253.596 150.996 0
-401.223 181.815 0
-553.25 193.582 0
-536.711 184.331 0
-540.198 207.819 0
-85.021 -60.0059 0
-104.933 -85.6624 0
-290.703 -80.864 0
-293.932 -73.4535 0
-290.654 -117.23 0
-18.836 -210.42 0
-579.363 19.8052 0
-674.501 55.416 0
-718.52 128.649 0
-767.546 195.309 0
-817.946 227.341 1
533.775 -200.791 1
493.139 -190.755 0
452.586 -160.059 0
375.353 -155.742 0
296.786 -30.7769 0
180.27 23.2604 0
161.637 163.59 0
58.3334 224.065 0
-21.5835 256.601 0
337.892 315.356 0
327.643 346.882 0
305.957 379.979 1
236.868 388.439 0
272.587 389.845 1
307.425 353.451 0
302.53 371.19 0
288.904 392.197 0
279.491 395.574 0
224.79 499.486 0
216.114 491.31 0
171.821 522.052 0
179.207 542.183 0
128.175 579.816 0
129.97 632.364 0
143.457 654.19 0
140.949 616.744 0
133.726 523.739 0
116.85 613.373 0
94.3914 629.823 0
164.845 653.623 0
188.618 663.767 0
179.081 648.867 0
224.408 651.974 0
278.897 635.621 0
512.251 562.889 0
550.98 438.405 0
513.671 436.622 0
538.925 424.359 0
548.262 417.312 0
428.881 493.372 0
424.248 491.936 0
431.521 473.961 0
-301.033 303.952 0
-339.488 330.568 0
-308.184 418.04 0
-146.827 413.302 0
-149.863 398.447 0
-189.144 352.887 0
-168.19 422.28 0
581.406 -296.819 0
538.38 -291.59 0
554.157 -361.028 0
536.762 -345.478 0
601.499 -60.3494 1
495.154 -27.167 1
500.787 59.0456 0
455.919 107.307 0
492.703 175.348 0
513.747 214.085 0
529.171 252.269 0
494.334 278.57 0
766.167 213.093 0
755.195 195.142 0
817.054 212.527 0
786.075 206.223 0
848.8 221.136 0
836.761 257.535 0
718.698 246.352 0
689.608 274.528 0
681.649 334.555 0
698.237 389.602 0
736.6 435.349 0
737.182 433.757 0
759.995 465.899 1
-4105.72 4436.49 1
-4180.95 4489.69 1
-4200.54 4482.61 0
-4201.77 4470.09 1
-4220.24 4469.15 1
-4276.2 4365.41 0
-4275.28 4342.06 0
-4221.17 4334.41 0
-3728.35 4305.8 1
-3667.44 4227.02 0
-3645.74 4203.26 0
-3631.85 4193.06 1
-2920.8 3837.44 1
-2445.57 5334.76 0
-2490.54 5360.35 0
-2702.37 5355.81 0
-2728.78 5391.98 0
-2816.76 5350.78 0
-2810.97 5255.67 0
-2868.6 5242.96 0
-2857.27 5241.91 0
-2875.45 5246.61 0
-2933.18 5254.48 0
-2971.81 5289.67 0
-3160.4 5467.93 0
-3247.05 5539.82 0
-3155.93 5522.05 1
-3156.09 5311.63 1
-3024.63 12709.9 0
