-28.1726 2.62726 0
-44.6337 257.345 0
-53.4852 342.281 0
-41.2518 344.095 0
-40.0853 362.598 1
-21.1152 337.9 1
0.890865 348.06 0
-10.1567 309.152 0
119.904 292.49 1
139.109 248.168 1
128.151 240.348 0
130.713 306.275 0
54.4055 368.355 0
28.1263 397.008 0
40.2611 407.768 0
-2.30487 353.925 0
-24.8208 35.5928 1
-22.295 40.3065 0
62.0406 57.01 0
76.1573 6.77571 1
-547.343 84.882 1
-486.796 43.4076 0
-471.91 120.547 0
-603.699 143.759 0
-453.499 154.419 0
-478.547 118.793 0
-559.177 115.391 1
-2553.33 614.43 1
-2614.53 614.597 0
-2754.99 541.105 0
-2683.01 476.175 0
-3215.29 358.829 0
-3263.86 308.736 0
-3245.85 338.096 0
-3235.97 305.812 1
-3166.77 358.146 1
-2630.81 312.743 1
-2579.19 313.964 0
-2573.95 333.133 0
-2876.4 146.911 1
-2397.88 449.77 1
-2434.93 438.988 1
-2435.11 432.181 0
-2414.68 414.553 0
-2279.29 305.609 1
-2239.22 326.858 1
-2050.49 308.888 1
-2448.17 233.606 0
-2456.05 257.415 0
-2509.53 230.735 0
-2481.15 211.206 1
-2446.07 225.323 1
-2351.28 232.119 0
-2237.62 213.929 1
-3364.08 537.015 1
-3309.29 492.446 1
-3202.28 441.421 1
3922.82 424.636 1
3853.69 442.835 0
3874.11 416.256 0
3877.44 368.811 0
4024.66 331.211 0
4038.02 379.622 0
3831.18 569.524 0
3782.9 642.329 1
