3.76659 -15.4453 0
19.5305 -24.9642 0
323.261 -399.411 0
324.786 -338.897 0
271.621 -250.81 0
99.7912 -172 0
390.136 -236.341 0
362.363 -269.403 0
330.253 -351.522 0
321.198 -299.171 0
222.92 -283.359 0
220.667 -225.282 1
-330.211 -259.42 1
-355.763 -270.75 0
-315.043 -317.012 0
-92.388 -323.639 0
-95.4733 -325.889 1
-1640.06 -1382.02 1
-2563.49 -943.064 0
-1727.56 -1566.45 0
-1752.21 -1499.71 0
-1675.41 -1597.12 0
-1645.81 -1604.5 0
-1652.52 -1635.21 0
-1676.33 -1638.5 0
-1671.29 -1599.01 0
-1720.99 -1646.72 0
-1718.69 -1648.17 0
-1699.52 -1613.65 0
-1713.94 -1563.65 1
-2091.69 -755.889 1
-2136.57 -726.29 0
-2214.92 -669.031 0
-2220.55 -621.807 0
-2160.28 -599.377 0
-2165 -625.729 0
-2152.96 -568.288 0
-2098.12 -584.451 0
-1866.13 -565.28 0
-1841.65 -570.002 0
-1681.47 -897.097 0
-1689.03 -929.478 0
-1595.84 -834.213 0
-1566.31 -979.724 0
-1552.1 -845.139 0
-1542.78 -888.444 0
-1796.27 -59.3578 0
-1798.93 1272.38 0
-1806.29 1284.49 0
-1848.55 1312.58 0
-2090.6 1315.72 0
-3225.16 1345.85 0
-3237.69 1318.13 0
-3549.81 1134.43 1
