37.6833 3.25088 0
29.3345 -15.5481 0
38.644 -17.5572 0
19.9638 -28.3963 0
-29.8378 56.9545 0
23.5252 2.37712 0
11.9529 -38.9292 1
377.021 607.734 1
323.141 635.489 0
405.332 436.978 0
588.081 344.472 1
556.712 303.115 0
539.674 344.404 0
509.626 356.57 0
512.662 387.746 1
766.143 259.086 1
745.935 217.411 0
752.048 196.85 0
751.446 182.214 0
729.385 159.318 0
388.293 262.236 0
402.748 198.931 0
422.113 201.13 0
225.454 100.811 0
182.189 76.9251 0
166.264 172.681 0
195.603 205.773 0
212.783 280.837 0
271.547 390.793 0
289.943 448.838 0
445.038 946.638 0
445.172 1049.99 1
474.244 992.287 0
450.941 1026.08 0
431.747 1097.87 0
447.319 1132.15 0
459.285 1167.11 0
435.214 667.017 0
439.942 557.673 0
449.8 490.449 0
485.414 550.942 0
483.208 565.146 0
440.023 582.057 0
391.696 653.838 0
420.977 607.652 0
631.802 493.356 0
335.235 682.113 0
357.508 727.203 0
387.077 755.705 0
359.888 737.062 0
360.423 797.397 1
1898.92 1004.67 1
1878.42 997.416 0
1859.57 980.066 0
1833.45 969.735 0
1842.61 965.454 0
1834.2 962.796 0
1650.94 744.889 0
1675.08 813.049 0
1682.17 839.722 0
1670.9 880.242 0
1797.18 980.299 0
1728.08 862.661 0
1836.71 628.02 0
1791.04 628.296 0
1724.5 635.452 0
1721.99 595.62 0
1868.44 750.285 0
1831.69 692.897 0
1879.7 667.153 0
1915.96 742.147 0
1906.77 772.971 0
1921.69 780.82 0
2036.38 678.941 0
2085.85 571.132 0
2157.97 462.191 0
2109.41 480.195 0
