28.1457 117.015 0
28.5574 206.35 0
10.6203 314.553 0
-8.85033 415.058 0
-11.4606 421.033 0
29.3057 406.786 1
66.9185 -42.6935 1
95.606 -81.1194 0
99.6434 -46.0048 0
114.582 -60.5736 0
202.973 -152.944 0
98.4354 337.889 0
-1064.13 2625.61 0
-1496.04 113366 0
-1649.34 113368 0
-1687.68 113260 0
-1674.08 113218 0
-1700.96 113168 1
1407.85 110743 1
1367.61 110206 0
1409.7 110180 0
1266.34 110316 0
757.334 111146 0
595.086 111177 0
591.02 111208 0
402.775 111523 0
342.751 111578 0
204.768 111709 0
66.7032 111729 0
148.484 111773 0
-696.709 111264 0
2445.05 110891 0
