-8.19746 6.82282 0
-29.8046 81.0516 0
-42.3934 90.6222 0
136.45 84.9547 0
192.98 1.09194 1
196.683 -2.39919 1
166.217 -10.6699 0
191.734 10.8472 0
164.063 70.4912 0
252.722 120.632 1
241.183 166.564 1
236.393 174.492 0
85.2087 167.718 0
95.1986 116.541 0
54.6575 97.8511 0
94.1894 121.903 0
63.7939 148.432 0
645.162 -147.685 0
667.927 -192.472 0
661.077 -175.712 0
656.89 -168.494 0
689.778 -171.663 0
835.976 -65.506 0
825.132 -53.7072 0
802.947 33.2699 0
727.82 237.311 0
835.46 65.053 1
783.863 118.641 0
824.913 125.688 0
793.565 146.047 0
799.364 207.649 0
809.402 261.804 0
782.904 326.989 0
779.114 340.958 0
794.172 377.658 0
800.913 399.547 1
834.381 391.504 1
833.04 334.657 0
703.997 256.971 0
250.869 -650.408 0
305.244 -767.13 0
304.609 -749.67 0
287.804 -747.258 0
-146.357 -738.677 0
-157.546 -720.7 0
-170.809 -698.214 0
-162.625 -763.655 0
-178.39 -696.51 0
400.02 -781.943 0
320.534 -647.792 1
334.988 -629.389 1
375.806 -614.573 1
309.442 -584.564 0
333.083 -636.37 0
321.317 -640.279 0
309.045 -614.366 0
356.447 -589.629 0
355.603 -562.26 1
518.38 -518.006 1
479.899 -517.655 0
485.018 -509.406 0
362.605 -238.817 0
408.453 -218.38 0
377.697 -239.402 0
458.515 -212.747 0
540.294 -147.834 0
490.007 -69.2451 0
218.711 144.393 0
-33.6301 196.149 1
11159.3 10106.7 1
