-22.9976 -166.085 0
-221.428 -412.448 0
-187.856 -377.205 0
-103.066 -371.047 0
320.105 -9.0462 0
395.864 267.595 0
324.583 373.809 1
389.426 393.442 1
295.829 82.6086 1
292.924 90.6075 0
375.735 120.372 1
704.902 23.9103 1
752.998 143.556 0
857.605 189.458 0
980.585 172.26 0
945.767 204.13 0
2192.44 506.561 0
2193.78 413.285 0
2186.68 430.759 0
2041.99 524.395 0
2013.36 601.087 0
2015.71 656.368 0
2020.16 690.757 0
2389.29 459.67 0
2268.46 480.076 0
2339.92 475.323 1
2178.68 406.992 1
2169.16 410.32 0
1900.45 244.23 0
1894.44 242.798 0
1892.85 241.656 0
1901.68 257.423 0
1872.41 269.931 0
1968.21 308.767 0
1936.74 388.019 1
1885.89 450.383 1
1928.34 511.106 0
2006.79 509.516 0
2013.39 444.887 0
1993.77 508.602 0
1906.02 562.895 0
1908.76 615.883 1
1952.27 671.679 1
1469.33 821.204 0
1479.3 735.515 0
1566.07 686.305 0
1514.11 676.335 0
1600.71 703.327 0
1638.74 632.833 0
1703.47 1383.27 0
1714.29 1393.96 0
1718.41 1367.67 0
1511.72 1360.11 1
1541.34 1250.37 0
1593.42 1426.83 1
1563.74 1299.84 0
1503.52 1289.84 0
657.265 797.622 0
659.429 914.428 0
662.421 914.743 0
3386.74 173.453 0
3433.97 221.718 0
3435.17 259.215 0
3465.17 297.905 0
3376.3 322.442 0
3346.12 273.592 0
3353.2 210.533 0
3385.97 105.91 0
3374.68 144.371 0
3388.54 143.705 0
