40.8511 -2.57166 0
132.895 41.3997 0
125.545 32.8639 0
158.187 -22.5833 0
103.779 -93.6207 0
119.05 -129.949 0
79.0706 -89.9638 0
264.748 -173.099 0
255.428 -157.59 0
335.061 -168.624 0
249.285 -380.584 0
287.547 -511.452 0
667.105 -1280.4 0
581.41 -1471.79 0
602.675 -1519.41 0
564.982 -1543.84 0
639.895 -1491.78 0
701.03 -1518.17 0
703.761 -1557.69 0
716.884 -1567.31 0
761.822 -1566.98 0
767.009 -1499.01 0
762.473 -1552.92 0
745.24 -1612.89 0
1025.82 -1688.88 0
1001.56 -1717.45 0
977.976 -1728.56 1
928.743 -1774.82 1
983.693 -1638.05 0
986.721 -1737.95 0
1035.06 -1705.51 0
1048.02 -1739.59 0
1131.73 -1757.96 1
1344.63 -1749.65 1
10918.1 -3862.43 0
7180.72 9784.76 0
7312.11 10211.5 0
7370.95 10237.5 0
7377.29 10242.8 1
7368.4 10272.2 0
7332.28 9385.52 1
2083.38 -1747.36 0
2021.53 -1953.88 0
1809.28 -1966.75 0
1852.44 -1932.25 0
1901.81 -1910.3 1
1990.87 -1891.18 1
1626.9 -1847.82 1
1783.91 -1727.34 1
308.634 -2108.65 1
368.543 -2114.46 0
701.868 -2118.28 1
92.9451 -2112.9 0
99.6642 -2080.7 0
847.758 -2496.16 1
832.263 -2476.27 0
885.036 -2518.99 0
305.044 -2410.14 0
291.916 -2303.52 1
-22015.1 5431.01 1
-22036.7 5430.92 0
-21973.4 5482.1 1
-22048.7 5578.95 1
-19736.6 5780.65 0
-19696.6 5811.4 0
-19611.9 5669.54 0
-19611.3 5667.83 0
-19607.9 5650.45 0
