-11.4974 100.137 0
50.9345 111.648 0
48.0317 81.8246 0
42.4282 28.1036 0
55.4586 -18.7519 0
31.9317 -9.17793 0
-1.86816 17.6957 0
58.9413 37.1922 0
64.6555 29.1318 0
57.0343 16.9224 0
-1.24887 26.7796 0
8.35162 48.8362 0
-60.7751 91.8572 0
-69.1776 110.423 1
335.146 -198.782 1
338.13 -157.741 0
224.858 -73.8169 0
238.672 -12.5237 1
256.828 -65.8784 1
1383.12 639.009 0
1393.44 537.945 0
1388 486.998 0
1378.85 414.744 0
1318.18 451.592 0
1295.64 339.698 0
1237.19 493.549 0
1246.96 551.027 0
1605.29 509.183 0
1643.15 426.505 0
1354.21 532.086 0
1350.4 653.318 0
1416.34 666.623 0
1463.59 661.3 0
1517.94 704.271 0
1531.7 686.267 1
1757.27 281.502 1
1576.32 438.777 0
1652.81 695.147 0
1903.86 249.199 0
2484.37 175.223 1
2785.59 -342.481 0
2769.14 -353.732 0
