10.3302 -21.9461 0
-35.4624 -42.8957 0
-86.0805 -76.1761 0
-79.2293 -92.2621 0
9.80202 -118.384 0
-22.2855 -120.116 0
-21.3107 -48.7635 0
10.6967 -21.1718 0
18.6874 -6.79697 0
61.8408 -12.0919 0
10.7403 11.0239 0
-6.40345 12.4333 0
-30.762 51.795 0
-181.21 65.1953 0
-236.631 115.182 0
-235.799 123.928 0
-289.754 164.199 0
-314.184 193.695 0
-342.901 264.014 0
-143.536 146.534 0
-118.311 164.676 0
92.6713 36.7987 0
99.2095 33.4607 0
190.108 2.37754 0
126.054 19.1364 0
75.8645 37.0394 0
50.1647 88.7042 0
19.7179 144.766 0
-33.5535 180.876 0
170.387 158.206 0
247.222 105.524 0
280.991 79.8863 0
329.299 43.9782 0
341.65 57.0359 0
286.98 72.9734 0
257.17 56.3278 0
-8.1521 141.611 0
11.6651 125.162 0
340.478 -4.47411 0
380.988 -34.1328 0
639.748 -155.126 0
847.899 -294.163 0
675.088 -182.454 0
712.969 -191.257 0
1202.98 -281.612 0
1191.1 -264.044 0
1138.29 -256.326 0
1140.21 -134.156 0
1388.94 -157.207 0
1413.73 -121.94 0
1338.57 -216.031 0
1192.68 -309.14 0
1249.6 -281.462 0
1397.56 -265.663 1
69.8956 1504.83 0
-90.2707 1302.65 1
-74.7874 1276.99 1
-129.583 1257.84 1
-128.253 1248.83 0
-155.733 1261.12 0
-142.95 1299.02 1
-53.9564 1309.57 1
31.6508 1269.15 0
64.8043 1256.8 0
80.6326 1255.01 0
129.928 1237.37 0
104.892 1251.74 0
484.192 1054.35 0
606.871 941.316 1
3221.03 -630.132 1
3389.3 -606.204 0
56013.8 -87737.5 0
1.0744e+07 -117082 0
