76.6395 9.48724 0
31.6094 54.4351 0
174.816 86.6765 0
204.193 141.947 0
154.368 118.148 0
156.899 157.588 0
201.129 189.868 0
278.421 178.837 0
271.581 -493.956 0
265.558 -525.771 0
272.994 -449.697 0
427.036 -472.796 0
430.985 -376.285 0
433.81 -333.143 0
497.425 -335.729 0
524.614 -341.793 0
532.465 -352.117 0
517.88 -355.699 0
585.041 -334.615 0
740.012 -312.453 0
735.77 -248.496 0
718.769 -204.666 0
688.457 -23.2051 0
767.307 -48.5014 0
752.927 -103.612 0
728.731 -129.718 0
790.348 -45.1408 0
806.766 23.0555 0
847.834 -56.4247 0
837.326 -83.6209 1
830.916 -129.806 1
956.291 -236.878 0
912.749 -66.5191 0
903.116 -53.7732 0
909.748 -70.8324 0
945.836 -119.04 1
859.444 -103.741 1
895.19 -122.663 0
920.861 -148.883 0
944.701 -195.322 0
937.45 -170.063 0
753.304 -34.3083 0
678.264 -38.7576 1
-32154.7 13292.5 1
-32230.1 13261.1 1
-31761 13097.6 1
-31485.2 12967.1 0
-31454.9 12949 1
-31462.7 12865.1 1
-31453.5 12905.4 0
-31460.7 12937.7 0
-31456.1 12974.8 0
-31459.7 13021.2 0
-31451.2 13004.6 0
-31458.5 13008.4 0
-31458.1 13004.9 0
-31458.4 13051.6 0
-31383.3 13050.8 0
-31369.2 13055.4 0
-31367.5 13058.7 1
-30996.7 12843.9 1
-31008 12872.9 0
-31038.2 12904 0
-31027.6 12983.4 0
