64.4734 38.8527 0
-1.57106 100.062 0
-0.196663 166.787 0
3.04221 139.169 0
6.271 103.381 1
-79.325 68.8681 1
-80.1493 58.5658 0
-50.364 62.5853 0
402.394 -97.8526 0
391.758 -58.3648 0
384.564 -22.1385 0
357.124 43.2099 0
344.914 112.803 1
-2858.96 -1271.5 1
-2859.74 -1251.48 0
-2884.17 -1195.98 0
-2859.06 -933.644 0
-2943.35 -885.436 0
-2919.85 -830.668 1
-2140.5 -1055.73 1
-2139.41 -1014.17 0
-2151.03 -951.938 0
-2164.65 -892.479 0
-2090 -891.781 0
-2109.95 -832.152 0
-2295.14 -902.081 0
-2211.08 -846.415 0
-2211.82 -836.064 0
-2203.93 -842.676 0
-2198.01 -869.685 1
-2326.12 -1516.21 1
-2323.98 -1512.08 0
-2214.73 -1504.51 0
-2277.44 -1527.12 0
-2323.06 -1228.47 0
-2280.59 -1272.59 0
-2300.49 -1207.25 1
-2361.76 -943.606 1
-2258.4 -901.525 0
-2162.7 -889.904 0
-2452.08 -925.156 0
-2458.26 -907.734 0
-2449.39 -857.464 0
-2395.88 -826.25 0
-2376.56 -812.129 0
-2612.83 -850.354 0
-2611.04 -861.209 1
-2681.94 -808.542 1
-2694.85 -784.196 0
-2689.83 -785.492 0
-2678.37 -768.676 0
-2634.9 -679.948 0
-2529.77 -611.643 0
-2503.06 -623.491 1
-2562.67 -673.82 1
-2560.33 -639.143 0
-2541.37 -584.597 0
-2558.37 -531.671 0
-2461.88 -543.105 0
-2512.93 -521.179 0
-2679.27 -365.828 0
-2711.78 -330.466 0
-2767.26 -283.703 0
-2762.49 -312.019 0
-2433.28 -346.939 1
-2460.29 -299.024 0
-2456.5 -270.315 0
-2458.6 -236.553 0
-2477.32 -233.925 1
4599.66 -2593.66 1
599.017 23782.9 0
730.398 23771.6 1
758.939 23827.7 1
797.852 23912.1 0
842.417 24007.2 0
959.421 24074.9 1
980.628 24084.4 0
993.636 24098.3 1
