27.4206 -43.6179 0
-15.902 -55.2197 0
-72.9974 -39.4342 0
-129.25 -0.736305 0
-155.956 1.86703 0
-181.353 30.6057 0
-173.571 134.715 0
-127.532 232.519 0
-87.4887 274.912 0
-19.2634 222.902 0
47.8305 177.507 0
104.95 186.783 0
113.074 138.731 0
150.203 86.4933 0
140.757 34.3758 0
242.555 -42.6159 0
268.781 -36.3334 0
202.573 59.8961 0
288.06 78.1579 0
-107.955 382.33 0
-132.462 369.432 0
-1251.26 114.278 0
-1321.67 114.356 0
-1346.88 117.149 0
-1364.81 107.708 0
-1318.56 91.7181 0
-752.884 -33.6166 0
-771.972 -27.0453 1
-63.1262 381.357 1
-112.729 498.095 0
-120.956 518.074 0
-267.31 713.035 0
-238.975 733.5 0
-155.143 754.552 1
-44.9447 725.237 1
-63.66 685.828 0
-159.594 439.071 0
-93.0642 278.126 0
-102.864 277.68 0
242.366 367.886 0
273.394 342.36 1
1284.9 -1166.53 1
1254.64 -1110.77 0
1300.85 -1122.06 0
1299.49 -1113.84 1
1195.17 -975.515 1
806.111 -723.691 0
764.03 -678.48 1
-6648.74 1761.7 1
-6317.64 1829.67 1
-6216.08 1660.64 1
-6184.78 1629.79 0
-6144.68 1599.28 0
-6101.28 1581.31 0
-6048.6 1565.35 0
-6043.8 1577.55 0
-5990.27 1554.38 0
-5997.37 1515.7 0
-6015.76 1482.87 0
-6025.54 1468.65 0
-6009.58 1498.92 0
-6046.61 1512.03 1
-5500.94 1709.05 1
-5576.35 1635.79 0
-5599.98 1586.8 0
-5591.09 1620.91 0
-5598.91 1603.8 0
-5726.09 1600.47 0
-6048.71 1612.1 0
-6057.64 1594.52 0
-6031.94 1571.68 0
-6032.89 1580.08 0
-6011.99 1579.43 0
-5875.04 1590.23 1
-5865.39 1540.24 1
-5778.4 1563.08 0
-5778.61 1575.23 0
-5949.71 1246.15 0
-5864.19 1246.98 0
-5653.53 1247.82 1
-5657.37 1203.11 1
-5522.03 1221.04 1
-5286.29 1442.78 0
-5345.16 1541.62 0
-5353.82 1526.7 0
-5398.04 1617.82 0
-5486.45 1707.21 0
-5431.49 1722.1 1
-5217 1372.87 1
-5273.11 1395.35 0
-5382.34 1389.37 0
-5451.87 1371.95 0
-5894.68 1181.49 0
-5935.63 1208.86 0
-5961.52 1224.72 0
-5949.42 1173.86 0
-5910.47 1200.58 0
-6992.06 1242.43 1
-6910.5 1306.97 0
-6917.89 1322.48 0
-6839.11 713.976 1
-6607.29 783.917 0
-7843.6 1075.28 1
-7194.81 1125.88 1
-6841.76 1112.1 1
-6844.61 1147.1 0
-6855.87 1147.38 0
-6900.72 1191.21 0
