-23.7043 57.8455 0
-62.1549 76.7257 0
-67.2029 93.7922 0
-68.6301 113.707 0
-68.525 130.174 0
-69.9938 141.864 0
-68.1441 123.496 0
-61.2658 77.8698 0
-57.9908 56.3599 0
-45.5769 20.9539 0
-90.6791 71.4487 0
-39.8624 143.157 0
22.2215 104.715 0
57.4997 54.0466 0
10.3502 87.7333 0
55.1954 165.256 0
43.1918 239.284 0
-5.98423 270.89 0
-137.866 334.192 0
-137.974 362.453 0
-148.817 338.605 1
-150.227 370.142 1
55.4731 210.487 0
86.2558 225.411 0
92.9648 230.775 0
119.493 233.029 0
107.783 224.487 0
118.841 283.457 0
151.379 274.456 0
177.401 292.352 0
189.158 296.343 0
188.549 307.179 0
205.92 317.391 0
221.989 317.846 0
239.566 284.606 0
242.155 285.915 0
329.818 281.26 1
340.833 301.257 1
305.359 344.17 0
245.955 377.189 0
205.142 354.474 0
253.613 343.475 1
327.152 58.5979 1
318.56 27.7493 0
282.166 61.7402 0
276.243 134.989 0
191.487 298.012 0
211.964 298.435 0
237.785 254.582 1
192.626 293.13 1
234.876 376.774 0
254.777 406.369 0
266.184 397.397 0
291.077 261.601 0
272.648 247.481 0
270.524 256.063 0
179.299 298.363 0
109.018 337.601 0
28.5452 368.68 0
-46.0961 247.913 1
-257.071 -113.329 1
-283.937 -68.0172 0
-328.61 -77.8979 0
968.132 418.94 0
962.032 300.504 0
984.395 250.904 0
1057.54 -37.9055 0
1081.91 -43.5717 0
714.873 239.333 0
225.769 530.682 0
595.424 526.039 1
1211.73 260.123 0
1162.67 359.987 0
1122.62 392.777 0
1021.44 463.304 0
1127.2 500.615 0
1375.54 28.6127 0
1419.3 -12.8978 0
1430.52 -20.4727 0
1444.79 -50.3412 0
1760.71 -231.481 0
1556.64 -177.914 0
1548.83 -158.51 0
2468.85 -652.235 0
2387.6 -611.319 1
3440.16 -62.1042 0
