112.352 -23.148 0
107.849 18.2017 0
85.4627 128.41 0
68.7411 192.443 0
118.471 256.775 0
120.428 288.671 0
129.147 322.993 0
123.48 377.026 0
122.212 325.855 0
144.245 251.489 0
204.284 224.671 0
300.633 176.714 0
332.601 156.159 0
336.747 133.37 0
203.24 139.704 1
393.622 135.846 0
418.458 193.781 0
382.953 195.905 0
365.386 220.121 1
800.493 -60.1154 1
803.572 -16.1504 0
719.354 84.9095 0
758.78 44.9984 0
794.201 51.9036 1
974.387 275.733 1
966.95 277.983 0
1058.43 -125.497 0
1059.86 -87.4106 0
1069.68 -75.1113 0
1066.46 -93.0853 1
1062.92 13.6403 1
919.589 -20.4802 0
709.541 157.483 0
627.695 227.548 0
685.745 247.394 0
723.235 248.152 0
762.264 221.971 0
790.764 236.816 0
771.381 277.467 0
1057.21 34.1329 0
1103.14 59.8967 0
1079.27 63.1191 0
1108.52 73.199 0
1103.65 64.6273 0
1154.77 96.2982 0
1153.51 98.5804 0
1128.29 113.065 1
2537.62 -362.461 1
2556.38 -350.345 0
2518.66 -310.141 0
