-2.52169 -10.7181 0
-6.34226 1.85245 0
-61.0171 32.4914 0
-36.6051 25.0976 0
50.3976 -0.225401 0
64.959 -128.609 0
113.983 -294.057 0
71.4121 -297.362 0
33.2083 -246.979 0
24.9744 -200.415 0
37.9516 -159.626 0
87.8361 -131.566 0
153.008 -124.711 0
197.519 -37.0794 0
202.276 25.9116 0
206.092 158.446 0
195.346 162.033 0
215.99 246.086 0
201.252 324.144 0
178.021 378.429 0
210.829 394.393 0
239.57 384.821 0
206.787 400.217 0
230.431 342.618 0
413.94 213.461 0
397.105 171.257 0
294.061 171.698 0
210.86 141.358 0
-308.519 -87.3356 0
-315.136 -72.6184 0
-331.813 -24.9373 0
-357.53 22.7331 0
-427.138 91.6486 1
-562.225 104.881 1
-592.114 -9.53291 0
-615.152 33.9747 0
-647.158 100.951 0
-605.608 96.1743 0
-561.713 120.906 1
24240.5 -470.33 1
24567.1 7765.93 0
18609.5 7656.46 0
18584.9 7624.62 0
18474.1 7630.27 1
23911.2 5297.26 1
