-13.5177 53.6432 0
72.7914 -34.1712 0
127.667 -112.949 0
624.013 -578.485 0
532.056 -560.979 0
603.208 -655.734 0
615.802 -634.242 0
636.698 -555.696 0
580.926 -596.554 0
611.577 -561.222 0
621.204 -532.455 0
733.432 -614.318 0
662.147 -515.623 0
725.622 -463.053 0
558.712 -230.31 0
672.283 -207.728 0
671.913 -164.614 0
668.93 -149.281 0
674.331 -136.076 0
700.557 -122.029 0
667.674 -91.8044 0
626.36 -67.4542 0
674.357 -88.0326 0
735.476 -78.8188 0
726.277 -6.9315 0
849.627 -79.1823 0
874.632 -96.1892 0
954.015 -153.303 0
1002.66 -192.813 0
989.993 -230.776 0
1071.07 -334.83 0
1096.57 -401.481 0
998.241 -308.131 0
1009.08 -374.125 0
940.18 -399.257 0
818.288 -160.253 0
976.87 -171.999 0
993.132 -216.287 0
1050.1 -184.423 0
1118.19 -167.803 0
1188.78 -189.848 0
1302.45 -232.818 0
1327.64 -222.072 0
1364.22 -160.982 0
1355.96 -146.357 0
1376.59 -67.2006 0
1387.72 -28.0398 0
1428.89 27.0886 0
1398.46 17.6319 0
1346.35 -2.00881 1
