-24.9454 42.4795 0
-17.0446 53.1154 0
279.051 -36.3094 0
308.334 4.56179 1
296.723 36.3032 1
177.869 87.8614 0
136.896 -7.73151 0
255.971 -9.19363 0
269.487 -3.36435 0
953.189 -58.1253 0
881.571 -104.063 0
983.025 18.608 0
999.072 110.517 0
1107.81 118.88 0
1124.06 100.283 0
1060.85 169.88 1
1112.77 175.362 0
1126.12 200.19 1
1130.98 196.483 0
1115.71 184.835 0
1132.74 159.964 1
1075.36 274.997 1
1008.68 246.432 0
974.594 242.087 0
909.704 275.197 0
941.011 259.569 0
954.602 308.756 0
1085.4 334.504 0
1124.16 303.074 1
1151.43 331.534 1
1160.55 265.1 0
1146.33 199.96 0
1127.76 140.39 0
1157.91 164.713 0
1142.69 8.20863 0
1159.1 -85.0122 0
1163.9 -176.964 0
1131.59 -208.265 0
1091.74 -266.36 0
1085.91 -309.541 0
1131.6 -314.872 0
1196.33 -382.224 1
1958.07 -85.9018 1
1972.03 -76.0147 0
1935.62 -92.4487 0
1917.92 -81.3928 0
1908.04 -42.7337 0
1835.82 12.5974 0
