33.198 -19.4881 0
-304.873 121.286 0
-376.911 223.998 0
-344.697 138.688 0
-327.54 99.7187 0
-176.802 64.1389 0
-157.057 58.0558 0
-619.187 218.617 0
-669.693 210.947 0
-645.673 300.262 0
-620.656 244.665 0
-824.177 659.112 0
-852.755 688.144 0
-881.795 747.682 0
-1007.5 882.547 0
-995.774 857.309 0
-841.908 693.829 0
-890.22 654.879 0
-928.91 635.044 0
-928.515 649.527 0
-931.737 655.127 0
-885.754 699.588 0
340.718 508.441 0
1828.22 118.549 0
1907.33 -3.84342 0
1892.15 -32.9558 0
1904.12 -36.3907 0
2162.12 583.835 0
2169.97 585.638 0
1503.42 643.768 0
229.955 528.072 0
218.718 539.125 0
2498.77 1714.17 1
