-13.0879 79.6714 0
-36.333 70.6627 0
-46.6252 97.7325 1
-34.2539 118.528 1
-25.633 113.293 0
-12.501 108.688 0
94.9735 -156.5 1
98.1164 -118.406 0
114.259 -63.515 0
152.278 -22.7491 0
87.8057 52.584 0
126.787 100.181 0
199.301 50.1606 0
216.75 -14.9585 0
237.125 -66.0775 0
275.152 -128.786 0
237.522 45.6909 0
162.245 324.548 0
456.371 -221.945 0
438.582 -383.786 0
500.075 -358.772 0
264.739 -227.958 0
555.179 401.882 0
503.164 429.25 1
504.167 415.651 0
1074.94 84.921 0
1124.45 49.6358 0
834.513 -48.6879 0
839.739 -49.8221 0
867.073 -54.6287 0
913.238 14.2112 0
914.846 113.633 0
996.32 301.614 0
973.499 342.033 0
866.709 316.938 1
3313.54 -204.942 1
