-58.325 49.4829 0
89.2661 48.8097 0
14.4602 136.694 0
7.39135 129.285 1
-59.4442 -98.4841 1
-66.7248 -95.0487 0
-99.2837 -101.813 0
-27.9808 -47.0712 0
-56.3678 0.814835 1
-87.6249 23.3587 1
-60.1759 33.9388 0
-63.3114 15.5925 0
-52.9359 25.4121 0
78.7049 90.3594 0
150.712 23.0849 0
122.257 -100.752 0
134.606 -110.525 0
93.3993 6.69476 0
158.709 -43.781 0
226.538 -47.9926 0
18.1449 111.157 0
-41.3143 158.249 0
-47.2765 232.897 0
-94.1609 255.387 0
305.861 57.945 0
260.767 45.9336 0
285.999 62.3132 0
258.422 62.4732 0
99.178 102.273 0
135.559 88.384 0
478.31 -191.174 0
490.75 -203.258 0
555.84 -158.624 0
564.266 -153.915 0
571.249 -169.527 0
440.269 -52.6583 0
706.358 -169.388 0
1057.44 -427.948 0
896.44 -330.835 0
1118.73 -329.052 0
1138.72 -352.353 0
1200.21 -294.917 0
1225.51 -338.995 0
1254.52 -380.869 0
1248.94 -377.755 0
1234.12 -384.661 0
1241.12 -467.122 0
1194.26 -314.604 0
1252.33 -338.068 0
1413.01 -502.604 0
1465.03 -399.042 0
2331.01 -360.968 0
2227.87 -300.433 0
