-5.44249 -56.712 1
-27.0035 -91.3674 1
-86.3449 -69.9041 0
-33.997 -36.4973 0
-47.0489 41.693 0
46.3574 80.9604 0
46.7874 208.745 0
-37.1066 295.308 0
-50.7906 296.36 0
-247.535 297.123 0
-274.045 345.379 1
1936.86 -121.201 1
1879.53 -161.976 0
1868.76 -186.705 0
1852.36 -141.911 0
1849.08 -99.4499 0
1894.36 -65.4359 0
1862.51 30.7592 0
1854.58 31.0491 0
1889.24 9.61686 0
1895.15 7.33086 0
1820.41 81.6429 0
1754.74 176.099 0
1777.19 277.765 0
1724.05 318.117 0
1608.4 330.13 0
1790.09 258.999 0
1810.92 204.54 0
1865.52 127.235 1
1144.39 973.281 1
1203.17 952.278 0
1266.17 809.298 0
1296.74 734.119 0
1326.82 639.568 1
150.962 1325.5 1
247.689 1281.37 1
268.783 1308.72 0
293.556 1320.21 0
307.655 1321.17 1
78.8226 1435.35 1
-227.469 1556.41 0
-236.753 1603.46 0
-265.921 1689.22 0
-287.246 1785.25 0
-285.504 1786.77 0
645.844 1347.39 1
647.382 1342.98 0
696.382 1321.91 0
630.722 1397.03 0
599.94 1372.33 0
498.965 1423.38 0
327.07 1619.93 0
309.123 1556.14 0
291.269 1468.48 0
429.83 1564.1 0
405.364 1796.83 0
383.868 1437.26 0
453.564 1489.84 1
315.149 1483.66 0
340.085 1516.16 0
349.394 1509.68 0
282.984 1508.74 0
306.02 1477.85 1
343.419 1466.16 1
327.045 1461.89 0
257.012 1481.06 0
313.868 1554.29 1
1221.47 1384.97 1
1243 1344.77 0
1389.61 1263.99 0
1376.07 1325.65 0
1296.33 1554.02 0
1910.86 1236.67 1
1882.17 1352.01 0
1853.54 1395.82 0
1876.74 1449.91 0
1932.03 1458.14 0
