23.3302 -52.4128 0
5.94351 -16.6322 0
-44.767 31.0478 0
-72.2149 79.6468 0
33.8951 77.7421 0
-107.194 141.151 0
61.7207 75.0482 0
58.9027 145.315 0
-0.588043 250.194 0
-38.7927 281.208 0
-44.1314 291.842 0
63.901 129.993 0
69.077 1.81416 1
65.4732 -80.8439 1
105.888 -48.57 0
95.6877 18.9097 0
104.754 57.595 0
118.958 49.9683 0
138.073 60.579 0
221.983 20.7199 0
245.222 22.3268 0
240.88 30.1456 0
245 -24.3433 0
314.537 -113.285 0
348.515 -187.61 0
328.474 -154.366 0
281.272 -114.203 0
251.908 -79.6588 0
61.7742 -42.6161 0
99.7761 -2.87282 0
93.7326 19.4916 0
115.129 39.2922 0
385.516 26.1655 0
307.74 52.0059 0
290.675 38.0955 0
271.612 5.26035 0
168.362 37.1989 0
184.278 42.063 0
242.541 24.4277 0
320.422 116.242 0
63.2027 504.079 0
124.589 417.271 0
149.808 461.405 0
152.313 529.413 0
71.277 579 0
63.631 582.196 0
81.1189 585.393 0
94.2028 623.844 1
5250.96 -4432.26 1
5289.3 -4502 0
