29.2069 -64.1736 0
40.2752 -66.2869 0
2.99061 -90.09 0
-101.072 -150 1
-65.0118 -152.791 1
-62.2235 -38.5128 0
-87.705 13.9084 1
474.622 135.565 1
482.955 105.437 0
476.836 128.275 0
418.774 151.691 0
392.458 128.538 0
322.88 144.139 0
285.915 198.98 0
402.083 278.056 0
404.033 264.913 1
74.0582 503.068 1
252.913 475.294 0
157.83 466.812 0
350.926 502.231 0
805.501 328.973 0
828.957 316.201 0
831.387 341.69 0
878.33 391.784 0
773.178 415.549 0
841.471 428.728 0
835.597 430.99 0
813.599 431.706 0
-139.33 442.56 1
-140.36 463.738 0
-121.461 484.945 0
-102.568 499.213 0
-52.3727 556.827 0
-16.8638 524.817 0
-1.87083 565.462 0
-63.3072 586.464 0
-30.1474 615.444 0
-37.3823 643.247 0
852.024 626.309 0
864.035 639.356 0
851.756 683.433 0
868.707 672.953 0
865.343 674.214 0
867.37 664.996 0
864.186 640.868 0
836.822 699.832 0
935.995 680.232 0
970.958 689.703 0
994.202 676.815 0
1020.63 582.133 0
1086.21 944.904 0
1025.09 947.894 0
1057.97 929.783 0
1042.52 832.469 0
1023.55 845.039 0
1018.88 781.03 0
1029.84 903.749 0
1157.82 595.115 1
1162.17 598.064 0
1073.81 643.892 0
1097.73 660.807 0
1057.87 676.127 0
999.596 689.888 0
1052.09 784.318 0
1208.85 832.516 0
1036.19 1022.5 0
994.595 1139.25 0
938.216 1214.4 1
2514.83 310.924 1
8879.82 331.467 0
