26.2257 70.3822 0
21.2513 84.3481 0
-62.3154 147.258 0
-44.8759 170.519 0
-37.2322 194.918 0
-83.0044 208.34 0
-226.168 187.778 0
-242.57 176.999 1
-24.9364 436.987 1
-334.242 433.606 0
-315.384 417.503 0
-224.596 129.735 0
-215.424 93.7309 0
-280.384 97.6004 0
-251.577 126.804 0
-348.65 162.323 0
-87.6421 112.42 0
-43.4988 -9.18787 0
36.6067 18.819 0
56.7258 -20.4798 0
131.002 -57.1986 0
87.4765 134.219 0
96.2521 70.9554 0
132.531 257.876 0
86.5609 188.786 0
207.268 -148.259 0
223.522 -131.88 0
209.331 -1.83899 0
251.126 -0.669445 0
205.802 -34.5129 0
162.048 1.95132 0
83.8793 78.9657 0
95.671 74.3807 0
51.9323 -182.922 0
61.4934 -368.296 0
-33.7071 -509.209 0
-364.478 -735.466 0
-96.8157 -606.449 0
-175.776 -532.4 0
-288.621 -454.355 0
-403.237 -384.492 0
-332.639 -391.922 0
-283.47 -383.499 0
33.2996 -415.901 1
106.115 -429.603 0
1098.76 -1804.34 0
1071.04 -1833.7 0
1861.29 -1476.69 0
1882.06 -1485.71 0
2020.05 -1554.37 0
2049.48 -1351.3 0
2044.02 -1329.92 0
2142.24 -1342.58 0
2142.74 -1323.05 0
2086.33 -1196.84 0
2025.42 -1149.9 0
1922.51 -1102.1 0
1976.2 -1125.33 0
2051.26 -1296.36 0
2057.55 -1307.83 0
2094.87 -1315 0
627.013 -437.684 0
722.458 -843.445 1
777.027 -888.654 0
823.742 -924.436 0
887.528 -967.825 0
976.611 -936.305 0
940.333 -921.034 0
910.581 -898.03 0
884.674 -973.174 1
800.666 -922.24 1
663.124 -780.858 0
579.385 -775.859 0
618.178 -796.509 0
655.334 -815.621 1
60969 279.307 1
