-2.02832 7.48987 0
1.14422 -17.9552 0
14.5481 -61.0467 0
18.3461 -85.8683 0
51.8385 -56.9576 0
71.5079 -80.6435 0
-384.271 118.147 0
-277.581 92.6051 0
-147.279 409.492 0
75.7943 829.241 0
59.3965 869.805 0
30.6712 863.791 0
7.59891 880.593 0
-12.0399 898.894 0
-1.43511 830.58 0
30.6322 799.603 0
-87.7614 633.204 0
-161.574 524.226 0
-166.925 340.225 0
-143.326 382.956 0
-172.88 385.819 0
130.213 479.699 0
158.291 479.081 0
219.487 459.343 1
207.393 481.315 1
888.768 462.038 0
584.584 279.728 0
939.973 162.702 0
943.671 172.331 0
1047.57 141.358 0
1018.97 201.074 0
1007.46 246.097 0
913.95 298.659 0
927.7 267.161 0
927.126 286.527 0
906.116 381.889 0
956.185 268.377 1
1258.79 226.889 1
1271.23 209.358 0
1218.18 52.4367 0
1256.27 -152.113 0
1195.63 -144.08 0
1131 -339.29 0
1122.19 -356.647 0
1055.18 -369.865 0
1041.46 -322.107 0
986.054 -319.827 0
965.673 -368.445 0
887.898 -304.325 1
844.591 -345.646 0
828.641 -364.483 1
819.006 -306.96 0
852.328 -274.542 0
872.441 -259.971 0
837.167 -132.356 1
4026.06 -10522.1 1
3993.7 -10460.1 0
4054.91 -10503.3 0
4327.61 -10629.8 0
3914.29 -10406.6 0
3867.56 -9819.54 0
3892.97 -15253.3 0
