9.52417 33.6272 0
2.27296 -0.775475 0
62.0354 170.958 0
74.6374 326.79 0
69.524 178.807 0
80.5453 16.6435 0
149.748 -353.376 0
74.1496 -718.358 0
59.0181 -814.016 0
82.1387 -809.052 0
137.09 -780.129 0
75.3074 -706.756 0
76.6834 -633.2 0
116.756 -569.668 0
47.0305 -464.525 0
41.5784 -428.463 0
38.4088 -389.751 0
82.421 -369.258 0
112.702 -391.658 0
169.226 -420.1 0
-1127.84 -63.3072 0
-1110.63 -50.4844 1
-610.628 -55.0087 1
-659.969 -9.19096 0
-662.893 -17.4779 0
-682.194 -10.5693 0
-682.148 2.19765 1
-680.303 13.9141 1
-52.7999 -233.422 0
-337.849 -210.629 0
-367.056 -145.216 0
-379.786 -130.727 0
-627.283 -203.392 0
-534.706 -168.997 0
-520.488 -163.452 0
-488.704 -89.7719 0
-491.059 -110.633 0
-482.714 -138.767 0
-476.901 -112.198 0
-460.693 -60.3061 1
1931.82 -136.987 1
1995.07 -131.046 0
2011.28 -127.315 0
2028.33 -142.889 0
1994.83 -205.54 0
1969.55 -307.905 0
2067.88 -151.268 0
1955.74 38.6603 0
1941.41 132.447 1
2235.1 -392.036 1
2239.92 -391.888 0
2217.93 -441.075 0
2217.85 -546.342 0
2323.4 -558.141 0
2309.57 -632.967 0
2340.05 -632.305 0
2308.76 -645.722 0
2379.71 -586.641 0
2371.38 -555.538 0
2308.55 -493.787 0
2387.06 -608.229 0
2425.69 -584.823 0
2440.72 -573.263 1
2538.35 -416.934 1
2520.86 -418.601 0
2565.24 -362.099 0
2504.3 -276.908 0
2419.5 -197.753 1
1974.24 -1573.73 1
1945.63 -1589.56 0
1884.75 -1596.97 0
1917.76 -1602.36 0
1958.65 -1563.15 0
1934.12 -1598.66 1
3010.3 -1133.86 1
