-33.1929 -10.9206 0
64.0955 66.3581 0
117.025 108.107 1
228.363 107.125 1
221.914 139.932 0
218.745 88.5421 0
230.857 61.2053 0
314.605 -138.768 0
348.038 -152.535 0
390.985 -117.006 0
356.273 -95.3473 0
265.212 -100.468 1
408.303 -65.8641 1
407.225 -47.4984 0
402.31 -40.2555 0
453.266 -41.922 0
483.565 -40.2161 0
560.429 -17.9985 0
537.363 -8.44439 0
497.198 93.1054 0
503.408 33.8864 0
562.971 -19.1597 0
575.808 10.2374 0
637.306 15.9347 0
733.797 72.4369 0
721.008 113.034 0
698.254 96.6094 1
583.482 72.6036 1
642.938 53.3123 0
522.182 283.086 0
908.433 -577.401 0
884.814 -601.309 0
920.28 -607.19 0
2028.35 -448.81 0
2004.64 -467.096 0
1972.09 -465.001 0
1934.92 -423.441 0
