7.08347 10.0069 0
28.2825 132.778 0
36.5138 186.716 0
8.36451 236.295 1
-6.46096 179.793 1
-4.27512 213.171 0
22.3003 232.547 0
-20.9069 262.529 0
-5.85624 284.474 1
181.679 294.025 1
173.894 293.223 0
261.034 348.115 0
239.581 363.123 0
221.785 366.087 1
-141.438 16.0392 0
-234.785 -26.1312 1
-406.472 -78.196 0
-368.943 -23.6258 0
-374.894 -26.5832 1
-375.401 504.923 1
-329.35 542 0
-330.901 541.874 0
-320.256 617.657 0
-286.378 277.395 1
-349.737 309.496 0
-76.1418 340.977 0
-18.9639 342.633 0
-48.2311 429.309 0
-83.514 476.155 0
-19.5252 418.154 0
31.233 356.101 0
-678.846 380.882 0
-498.5 330.096 0
-472.035 334.403 0
558.597 820.097 1
731.71 888.096 0
753.324 866.153 0
725.723 778.601 0
618.086 104.89 0
579.316 136.345 0
544.497 193.764 0
532.064 213.846 0
603.257 162.408 0
594.159 190.977 0
622.494 174.635 1
623.109 344.767 1
692.39 233.328 0
667.059 238.038 1
793.26 251.061 0
766.339 196.977 1
