16.1617 -4.53915 0
34.612 -12.4996 0
71.0557 -46.1547 0
103.079 -40.6029 0
83.9685 15.2963 0
100.197 25.88 0
155.221 54.9464 0
173.647 61.0619 0
201.684 28.952 0
79.4979 33.0355 0
255.066 -219.18 0
227.136 -271.587 0
222.537 -313.145 0
158.035 -320.708 0
-107.252 -130.572 0
-82.0683 -100.015 0
121.637 -61.8047 0
321.849 69.91 0
384.577 68.1037 0
412.055 87.3797 0
435.688 101.182 0
439.944 122.342 0
459.462 114.71 0
810.474 -127.133 0
805.297 -141.63 0
945.461 -167.447 0
942.188 -177.669 0
937.406 -199.239 0
933.681 -134.62 1
923.06 -126.548 1
999.785 -58.311 0
986.35 49.3081 0
994.047 110.756 0
979.099 154.054 0
980.493 181.22 0
971.063 179.842 0
972.227 188.843 0
982.024 172.162 0
960.479 155.795 0
1002.39 -298.366 1
993.716 -288.277 0
979.522 -304.647 0
1013.92 -279.143 0
947.117 -327.125 0
959.303 -395.174 1
936.59 -396.027 1
929.77 -382.273 0
935.421 -355.567 0
870.673 -352.206 0
870.132 -335.644 1
1598.98 -214.678 1
1427.8 -44.6266 0
1409.88 45.0753 0
1530.32 62.9074 0
1585.67 0.536354 0
1520.38 -35.3707 1
140.298 -139.771 1
97.0575 -133.735 0
109.207 -128.405 0
124.482 -131.104 0
-1036.93 -245.196 0
-1040.15 -146.314 0
-996.302 -71.0826 0
-950.16 -64.3597 0
-914.182 -56.197 0
-896.351 -57.1007 1
1409.81 22.4399 1
