-97.8115 -112.331 0
-109.962 -179.027 0
-167.351 -284.1 0
-233.339 -249.778 0
-249.731 -276.241 0
-250.247 -285.8 0
-287.434 -253.713 0
-260.005 -209.881 0
-89.0776 -74.9034 0
13.7137 -177.049 0
52.1115 -188.185 0
80.5758 -125.653 0
103.194 -23.4927 0
294.902 105.86 0
303.455 -266.81 0
274.621 -284.168 0
260.428 -358.764 0
269.535 -365.294 0
289.584 -295.997 1
529.366 -242.671 1
472.176 -224.228 0
442.452 -171.714 0
489.268 -86.4283 0
526.438 -65.2038 0
549.419 -54.9586 0
558.627 -52.4787 0
532.693 -52.7285 0
536.979 -31.5741 1
523.562 6.80709 1
467.327 -14.1533 0
394.6 1.25954 0
405.234 8.23825 0
430.902 25.139 0
343.45 -1.53741 0
272.037 35.7722 0
298.241 37.1684 0
303.603 79.9414 0
213.825 217.871 0
202.704 257.838 0
291.974 275.527 0
-524.496 374.88 0
-534.779 374.615 0
-531.241 342.906 0
-454.954 264.813 0
-583.685 408.64 1
-2457.21 2468.95 0
-2488.28 2457.97 0
-2438.77 2430.51 0
-2327.57 2362.37 0
-2313.83 2338.67 0
-2138.45 2127.94 0
-2774.65 1925.23 0
-2780.33 1907.87 0
-2771.96 1796.75 0
-2753.72 1751.52 1
-45516.4 1473.76 1
-45753.8 1527.33 0
-50608.1 1629.14 0
-50625.4 1661.21 0
-50637.5 1654.02 0
-50592.5 1653.97 0
-50613.2 1662.05 0
-50632.8 1643.07 0
-50628.4 1605.18 0
-50617.6 1601.77 0
-50620.7 1615.95 0
-50616.3 1653.47 0
-50675.8 1695.05 0
-50338.7 1491.21 1
-49988.3 1545.76 0
-50113.4 1527.44 0
-50137.6 1465.16 0
-50246.8 1765.6 1
-50330.8 1801.39 1
-50438.3 1885.27 1
-50104.1 1889.24 1
-47717.6 1327.64 0
-47623.2 1325.79 0
-46532.3 -17.6047 0
-46456.8 -16.792 0
-46474.1 -27.0972 0
-46515.8 17.3069 0
-46475.7 25.5599 0
-46554.5 100.363 1
-45953.8 563.642 1
-45845.9 584.153 0
-45828.2 657.48 0
-45850.8 779.809 0
-45916.7 785.711 0
-45984.7 813.543 0
-45980 805.146 0
-45987.4 784.373 0
-45938.5 723.976 0
-46044.1 622.58 0
-46090.8 618.109 0
-46082.7 672.628 0
-46023.9 734.824 0
-45926.4 741.565 0
-45887.5 796.276 0
-45823.9 799.528 0
-45870.4 780.516 0
-45841.1 825.929 1
-45782.8 865.572 1
-45709.7 925.454 0
-45678.6 901.293 0
-45665.3 901.018 0
-45663.2 891.957 1
-52847.2 1390.49 1
-52439.6 1238.81 0
-52221 1313.96 1
-52320.6 1382.3 1
-52381.2 1449.67 0
-52520.3 1459.56 0
-58287.6 1175.24 1
-58419.7 1172.28 0
-58699.4 1040.54 0
-58793.1 1067.85 0
-58846.5 1079.78 0
-58950.9 1110.17 0
-59343.9 755.14 0
-59378.3 741.95 0
-59399.1 740.798 1
-58234.4 144.295 1
-58245.5 112.404 0
-58269.2 56.5953 0
-58280.5 57.3257 0
-57858.1 232.058 0
-57819 292.921 0
-57793.8 346.551 0
-57967.2 159.236 0
-57943.9 132.156 0
