72.5549 41.1606 0
45.5137 37.3248 0
16.8668 56.556 0
-29.6588 56.4132 0
-77.7981 63.8473 0
-0.981087 124.541 0
102.956 192.226 0
76.0562 188.369 0
64.3219 165.928 1
127.24 206.768 1
140.401 268.62 0
132.526 342.088 0
113.013 322.04 0
118.28 476.043 0
107.44 517.731 0
80.0064 504.457 0
113.587 538.165 0
312.163 613.255 1
327.444 647.682 1
341.853 646.47 0
372.273 645.794 0
423.08 629.575 0
186.214 472.417 0
305.615 274.497 0
195.823 190.604 0
113.389 176.219 0
117.008 126.255 0
212.022 184.518 0
498.919 163.665 0
544.365 155.741 0
576.78 123.549 0
493.943 138.785 0
578.452 119.048 0
1123.8 -336.119 0
1126.55 -396.482 0
1100.51 -473.523 0
1128.86 -464.79 0
1109.66 -765.201 0
1116.26 -783.87 0
1156.73 -787.522 0
1200.82 -872.816 0
2098.17 -1646.34 0
-71545.1 3442.6 0
-71238.2 3719.94 0
-71280 3784.79 0
-71249.4 3825.63 0
-71258 3852.36 0
-71272.8 3870.29 0
-71264.5 3912.65 0
-71454.1 3955.48 0
-71462.2 4011.84 0
-71497.2 4007.44 1
-71506.8 3987.53 1
-72886.4 4308.56 0
-72870.6 4322.91 1
-73010.1 4356.49 1
-73166.2 4317.12 0
-73197.4 4340.9 0
-72714 4249.81 0
-72633.4 4188.37 0
-72571.8 4198.82 1
-78548.4 4349.24 1
-78548.5 4256.34 0
-77399.1 4128.19 0
-77381.9 4025.98 0
-77414.1 4012.29 0
-77434.8 3931.5 0
-77427.5 3978.42 0
-77535.5 4016.3 1
-77581.8 4060.53 1
-77598.8 4047.1 1
-77736.4 3952.61 1
-77712.3 3925.72 1
-77699 3924.2 1
-77674.7 3915.56 1
-91657.7 5910.77 1
-91601.8 5898.71 1
-91655.2 5857.76 0
-91654.4 5902.42 0
-91650.5 5956.35 0
-91754.1 6101.07 1
-91842.3 6444.94 1
-92565.4 6174.93 1
-88421.6 6128.02 0
