-0.22939 -1.73092 0
-105.034 273.7 0
-58.3605 494.768 0
-69.815 527.126 0
-18.016 565.431 0
-45.8115 615.121 1
-44.2847 654.133 1
-59.025 630.513 0
-102.076 531.849 0
-157.698 349.438 0
-146.447 186.82 0
-177.495 62.4686 0
-241.407 -11.4336 0
-210.687 -64.4805 0
-251.339 -91.334 0
-200.742 -119.16 0
-161.302 -51.1995 0
-107.515 -54.3429 0
-14.6481 2.88067 0
94.847 131.592 0
78.7085 129.487 0
107.601 111.124 0
163.826 50.3067 0
209.461 32.8968 0
-497.099 77.5029 0
-426.388 55.1039 0
142.365 253.121 0
140.957 189.479 0
96.8818 54.279 0
102.737 -33.2666 0
97.2642 -0.198513 0
78.9609 -22.8814 0
56.587 18.3201 0
68.6326 146.382 0
106.402 268.281 0
143.925 436.153 0
208.879 465.686 0
164.142 468.792 0
133.725 590.599 0
164.635 661.737 0
169.12 670.125 0
104.414 719.185 0
-55.2088 672.511 0
-72.3949 583.593 0
-56.0508 524.191 0
32.2778 500.566 0
104.528 446.17 0
171.499 474.673 0
265.413 374 0
206.461 448.784 0
244.72 440.671 0
270.507 610.114 0
416.539 280.067 0
426.546 266.233 0
552.161 220.405 0
578.249 99.6432 0
737.805 122.277 0
906.232 -15.6025 0
892.709 178.59 0
915.576 554.476 0
946.46 638.315 0
917.658 856.147 0
838.612 1352.04 0
809.586 1357.08 0
780.96 1417.26 0
761.932 1410.63 0
751.888 1407.01 0
816.748 1372 0
720.903 1268.3 0
852.671 1253.04 0
907.859 1218.79 0
1075.89 908.893 0
1097.8 877.99 0
1545.17 652.482 0
1579.48 629.313 0
1567.52 619.419 0
1191.16 803.22 0
1044.91 902.52 0
-2270.59 -199.273 1
-2287.96 -189.63 0
-2288.12 -129.117 0
-4024.6 593.069 0
-4063.15 597.091 0
-4002 610.7 0
-3956.32 622.757 1
-3902.55 643.878 1
-3122.74 554.541 0
-3099.51 629.689 0
-3022.09 667.518 0
-3528.54 1.37091 0
-3546.67 -18.6886 0
-3543.02 -62.7231 0
-3538.8 32.6759 0
-3696.85 231.313 1
-3305.48 -324.901 1
-3285.75 -310.268 0
-3319.36 -337.622 0
-3309.64 -326.915 0
-3377.14 -284.841 0
-3326.27 -425.04 0
-3256.88 -444.115 0
-3298.7 -364.746 1
-3328.65 -323.263 1
-1883.59 -797.042 0
-1910.95 -792.54 0
-1919.85 -727.624 0
