5.81218 -26.8721 0
48.6803 16.0487 0
53.6503 94.7949 0
31.7197 156.329 0
-3.46322 178.89 1
260.926 -259.111 1
237.462 -230.86 0
227.867 -224.421 0
197.606 -144.378 0
185.214 -95.7395 0
164.101 -65.7187 0
174.785 -7.0243 0
249.796 27.1757 0
295.069 -7.22524 0
266.83 -28.676 0
265.728 -31.8097 0
181.177 -126.004 0
153.638 -134.139 0
166.618 -170.166 0
193.732 -193.393 0
242.291 -220.669 0
220.419 -202.907 0
203.356 -152.082 0
215.442 -101.582 0
248.11 -70.4808 0
261.16 -32.6396 0
-96.7032 -79.2101 0
-50.2998 -61.4882 0
185.939 -116.297 1
234.941 -65.9685 0
202.714 -102.68 0
220.303 -108.205 0
240.252 -148.641 0
223.716 -167.87 0
195.581 -199.319 0
184.23 -173.871 0
190.724 -111.238 0
190.578 -25.4311 0
247.137 -46.827 0
437.187 -231.081 0
399.135 -211.922 0
426.812 -239.65 0
442.859 -205.023 0
349.896 -35.4466 0
316.154 36.5911 0
326.226 31.3807 0
354.753 74.2008 0
203.578 13.6161 0
222.392 29.866 0
462.163 -88.9677 0
495.454 -93.3286 1
398.605 -97.1877 1
484.944 -94.8786 0
470.663 -129.418 0
490.297 -128.988 0
626.602 -47.9616 0
640.893 51.4932 1
1120.59 919.454 1
1170.84 943.029 0
1176.71 981.99 0
1278.2 1072.45 0
1234.16 1185.64 0
1186.22 1307.58 0
1176.26 1357.57 0
1195.05 1347.14 0
547.975 1409.25 0
614.764 1362.79 1
4392.62 -1538.5 1
