-6.37601 -79.3984 0
99.018 -128.402 0
152.725 -114.332 0
221.199 -77.9626 0
234.702 -14.2233 0
239.625 18.3493 0
196.12 3.49886 1
26.9553 -121.197 1
64.6226 -157.181 0
81.6978 -79.2165 0
90.0629 -185.829 0
101.689 -192.453 0
106.22 -173.443 0
85.1555 -137.587 0
114.589 -125.241 0
138.969 -98.7855 0
185.808 -109.911 0
223.084 -142.303 0
277.537 -132.294 0
285.215 -102.558 0
325.841 10.0212 0
373.696 341.067 0
335.663 96.4002 1
123.862 -268.788 1
160.57 -268.829 0
132.898 -239.476 0
104.758 -224.703 0
133.562 -209.23 0
97.6278 -171.006 0
79.9326 -155.614 1
161.105 -108.643 1
336.16 15.0128 0
215.667 228.399 0
246.058 320.764 1
510.698 271.773 1
765.493 226.68 0
719.164 224.644 0
347.865 257.539 0
367.942 292.141 1
253.927 307.122 1
259.377 380.518 0
664.282 201.967 0
678.812 283.238 0
756.883 150.014 0
180.662 427.557 0
212.615 449.28 0
1076.78 874.809 1
1184.87 866.171 0
1181.51 928.054 0
977.981 961.645 0
903.12 1257.7 1
