-16.3782 -54.6087 0
-20.4708 -32.4978 0
-11.6317 -15.8356 0
19.0448 7.40227 0
5.36566 13.5789 0
1.29485 70.0711 1
-17.5417 93.7769 1
19.7171 65.1281 0
-8.69947 141.556 0
-37.764 43.7507 0
-28.8361 80.089 0
-53.1715 223.875 0
45.6368 277.616 1
662.105 97.9144 1
635.312 56.7397 0
608.177 18.5424 0
589.28 -22.5151 0
660.193 -86.6062 0
696.482 -124.324 0
772.775 -120.875 0
807.625 -149.329 0
802.559 -89.1726 0
718.649 -81.6854 0
556.916 442.677 0
581.85 366.147 0
635.559 369.395 0
702.631 520.412 0
754.685 473.263 0
861.339 718.911 1
760.473 349.278 1
809.718 363.634 0
1204.44 367.974 0
1106.69 393.574 0
1035.72 382.755 0
1016.87 434.834 0
1042.63 552.251 0
1118.76 664.138 0
1107.47 712.083 0
1114.68 764.157 0
1083.07 800.939 0
1094.4 843.102 0
1161.42 794.084 0
1196.8 843.029 0
1243.23 906.638 0
1241.54 923.967 0
1170.6 896.948 0
1198.23 889.172 0
1207.26 842.334 0
1180.16 756.375 0
1114.67 913.035 0
976.245 906.03 0
1428.49 654.996 0
1416.11 722.59 0
1394.84 712.654 0
1268.99 733.745 0
1279.11 777.676 0
1325.53 783.658 0
1332.4 809.872 0
1347.93 853.461 0
1389.4 799.743 0
1473.32 477.998 0
1632.52 387.25 0
1605.25 399.186 0
1924.28 143.189 0
1998 90.6538 0
1943 76.3776 0
1914.42 64.2753 0
2652.43 -646.898 0
