190.017 21.5888 0
95.4821 -29.4484 0
762.814 124.366 0
803.864 180.836 1
796.315 208.075 0
739.244 547.316 0
712.175 545.424 1
932.144 562.178 1
943.178 577.65 0
914.379 517.389 0
962.888 514.993 0
1034.67 312.961 0
1052.17 295.551 0
1049.72 318.573 0
1105.53 369.93 0
1091.93 401.631 0
1141.28 405.063 1
246.049 300.588 1
310.629 293.529 0
403.815 297.884 0
3.56848 510.65 0
40.7104 428.086 0
266.827 364.851 0
385.706 365.811 0
379.668 372.646 0
2599.02 442.216 1
2630.13 417.997 0
2628.23 389.831 0
2623.56 372.036 0
2619.1 360.776 0
2586.69 401.803 0
2533.81 582.327 0
2502.15 612.054 0
2502.08 626.133 0
2519.23 595.953 1
2354.53 512.215 1
2507.12 445.629 0
2561.59 512.793 1
2512.23 552.269 1
2423.05 479.239 0
2396.01 510.28 0
2449.16 478.607 1
3636.82 16.0929 1
2973.27 286.295 0
