-4.70398 50.3691 0
-15.4393 72.6058 0
-26.696 91.6557 0
-0.970165 101.375 0
17.5213 92.7221 0
28.3295 92.5621 0
65.3407 -19.5609 0
80.4026 -122.635 0
49.7324 -102.666 0
10.4981 -66.111 0
-55.463 -16.7855 0
-71.8836 -4.10832 0
-98.4623 -115.631 0
-135.303 -144.559 0
-136.681 -142.968 0
-124.467 -112.223 1
-163.317 -35.4105 1
-89.5789 -47.2213 0
-103.831 -14.6133 0
-28.828 3.22151 0
-59.9708 20.601 0
-62.4937 73.9382 0
-82.7954 132.053 0
-33.4701 182.275 0
48.7101 183.806 0
53.7777 206.766 0
61.7194 211.066 1
53.8673 110.225 1
61.8339 165.354 0
111.256 189.976 0
208.618 66.6836 0
166.405 23.4457 0
227.85 48.9592 0
490.984 47.862 0
-155.001 719.153 0
-202.601 892.373 0
-222.05 967.74 0
-235.223 1031.21 0
-28.5787 852.539 1
-21.2046 624.992 0
-87.5174 594.547 0
-191.438 593.96 0
-249.487 595.463 0
-322.73 543.295 0
-340.72 495.367 1
-259.032 493.491 1
-237.503 601.433 0
-157.763 788.654 0
131.084 474.408 0
1954.08 -321.939 0
1936.86 -230.883 0
1876.21 -46.0514 0
2731.99 -429.515 0
2711.84 -359.131 0
2699.12 -291.492 0
2696 -227.429 0
2681.26 -225.386 0
2772.5 -112.242 0
2794.76 -52.8564 0
2853.4 -64.7075 0
2841.96 -28.237 0
2932.44 -80.39 1
1984.13 -740.278 1
2007.03 -745.624 0
2053.09 -702.109 0
1894.63 -634.194 0
1853.1 -625.939 0
1817.36 -598.904 1
2776.22 -734.659 1
2766.11 -712.404 0
2751.45 -680.327 0
2665.15 -735.689 0
2661.37 -525.823 0
2693.75 -463.578 0
2739.08 -506.184 0
2763.73 -595.351 0
2753.86 -605.15 0
2721.18 -588.48 0
2781.47 -447.759 0
2803.2 -428.993 0
2819.82 -406.094 0
3279.1 -1114.17 0
3215.39 -1144.69 0
3139.17 -1145.74 0
