-58.3076 43.9691 0
-36.3885 81.2054 0
-40.3994 79.9762 0
-44.9978 83.9277 0
-87.5869 114.118 1
-178.79 376.777 0
-100.324 178.669 0
28.3366 76.6841 0
63.4171 -10.1202 0
98.331 -124.623 0
66.909 -21.0956 0
42.2231 30.8534 0
91.8685 42.7794 0
86.042 102.988 0
93.5069 187.382 0
32.0295 227.226 0
2.12576 252.466 0
-18.2031 258.62 0
-180.971 87.4993 0
-224.224 176.062 0
-137.582 215.998 0
-168.419 273.946 0
-193.763 275.262 0
-359.593 377.849 0
-375.441 378.465 0
-352.114 367.28 0
-275.396 349.667 0
-265.703 355.245 0
-259.558 376.232 0
-278.096 411.15 0
-151.181 243.629 0
-129.101 286.727 0
99.6255 277.158 0
-457.969 207.773 0
-468.551 357.809 0
-456.075 388.87 0
-778.059 341.689 0
-781.567 307.994 0
-707.041 290.831 1
2901.28 788.399 1
2890.27 768.711 0
2984.44 694.067 0
3005.48 661.514 0
3084.27 585.166 0
3138.12 580.116 0
3140.24 617.41 0
3607.07 479.017 0
3596.2 535.011 0
3605.49 579.59 0
3742.55 427.744 1
3726.61 402.052 1
3665.73 403.128 1
4199.92 585.311 0
4181.51 656.114 0
4171.34 689.651 0
4287.35 681.728 0
4042.61 760.222 1
3764.85 638.138 1
3778.31 641.675 0
3799.79 660.387 0
3804.09 668.173 0
4384.18 556.845 1
4395.97 490.956 0
