-41.0074 -1.95117 0
-51.9584 -40.568 0
-138.627 -42.5394 0
-102.93 -61.749 0
-203.503 -8.25842 0
-105.935 -2.49792 0
-151.251 -71.447 0
-172.579 -151.63 0
-31.4387 -134.099 0
54.1764 -241.736 0
174.201 -296.728 0
235.496 -292.345 0
235.171 -267.393 0
230.672 -181.834 0
228.539 -242.382 0
284.229 -176.952 0
272.089 -144.103 0
253.354 -106.381 0
222.323 -50.9424 0
216.015 -12.4907 0
227.858 2.2062 0
203.74 -35.053 0
272.614 -60.733 0
328.046 -42.4981 0
252.089 -65.7373 0
265.125 -54.7775 0
275.789 -27.7175 0
313.307 -37.3709 0
269.551 -102.108 1
-916.972 18.3666 1
-571.934 -101.492 0
-532.341 -111.527 0
-538.879 -133.206 0
-295.402 -202.049 0
-264.714 -203.309 0
-242.73 -396.126 0
-219.666 -577.935 0
-217.246 -711.214 0
-210.382 -714.158 0
-257.811 -789.876 0
-278.037 -829.899 0
-205.51 -856.422 0
-261.062 -676.201 1
-83.068 -1454.06 1
-86.5895 -1470.82 0
-85.4971 -1465.69 0
-85.4923 -1459.7 0
-90.1102 -1448.73 0
-90.3752 -1444.02 0
-98.9113 -1432.99 0
-106.727 -1410.64 0
-111.099 -1381.81 1
1508.12 411.552 1
1381.28 -50.1618 1
1564.65 52.8263 0
1536.75 83.7468 0
1551.67 65.8857 1
1605.99 122.747 1
1681.1 129.831 0
1672.36 206.731 0
1640.26 192.791 0
1646.51 197.248 1
1690.93 201.85 1
1670.38 245.01 0
1721.91 327.744 0
1753.96 302.477 0
1701.55 262.335 1
1631.91 -321.687 1
1641.17 -295.777 0
1662.82 -294.239 0
1656.97 -279.554 0
1711.95 -282.017 1
1732.5 -292.426 1
1717.16 -251.284 0
1753.22 -200.927 0
