11.4566 30.6501 0
22.0733 31.4106 0
28.3586 47.9472 0
4.38585 75.1286 0
0.0109262 183.935 0
-6.99747 193.264 0
113.734 58.1974 0
156.652 523.839 0
111.192 528.107 0
86.2918 530.969 0
49.6702 517.678 0
61.0568 442.137 0
242.578 199.35 0
259.662 226.697 1
369.688 255.195 1
119.352 570.003 0
145.046 385.087 0
-434.912 690.784 0
-392.464 588.572 0
110.528 500.791 0
112.382 454.187 1
78.4121 428.554 1
103.741 452.253 0
91.8642 413.631 0
113.912 407.917 1
15.0177 -100.707 1
182.214 -285.784 0
188.567 -264.813 0
159.137 -256.566 0
262.508 -193.343 0
228.229 -131.54 0
202.327 -69.7936 0
158.35 12.1197 0
-168.926 672.632 0
-145.233 800.251 0
-166.922 883.249 0
-682.837 1331.15 0
-757.747 1333.24 0
-753.315 1316.96 0
-754.158 1334 0
-1512.85 1246.83 0
-1309.81 1204.95 0
-1273.93 1182.1 0
-1574.5 1157.06 0
-1690.52 1203.25 0
-1683.91 1179.4 0
-1053.02 827.65 0
-1059.23 785.581 0
-526.492 934.711 0
-330.957 788.408 1
-344.722 738.608 0
-341.508 698.395 0
-415.434 726.081 0
-496.85 727.305 0
-742.615 547.169 1
1702.17 606.117 1
1676.27 650.468 0
1690.61 619.284 0
1886.56 582.07 0
1957.17 539.585 0
2780.6 -1180.24 0
