-18.9439 -21.174 0
-107.511 -10.6661 0
-85.3124 -8.56515 0
-56.2363 -34.8371 0
-88.4474 -51.3936 0
-146.424 -99.2967 0
-241.828 -114.005 0
248.129 -64.3471 0
241.563 -6.74567 0
283.996 49.3584 0
319.223 30.7467 0
263.606 -16.8177 0
293.234 -33.7274 0
248.305 -19.6579 0
283.756 -10.6152 0
296.942 -44.9836 0
348.615 -100.7 0
448.275 -106.899 0
460.886 -91.4261 0
528.348 -96.2202 0
555.322 -131.73 0
295.874 270.409 0
277.446 359.89 0
232.09 322.651 0
379.863 92.381 0
376.032 41.6936 0
462.407 31.6166 0
472.568 -11.5851 0
470.227 -49.4839 1
417.437 46.5395 1
418.53 44.264 0
349.133 60.7131 0
256.717 35.8391 0
589.867 96.353 1
586.921 166.488 1
598.772 255.199 0
547.784 344.867 0
490.989 416.38 0
482.067 445.081 0
442.321 488.837 1
474.724 442.669 1
454.911 426.352 0
438.156 396.478 0
440.012 443.132 0
433.17 414.682 1
486.357 354.679 1
541.98 344.221 0
558.78 303.832 0
554.996 289.309 0
513.257 365.432 0
590.526 266.715 0
648.458 284.981 0
656.375 353.456 0
721.479 390.209 0
713.883 386.188 0
749.663 365.112 0
858.537 392.145 0
907.347 363.358 0
826.068 338.991 0
822.011 332.122 0
729.194 328.764 0
673.415 349.568 0
666.359 415.266 0
648.69 430.405 0
788.834 447.215 1
800.984 467.108 1
829.391 555.901 0
848.013 587.581 0
1298.04 507.211 0
1291.12 485.337 0
1232.25 458.692 0
