-9.55102 4.69205 0
-35.0773 156.681 0
-47.6207 226.139 1
-58.3276 423.715 1
-36.9298 433.813 0
134.502 334.985 0
115.664 405.69 0
131.032 443.766 0
67.7443 430.12 0
86.9965 451.855 1
99.1265 467.799 0
134.844 407.519 0
236.009 445.372 1
294.667 415.467 0
342.778 406.176 1
300.085 434.413 0
335.001 420.573 0
379.16 431.094 1
386.146 432.957 1
441.93 531.01 0
448.568 500.305 0
397.953 413.077 0
420.015 365.456 0
401.88 374.506 0
393.496 450.539 0
333.366 524.467 0
324.448 530.795 0
318.547 567.022 1
271.564 713.258 1
230.662 723.001 0
200.005 741.335 0
321.645 180.665 0
331.841 182.167 0
330.979 145.883 0
327.547 126.643 0
353.16 79.9236 0
433.472 56.5909 0
390.154 24.7162 0
369.485 46.788 1
394.452 86.5066 1
-235.359 548.587 0
-748.129 586.85 0
-219.231 617.874 0
-416.142 625.722 0
-386.305 784.641 0
-379.755 808.175 0
-384.383 855.79 0
-408.541 938.824 0
-458.481 1025.43 0
-1018 1030.67 1
-957.504 1085.55 1
-895.162 1027.92 1
-826.094 1301.18 0
-831.898 1361.78 0
-842.198 1388.72 0
-832.954 1426.46 1
-784.296 1504.37 1
-834.443 1544.03 0
-870.25 1607.12 0
-907.063 1624.93 0
-914.847 1592.89 0
-872.902 1656.75 1
-855.943 1637.71 1
-801.962 1640.42 0
-734.698 1650.69 0
-775.596 1590.63 0
-759.211 1659.82 0
-781.075 1681.01 0
-869.612 1735.79 0
-1116.98 1850.52 0
-1196.73 1894.4 1
-1214.05 1856.9 1
-1218.27 1699.75 0
-1201.38 1770.76 0
-963.353 1342.92 0
-993.499 1264.66 0
-975.429 1224.36 0
-826.556 1176.58 1
-55067.5 8554.58 1
-55065.5 8621.88 1
-55256.7 8781.29 1
-55285 8790.7 0
-55303.9 8800.4 0
-55306 8804 1
-55228.4 8752.04 1
-55166.4 8744.97 0
-55124.2 8745.61 0
-55092.9 8748.61 0
-55233.6 8659.07 1
-53131.6 7533.09 1
-46272 10821.1 0
-46312.6 10757.6 0
