-34.8867 6.46879 0
-52.3217 41.0283 0
-60.425 39.6901 0
-69.5938 31.4081 0
-66.2724 41.1857 0
55.7892 146.037 0
41.2627 111.599 0
-11.9348 165.412 0
-65.1481 216.909 0
10.078 174.009 0
186.403 217.274 0
269.033 270.512 0
304.634 299.657 0
307.161 284.187 0
393.327 281.085 1
790.091 165.253 1
775.972 182.512 0
756.119 215.066 0
754.076 221.862 0
747.566 232.304 1
694.121 -155.572 1
749.167 2.13976 0
921.255 -15.2217 0
691.696 180.318 0
678.148 275.124 0
615.16 343.753 0
616.088 418.728 0
590.323 589.56 0
598.396 635.614 0
144.04 1253.94 1
124.5 1313.1 0
101.588 1337.99 0
95.7923 1407.95 0
110.298 1451.58 1
-2.65006 1552.67 1
-23.6067 1561.78 0
333.298 1304.77 0
-3676.39 1674.48 0
-3801.42 1730.8 0
-3567.5 1671.26 0
-3584.06 1644.34 0
-3586.02 1616.97 1
29959.7 384.891 1
