10.7385 -116.885 0
60.8708 108.237 0
19.2888 234.431 0
33.9317 218.771 0
142.966 190.037 0
48.8184 293.052 0
-0.325329 358.425 0
-20.083 384.483 0
-62.337 354.016 0
-94.3267 335.411 1
-458.742 -131.81 1
-457.487 -122.882 0
-426.071 -130.739 0
-198.137 -200.604 0
-142.689 -229.182 0
-94.3819 -310.627 0
-77.9455 -240.263 0
-71.646 -297.42 0
-71.6123 -282.15 0
-38.5468 -141.318 1
40.9036 -209.185 1
43.8247 -205.556 0
79.9539 -212.63 0
61.5439 -191.707 0
76.5423 -220.766 0
2.41583 -104.477 0
-35.189 -46.8246 0
-27.2284 -19.3228 0
-66.7817 27.074 0
-99.2478 69.8109 0
-121.949 129.738 0
-119.587 93.6848 0
-78.5264 109.98 0
574.925 63.3807 0
555.273 -11.1718 0
524.66 -12.1855 0
546.402 14.5059 0
510.507 -8.44146 0
551.907 -12.4821 0
589.629 3.41943 0
559.846 53.7447 0
884.297 -150.13 1
847.565 -162.752 0
899.351 -189.981 0
939.465 -172.109 0
945.07 -151.977 0
1001.07 -174.753 0
1007.7 -184.59 0
1207.54 -357.384 0
1227.93 -426.146 1
1842.08 -1094.88 1
