-92.8371 7.85963 0
-112.315 -3.57411 0
-98.1188 68.4886 0
-86.5393 136.546 0
-100.742 193.057 0
-94.1654 244.112 0
-139.753 258.57 0
-168.684 314.9 0
-179.534 360.723 0
-190.045 424.585 0
-181.163 445.708 1
-227.827 453.869 1
-191.934 454.045 0
-169.431 478.49 0
-218.016 470.805 0
-215.092 666.049 1
1203.46 148.706 1
274.826 634.847 0
2246.12 764.3 0
2164.09 509.964 0
2131.87 410.096 0
2093.98 446.434 0
2136.99 442.58 0
2168.69 447.642 0
2133.33 483.45 0
2070.64 580.856 0
2088.42 621.753 0
2093.17 724.102 0
2216.54 782.895 0
2357.42 618.336 0
3250.71 -83.0255 0
3199.99 -96.2306 0
3180.1 -114.535 0
3168.53 -53.4947 0
3124.42 -23.0626 0
3092.48 0.918272 0
3139.14 -19.5413 0
3118.76 -31.9716 0
3102.61 25.461 0
3165.15 76.5792 1
3330.49 6.02732 1
3359.12 15.7552 0
3410.56 73.1653 0
3382.81 434.794 0
3448.79 202.092 0
3473.71 137.322 0
3506.98 89.5885 0
3498.85 39.658 0
3445.92 50.742 0
3417.65 10.6624 0
3315.56 13.1718 1
5745.87 558.667 1
5740.59 468.193 0
5781.68 458.438 0
5829.52 408.942 0
5773.66 438.924 0
5725.08 456.665 0
5550.06 593.094 0
5574.68 611.949 0
5587.05 648.523 1
5536.44 595.602 1
5508 646.412 0
5527.96 651.134 0
5778.3 715.678 0
5831.45 710.902 0
5849.13 727.96 0
5851.06 732.325 1
7200.32 1051.84 1
7251.34 1107.92 0
