-11.2805 155.863 0
0.324909 259.317 0
23.3857 364.106 0
-26.4607 361.487 0
-80.3921 303.877 1
1031.95 -22.417 1
997.039 -12.6034 0
981.982 27.8248 0
678.506 102.087 0
585.142 178.781 0
542.551 107.576 0
613.831 -172.811 0
598.235 -195.901 0
553.005 -224.633 0
522.125 -292.447 0
592.657 -327.419 0
588.072 -342.062 0
1599.22 -530.432 0
1750.3 -2245.84 0
1722.38 -2281.87 0
1940.61 -2383.86 0
1934.87 -2366.13 0
1830.34 -2367.44 0
1800.42 -2098.5 0
1790.43 -2091.29 0
1821.45 -2041.55 1
1889.89 -1007.2 1
1949.88 -415.519 1
1864.58 -760.549 0
1968.07 -896.454 0
3006.64 -848.778 0
