-5.28215 45.6592 0
-4.06041 32.6656 0
-32.9459 51.3278 0
-42.1718 -100.944 0
-32.2689 -102.266 0
-32.6297 -110.934 1
-11.1058 -162.669 1
517.602 567.597 0
475.99 540.726 0
491.791 572.59 0
304.845 465.317 1
4398.12 -306.451 1
4364.67 -367.163 0
4351.66 -479.813 0
4361.3 123.172 0
4395.93 -54.4893 1
3931.28 85.0976 0
3859.54 75.3313 1
1734.85 -502.811 1
1930.08 -659.118 0
2044.04 -718.458 1
2864.15 -693.123 1
2904.23 -717.095 0
3972.19 -1330.97 0
3969.2 -1314.7 0
4602.1 -1396.6 0
4539.89 -1352.93 0
4437.89 -1678.56 0
4091.5 -1108.08 0
2620.52 -9097 0
