3.73399 -8.80353 0
-4.70861 -8.82458 0
-11.5438 33.4183 0
59.5575 53.8384 0
103.305 37.5927 0
153.016 25.359 0
299.633 36.2017 0
286.475 91.1745 0
306.055 180.536 0
279.052 133.51 0
280.544 71.1924 0
426.863 148.872 0
495.359 212.871 0
297.514 186.444 1
1550.05 6.54637 1
1482.25 4.38993 0
1487.86 -1.72249 0
1486.01 6.03905 0
1503.85 -11.4904 0
1534.53 -36.8529 0
1560.63 -69.2775 0
1622.92 -190.038 0
1632.33 -160.895 0
1642.98 -104.126 0
1635.25 -36.2158 0
1612.19 10.5784 0
1638.77 114.084 0
1660.87 139.657 0
1778.21 62.9642 0
1784.75 48.2715 0
1680.06 306.733 0
1456.61 452.021 0
2785.51 -1131.89 0
