52.1434 57.5332 0
32.1826 139.677 0
144.266 350.742 0
145.511 381.851 1
198.725 379.759 1
286.268 550.651 0
333.064 538.363 0
340.302 473.1 0
337.114 501.394 0
334.567 549.018 1
639.896 119.713 1
556.097 171.053 0
644.034 126.439 0
596.453 138.28 0
632.445 308.319 0
574.068 343.991 0
533.061 394.009 0
501.056 429.961 0
513.138 476.746 0
673.604 411.657 0
494.295 653.584 0
331.573 693.714 0
204.475 765.173 0
341.403 751.506 0
79.5709 962.232 0
169.445 1007.09 1
1116.61 401.709 1
1120.62 329.964 0
1111.57 263.949 0
1340.29 149.854 0
1316.31 231.152 0
1334.86 282.864 0
1306.27 368.327 0
1353.93 406.413 0
1236.07 907.67 0
1184.17 915.523 0
1126.64 913.958 0
1091.23 882.775 0
1100.3 857.939 0
1221.24 819.807 0
1102.7 906.359 1
1235.5 880.453 1
1150.44 919.298 0
1419.17 842.653 0
1342.77 862.397 0
1133.5 879.291 0
991.655 824.603 0
1332.41 1038.57 0
1343.59 1022.66 0
1310.97 1019.07 0
1349.75 999.134 0
766.946 1488.97 0
744.869 1443.31 0
748.346 1391.06 0
665.138 1456.83 0
686.349 1446.48 0
714.095 1443.78 0
771.016 1437.24 0
810.677 1466.13 0
843.113 1333.25 0
433.9 1615.85 1
322.315 1628.3 0
220.452 1543.2 0
353.667 1352.39 0
415.752 1104.42 0
3757.62 408.8 0
