116.373 90.3105 0
176.308 119.464 0
141.144 71.971 0
83.4748 69.432 1
-542.735 -181.611 1
74.9572 -77.4595 0
120.078 -144.24 0
180.941 -224.508 0
173.615 -283.14 0
201.702 -305.089 0
229.102 -315.152 0
167.117 -281.616 0
242.368 -319.39 0
344.887 -477.959 0
292.016 -453.343 0
216.795 -444.8 0
231.61 -470.486 0
255.76 -450.391 0
316.152 82.5013 0
293.49 50.1521 0
297.937 20.9773 0
271.76 64.5793 1
249.027 37.9078 1
269.057 59.6597 0
309.078 104.356 0
342.46 130.577 0
380.448 180.282 0
436.229 264.812 1
1467.06 988.159 1
1414.23 955.032 0
1386.36 957.306 0
1363.26 953.158 0
1379.45 1000.36 0
1331.42 939.909 0
1403.48 858.986 1
1456.28 841.194 1
1531.11 479.783 0
1398.23 321.968 0
1317.82 168.453 0
1323.34 178.415 0
1396.72 193.774 0
1385.69 297.338 0
1448.27 337.479 0
1403.34 419.822 0
1399.65 492.906 0
1379.93 488.815 0
1394.97 596.907 0
1424.7 662.015 0
1471.49 717.76 0
1493.22 797.838 0
1515.6 835.522 1
1528.94 844.576 1
1580.83 848.982 0
1652.47 834.002 0
2266.72 228.538 0
2174.52 90.4188 0
2130.2 -69.8135 0
2130.67 -211.892 0
2123.87 -279.27 0
2108.91 -368.498 0
2259.86 -492.475 0
2106.33 -507.242 0
2118.74 -494.234 0
2040.38 -526.249 0
1838.38 -580.26 0
1777.54 -521.554 0
1841.72 -526.835 0
1893.89 -528.479 0
1884.97 -479.658 1
1245.85 -46.9642 1
1219.81 -46.9504 0
1164.28 -64.1025 0
1176.45 4.67324 0
1265.2 9.58834 0
1285.79 -10.8773 0
1290.78 -30.0852 1
188452 -2037.02 1
