4.84384 -21.9878 0
-332.716 304.096 0
-382.472 301.678 0
-422.329 411.947 0
-479.783 458.478 0
-512.585 520.51 0
-519.167 608.772 0
-572.956 592.936 1
-1600.41 126.024 1
-1661.81 54.0906 0
-1627.34 31.919 0
-1934.2 124.782 0
-2026.41 146.593 0
-2066.86 165.052 0
-2411.93 624.155 0
-2193.81 615.793 0
-1580.52 370.045 0
-1413.42 330.129 0
-1384.51 278.416 0
-978.38 199.465 0
-931.83 210.073 0
-862.565 261.518 0
-802.234 318.206 1
10389.6 3663.38 1
10066.4 4490.07 1
10052.7 4578.56 1
10068 4554.08 0
10048.3 4567.58 1
9565.56 5233.28 1
9548.53 5294.99 0
9534.39 5294.67 0
8919.76 5171.92 0
8839.5 5225.23 0
8898.24 5212.67 1
8911.76 5219.11 1
8872.56 5223.79 1
10442.7 6133.13 1
10487 6136.3 0
10489.8 6233.33 0
10469.8 6313.92 0
10400.6 6373.89 0
10349.8 6427.44 0
10298 6527.93 0
10084.4 6616.88 0
10036.7 6715.75 0
10005.1 6623.65 0
10067.4 6660.46 1
10103.1 6620.46 1
10224 6469.59 0
10522.7 6545.79 0
10574.3 6464.99 0
10570.6 6402.8 0
10577.8 6345.85 0
10522.1 6327.9 0
10834 5337.66 0
10830.3 5260.4 0
10851.3 5239.35 0
10865.1 5254.69 0
10860.4 5280.25 0
10806.8 5407.76 0
10878.6 5538.81 1
11067.2 5425.29 1
11062.3 5494.77 0
11149.2 5556.22 0
11177.3 5853.88 0
11102.8 5971.14 1
11069.4 6042.09 1
11070.9 6085.49 1
11054.3 6157.64 1
11016 6180.04 0
10939.8 6228.88 0
10875.5 6172.04 0
10892.9 6162.14 0
10917 6131.42 0
10848.5 5877.07 1
10886 5875.66 1
11214.9 5989.14 0
11176.6 6021.88 0
11182.2 6012.01 0
11219.1 5948.69 1
11262.6 6001.95 1
11313.9 6003.85 0
11331 6061.26 0
11334 6142.47 0
11317.1 6179.69 1
11292.3 6133.08 1
11275 6160.94 0
11240.3 6161.55 0
11199.9 6134.23 0
11160.6 6111.16 0
11124.4 6072.24 0
11104.4 6023.03 1
11115.2 5945.03 1
11015.9 5733.18 0
11020.1 5702.97 0
11033.1 5650.25 0
11038 5717.27 0
11143.6 5686.73 0
11270.1 5621.71 0
11205.1 5676.17 1
10932.6 4719.89 1
12013 6635.76 0
