6.17595 -20.434 0
14.8306 -37.8847 0
77.2725 -30.9852 0
139.48 -40.6241 0
76.3984 -70.7197 0
26.2657 -81.0678 0
186.266 4.01501 0
201.15 76.3398 0
210.673 70.4756 0
208.992 63.7948 1
214.35 135.872 1
200.995 139.419 0
143.039 136.097 0
162.848 132.731 0
145.899 107.726 0
-18.7902 97.9007 0
-74.1424 76.0121 0
-21.4411 83.326 0
131.004 128.664 0
115.621 137.27 0
118.778 121.818 0
156.335 124.102 1
272.599 -277.46 1
642.654 -515.202 0
624.116 -564.033 0
570.908 -608.798 0
503.294 -622.242 0
436.48 -629.272 0
416.615 -637.285 0
407.436 -640.557 0
440.096 -541.735 0
454.89 -551.28 0
461.89 -579.283 0
445.182 -586.094 0
441.454 -555.575 0
404.997 -669.844 1
324.345 58.4202 1
832.61 98.5715 0
821.388 101.966 0
785.427 55.633 0
794.779 88.2254 0
778.645 54.5584 0
759.089 30.94 0
702.121 -9.40792 0
734.37 51.4639 0
725.414 65.1736 0
513.807 151.391 0
678.922 101.661 0
651.272 3.55409 1
632.396 -186.249 1
598.894 -125.415 0
689.094 -65.3704 0
814.025 166.114 1
877.921 36.1843 1
829.51 115.159 0
1245.89 136.306 0
507.195 -63.1215 0
514.077 -56.2444 0
455.679 10.8966 0
420.348 112.649 0
394.989 184.848 0
384.552 211.785 0
487.838 136.005 0
500.945 60.7223 0
301.488 -85.3221 1
