41.0011 22.6318 0
76.6166 44.6511 0
42.73 56.695 1
-103.536 -109.405 1
-92.9949 -105.314 0
-161.512 -73.4557 0
-101.123 -90.9838 0
-74.3505 -103.41 0
-48.6178 -132.74 0
25.4202 -98.8324 0
58.3485 -27.7742 0
59.1748 -26.297 0
70.3743 -80.3664 0
134.508 -210.223 0
125.876 -162.082 0
175.501 -250.477 0
160.751 -147.548 0
104.454 -43.2029 0
96.9901 -63.4632 1
945.464 -30.1864 1
968.757 36.7761 0
983.304 48.4738 0
980.723 -8.9475 0
906.116 -72.8955 1
781.122 72.6925 1
762.778 123.511 0
740.662 201.191 0
733.984 295.539 1
413.585 421.907 1
397.918 466.165 0
362.476 536.845 0
352.062 616.899 0
265.292 621.421 1
307.462 602.764 1
-851.864 1940.91 0
-847.544 1894.45 0
-814.887 1833.04 0
-728.901 1901.41 0
-777.535 2003.64 1
-95082.1 136243 1
-95184.2 136301 1
-95187.9 136289 0
-95137 136205 1
-95130.9 135328 1
-95092.5 135335 0
-95061.7 135394 1
-94888.7 135702 0
-94849 135709 1
-94678.8 135748 1
-94493.9 135737 0
-94376.6 135611 0
-94401.7 135829 0
-94944.7 137896 0
-95057.6 137812 0
-95136.3 137760 0
-95118.9 137729 0
-95155.8 137777 0
-95158 137757 0
-95167.8 137734 1
-95154.5 137747 1
-95152.1 137728 0
-95118.9 137665 0
-95099.8 137722 0
-95181.4 137781 0
-95211.7 137736 0
-95153.4 137638 0
-95123.4 137622 0
-95082 137610 0
-95033.8 137598 0
-94942.1 137637 0
-94885.9 137656 0
-94815.1 137674 0
-94736.2 137664 0
-94751.4 137680 0
-94371.8 135460 0
-94308.7 132979 0
-94311.7 133056 0
-94302.9 133137 0
-94544.6 132292 0
-93252.6 133214 0
-93294.6 133292 0
-93298.1 133417 0
-93290.9 133481 0
-93289.2 133484 0
-93283.7 133483 1
-93260.8 133470 1
