20.9014 -9.51316 0
-18.2603 16.5401 0
-92.8248 92.0369 0
-86.5887 44.9986 0
-84.6388 60.8954 0
-37.1877 92.0844 0
17.4547 300.81 0
-65.1325 362.513 0
-66.7113 367.592 0
99.756 356.091 0
127.906 305.924 1
367.125 258.248 1
353.554 338.536 0
337.272 453.342 0
308.071 618.229 0
253.967 641.42 0
197.122 700.215 1
-337.623 -390.081 1
-303.937 -430.064 0
-296.545 -465.058 0
-139.322 -513.672 0
-78.6514 -515.919 0
-6.58638 -460.926 0
2.76198 -371.232 0
-28.0081 -311.225 0
629.608 -15.2402 0
628.101 -36.1137 0
592.749 7.74118 0
577.432 95.617 0
544.985 123.526 0
509.351 246.432 0
506.59 315.67 0
446.798 306.606 0
428.023 399.815 0
398.03 453.456 0
372.422 516.482 0
364.94 571.839 0
375.775 530.75 0
348.153 599.675 0
383.716 646.824 0
401.939 678.72 0
446.818 746.019 0
494.382 770.586 0
511.918 697.755 0
497.009 710.667 0
440.664 718.428 0
400.681 812.136 0
332.295 822.935 0
290.332 867.364 0
412.519 740.682 0
419.58 688.652 0
432.274 697.453 0
510.507 648.449 0
487.498 628.27 0
774.456 515.493 0
805.579 488.647 0
987.979 437.86 0
1056.09 74.8392 0
1047.86 69.1912 0
1089.7 104.493 0
1101.11 116.313 0
1041.23 176.964 0
1111.41 154.794 0
1149.87 286.417 0
1153.98 424.326 0
1113.11 338.353 0
1098.61 162.814 0
1554.16 555.462 0
1499.26 415.978 0
1591.62 164.884 0
1615.41 217.271 0
1723.88 -99.8735 0
1629.56 277.616 0
651.96 1730.68 0
