43.574 -100.515 0
85.798 -183.16 0
115.031 -333.828 0
100.577 -361.063 0
144.017 -390.546 0
137.017 -342.064 0
124.648 -311.468 0
133.218 -260.868 0
127.878 -224.88 0
150.474 -170.959 0
134.061 -126.887 0
174.189 -67.4376 0
171.34 -29.112 0
201.441 -71.1519 0
219.421 -103.469 0
231.601 -141.194 0
244.616 -158.647 0
305.674 -226.64 0
340.068 -294.918 0
300.285 -341.665 0
333.129 -370.677 0
351.53 -384.937 0
248.167 -341.446 0
262.963 -293.658 0
202.648 -248.287 0
154.217 -174.409 0
125.847 -128.294 0
136.534 -122.616 0
145.916 -110.031 0
155.914 -104.578 0
262.239 -179.973 0
318.752 -221.742 0
424.131 -233.267 0
420.666 -229.96 0
476.48 -151.024 0
507.81 -131.291 0
73.8844 276.805 0
67.761 286.957 1
58.6573 323.662 1
576.077 125.883 0
558.363 192.12 0
541.902 207.775 1
454.748 435.616 1
536.834 385.953 0
538.596 484.307 0
892.052 192.149 1
839.302 180.461 0
850.957 184.704 0
832.913 257.117 0
852.618 301.071 0
880.394 272.398 0
892.1 270.255 0
911.676 273.237 0
922.469 277.299 1
857.064 251.338 1
847.844 221.032 0
