10.6063 -13.9495 0
-31.5046 -22.096 0
-58.0812 -23.9135 1
12.2161 225.797 1
87.999 198.824 0
177.653 158.279 0
423.006 32.3924 0
451.385 4.69461 0
409.733 -18.784 0
479.305 49.0462 0
432.905 145.606 0
423.425 236.626 0
-487.641 501.452 0
-483.895 544.903 0
-378.608 560.151 1
-436.488 648.753 1
-578.557 799.283 1
-609.377 789.404 1
-1153.2 559.842 1
-832.88 348.119 0
-928.446 478.534 1
-1641.53 480.193 0
-1711.46 454.977 0
-1507.36 238.461 0
-1164.99 177.613 0
-1124.65 205.038 0
-536.729 141.559 1
-376.82 123.669 0
-328.249 105.064 0
-298.942 77.2966 0
-298.409 132.982 0
-421.272 79.7611 0
-439.224 80.2988 1
-412.743 18.265 1
-426.832 -11.641 0
-484.579 -37.2548 0
-485.552 -47.9044 0
-479.706 -55.6748 1
5357.23 38.5104 1
5354.06 43.1918 0
5371.97 67.3673 0
5306.92 -32.8746 0
5333.33 21.6949 0
5285.85 57.6668 0
5405.41 105.5 0
5208.77 213.488 0
5230.04 228.484 0
5195.88 262.083 1
4830.75 -97.091 1
4847.73 -31.1768 0
4850.91 89.9662 0
4859.6 84.2929 1
4912.12 -309.359 1
4892.76 -234.002 0
4940.46 -310.378 0
5037.87 -321.792 1
5170.65 -161.857 1
5169.8 -170.896 0
5146.86 -168.962 0
4797.87 -162.264 0
4709.59 -164.388 0
4683.75 -145.031 1
7448.67 725.049 1
7727.35 579.333 0
7574.19 392.4 0
7450.24 322.16 0
7550.72 460.267 0
7602.61 884.926 0
