-38.9037 53.0932 0
207.732 42.6111 0
48.3106 -11.8302 0
-13.7617 -87.1911 0
2.09979 -107.726 0
144.799 -53.461 0
226.641 -95.3977 0
292.909 -113.537 0
317.035 -72.3996 0
259.671 -37.2919 0
187.861 221.709 0
203.189 251.827 0
253.788 290.226 0
293.18 298.204 0
298.427 210.301 0
176.287 129.482 0
348.424 -115.563 0
263.197 -66.0396 0
189.559 -60.5206 0
129.547 -118.011 0
-14.4118 -78.7209 0
6.95172 -67.989 0
-60.7587 49.0041 0
-129.982 154.423 0
-100.297 203.57 0
-121.584 304.661 0
-79.8747 325.199 0
-164.779 312.642 0
-172.011 320.372 0
-206.566 343.413 0
-265.341 354.322 0
-552.018 637.46 0
-613.636 764.436 0
668.122 700.278 0
1764.09 -1587.06 0
1819.55 -1533.56 0
1829.48 -1536.01 0
1857.49 -1530.49 1
1800.63 -1554.2 1
1784.57 -1511.68 0
1797.25 -1467.94 0
1804.88 -1455.76 1
1795.5 -1388.34 1
2177.8 -1375.98 0
2163.15 -1431.78 0
2165.77 -1455.91 0
2214.51 -1485.25 0
2206.79 -1392.13 0
2545.55 -1831.01 0
941.707 -1296.62 0
1102.25 -1178.64 0
1455.46 -1170.85 0
1491.45 -1178.14 0
2422.31 -1759.39 0
2429 -1741.44 0
2424.86 -1636.93 0
2437.11 -1656.25 0
2311.03 -1435.11 0
2357.65 -1348.22 0
2380.54 -1293.03 0
2282.79 -1182.42 0
2278.05 -1176.4 0
2275.03 -1155.39 1
