-1.75295 1.67193 0
-9.64729 -51.7362 0
5.17801 -85.8519 0
45.2828 -47.439 0
19.5711 3.4502 0
5.64066 33.3963 0
-23.2961 79.4352 0
145.417 -8.43769 1
154.144 -169.839 0
148.833 -120.022 0
112.128 -26.2755 0
89.2733 113.044 0
99.2439 199.709 0
104.164 486.995 0
93.1119 573.804 0
102.867 652.019 0
122.309 705.541 0
112.776 600.562 0
284.01 2180.16 1
315.22 2207.71 0
313.607 2206.96 0
185.143 2112.93 0
-6.26631 1912.14 0
-80.2517 1823.58 0
-139.968 1739.41 0
-201.485 1640.51 1
-233.985 1604.23 1
-148.11 1607.75 0
-169.045 1599.2 0
-139.735 1586.4 0
