86.5597 5.28272 0
122.902 88.0388 0
110.398 318.347 1
122.145 -38.5612 1
135.591 -76.021 0
240.769 -78.7561 0
272.363 24.3522 0
178.954 10.1239 0
169.368 40.1502 0
155.391 24.2113 0
183.184 40.1868 0
328.686 -80.6127 0
272.162 -75.6316 0
298.007 -65.5752 0
381.67 11.9165 0
437.751 -9.29451 1
421.442 -142.451 1
416.02 -145.709 0
427.47 -104.748 0
480.445 -14.7708 0
450.525 14.563 0
386.921 68.02 0
341.015 45.3646 0
350.216 66.0474 0
320.702 157.066 0
411.572 135.743 0
493.945 95.5384 0
517.087 139.366 0
508.814 255.501 0
499.967 145.64 0
538.277 118.37 0
561.466 127.89 0
632.711 101.125 0
518.518 244.601 0
574.115 376.996 0
613.933 481.152 0
655.924 498.279 0
652.754 468.979 0
711.85 368.834 1
127.253 613.583 1
144.304 673.255 0
-293.326 764.819 0
-309.879 765.761 0
-322.533 725.999 0
-341.421 706.809 0
-244.87 698.191 0
-178.501 273.299 0
-187.369 33.3844 0
303.198 5.13756 0
603.368 -32.9529 0
711.323 13.7665 0
680.45 -26.0192 0
645.33 -119.976 0
676.289 -197.62 0
665.529 -230.39 0
571.512 -202.284 0
570.951 -225.936 0
607.269 -295.031 0
651.726 -342.591 0
791.97 -424.018 0
883.422 -498.682 0
1008.59 -602.393 0
945.628 -572.556 0
946.419 -537.122 0
947.307 -517.379 0
1064.67 -518.846 0
1139.86 -559.062 0
1285.5 -631.911 0
1230.08 -543.75 0
1213.13 -557.859 0
1211.64 -565.886 0
1158.11 -572.204 0
1122.6 -540 0
953.81 -205.318 0
-208.241 3068.34 0
-191.384 3074.93 0
-176.758 2757.52 0
-70.0539 2620.09 0
9.56207 2548.01 0
28.5651 2546.03 0
103.546 2737.31 0
114.475 2812.38 0
47.5446 2759.06 0
47.5118 2697.56 0
75.1779 2739.24 0
57.3463 2876.42 0
37.8035 2667.95 0
