9.4257 -6.2981 0
479.794 499.066 0
586.233 562.747 0
580.58 593.319 0
544.364 638.958 0
616.22 632.901 0
623.732 893.769 0
482.266 667.704 0
474.402 684.19 0
502.51 688.585 1
617.364 188.829 1
639.498 172.023 0
572.444 223.972 0
558.175 230.616 0
626.211 214.388 0
603.117 226.968 0
579.578 272.188 0
548.896 508.479 0
634.932 506.177 0
688.191 533.4 1
1318.26 183.945 1
1303.74 255.575 0
1299.64 321.635 0
1282.1 326.274 0
1327.18 367.794 1
2093.98 -46.7553 1
2254.72 457.009 0
2297.67 837.134 0
2228.42 872.929 1
2119.4 624.792 1
2197.62 632.646 0
2150.42 637.334 0
2077.95 666.252 0
2181.07 714.826 0
2429.89 635.585 0
2442.47 660.978 1
2404.68 696.709 1
2404.97 672.044 0
2405.47 615.472 0
2689.37 592.198 0
2722.24 575.929 1
3153.92 607.477 1
