-13.1457 29.7635 0
18.8713 -9.33803 0
55.1714 -80.469 0
64.1765 -65.5968 0
54.4485 -34.742 0
33.2455 2.72352 0
116.093 2.62306 0
720.124 -16.2075 0
1399.84 1813.32 0
1304.41 1816.23 0
1292.36 1431.33 1
1349.85 1349.65 1
2336.92 1130.64 1
2328.63 1104.35 0
2228.79 1059.25 0
2172.17 1072.04 0
1785.59 1216.27 0
1769.82 1297.02 0
1804.96 1411.82 0
2140.66 1424.8 0
2089.44 1349.69 0
2120.14 1409.77 0
2115.4 1433.7 0
2202.6 1385.23 0
2101.94 1349.61 0
2062.9 1362.99 0
1470.97 1319.07 0
1500.43 1364.71 0
1548.44 1276.06 0
1763.86 1233.78 0
1746.46 1314.9 0
1725.78 1308.95 0
1374.71 1199.65 0
1618.04 876.983 0
1484.34 1103.29 0
1482.01 1103.22 0
1624.75 973.598 0
2175.92 874.426 0
1958.2 1031.52 0
1881.24 1093.06 0
1749.2 1569.86 0
1304.38 2331.54 0
1184.4 2510.25 0
1204.62 2873.58 0
1107.89 2470.32 1
1133.83 2558.45 0
1127.34 2617.27 1
1205.2 2734.94 1
1085.95 2799.46 0
1250.68 2681.64 0
1250.05 2546.19 0
-621.393 4424.67 1
-445.775 4202.48 0
-432.115 4194.79 0
-220.784 4167.33 0
157.116 4170.87 0
133.7 4174 0
255.735 4265.41 0
-689.348 4267.56 0
-703.675 4297.68 0
-694.359 4315.4 1
-724.592 4107.65 1
-740.845 4144.37 0
-904.964 4181.92 0
-1058.14 4682.41 0
