-5.63551 97.8296 0
-5.35888 210.182 0
-7.0491 296.042 0
-7.49081 313.676 0
9.86865 296.556 0
53.7417 279.528 0
203.289 83.8731 0
211.079 102.826 0
227.357 184.975 0
231.336 286.095 0
284.363 276.116 0
317.534 269.122 0
359.742 284.344 0
364.492 364.469 1
333.437 -6.09253 1
354.603 53.8378 0
362.391 108.093 0
388.038 145.243 0
297.082 75.5102 0
279.632 34.1261 0
257.237 68.9674 0
338.723 107.279 0
320.169 107.426 0
360.838 122.598 0
412.124 147.014 0
552.604 188.839 0
574.528 258.387 1
-570.191 -504.652 1
2010.14 -361.423 0
2034.93 -324.771 0
2183.86 -384.153 0
2126.2 -347.246 0
2193 -260.5 0
2148.31 -114.786 1
2145.07 -98.3813 1
2003.54 -473.142 0
2035.85 -488.41 0
2300.89 -609.208 0
2392.79 -613.819 1
2416.2 -587.965 1
2397.06 -539.879 0
2413.34 -583.241 0
2541.36 -803.629 0
3076.24 -393.299 0
3094.85 -464.878 0
3092.9 -585.498 0
3098.33 -715.869 0
3106.4 -1133.16 0
3077.1 -1139.57 0
3098.35 -1317.53 0
3157.02 -1345.09 0
3191.78 -1367.64 0
3210.81 -1313.68 0
3212.55 -1383.34 0
3234.2 -1429.26 0
3237.47 -1449.69 1
3299.93 -1359.95 1
3409.42 -1157.55 0
3387.82 -1194.4 0
3232.57 -878.815 0
