29.3249 9.29471 0
28.0889 -1.34168 0
4.66411 -52.0769 0
-8.11908 -101.954 1
0.404304 -157.148 1
11.8897 -197.59 0
20.4544 -196.378 0
-14.6626 -120.73 0
-21.7291 -24.1818 1
-176.166 28.5077 1
-163.832 29.1006 0
-193.905 -27.0485 0
-112.975 -43.4753 0
-102.789 -75.8925 0
-13.5013 -79.9548 0
-39.5686 -95.5022 0
-29.9363 -124.384 0
21.1675 -194.58 0
5.29437 -161.206 0
-35.8051 -93.605 0
-81.1513 -32.7844 1
3188.63 -81.2209 1
3142.85 -63.8773 0
3123.34 -9.48695 0
3217.67 -23.7211 0
3248.33 -96.3763 0
3240.99 -142.547 0
2840.49 -227.928 0
2937.21 -143.782 0
2906.97 -255.583 0
2894.03 -249.336 0
2995.09 -78.037 0
3267.51 859.574 0
3448.71 -1362.31 1
3409.63 -1474.49 1
3272 -1482.99 0
3237.88 -1450.81 0
3204.63 -1428.18 0
