-42.2378 16.7053 0
-100.006 59.9954 0
-166.148 58.3386 0
-227.984 167.401 0
-170.383 148.289 0
-189.698 179.382 0
-142.619 155.711 0
-159.876 102.697 0
188.931 -31.6101 0
29.9371 26.1579 0
105.096 -2.29015 0
-68.0532 275.399 0
-79.4428 262.588 0
-113.112 245.652 0
-133.01 236.917 0
-132.084 223.097 0
-164.176 274.323 0
-115.716 328.471 0
-100.177 290.388 0
-47.6764 221.994 1
-20.7637 189.344 1
-52.3915 185.566 0
-117.5 172.002 0
-162.802 221.418 0
-151.293 24.2108 0
145.997 47.8462 0
124.711 113.019 0
180.423 143.784 0
191.902 160.881 0
228.587 140.164 0
201.19 132.315 0
160.311 113.137 0
189.777 32.1492 0
191.229 -5.85652 0
577.926 -198.916 0
574.189 -129.043 0
650.877 -63.506 0
726.216 -78.1651 0
713.654 -100.38 0
718.83 -132.489 0
812.239 -190.349 0
810.903 -147.218 0
830.99 -45.2837 0
799.701 19.501 0
826.996 52.3656 0
713.368 87.5153 0
625.976 118.409 0
603.21 166.425 1
532.783 275.123 1
605.947 122.586 0
605.824 67.3891 0
588.123 31.4113 0
631.734 15.1932 0
612.452 -11.0772 0
-425.917 460.96 1
-425.951 435.809 0
-299.026 417.176 0
-305.5 398.903 0
-324.514 336.367 1
-7299.92 -749.269 1
-7242.42 -780.989 0
-7315.86 -768.487 0
-7341.84 -760.932 0
-8703.48 -2365.11 1
-8740.51 -2511.83 0
-8717.71 -2579.02 0
-8688.6 -2707.82 0
-8628.31 -2787.86 1
5114.05 -136.022 1
