259.823 -20.1922 0
218.471 -173.853 0
215.136 -90.5677 1
154.595 -46.0748 1
202.442 -55.5551 0
128.883 -251.529 0
59.7643 -299.018 0
80.7558 -338.26 0
157.563 -332.135 0
258.892 -339.868 0
257.477 -315.831 0
181.224 -250.575 1
196.945 -373.153 1
195.614 -371.884 0
133.423 -321.971 0
144.584 -292.721 0
97.9211 -262.45 0
181.413 -215.601 0
123.607 -141.043 0
152.543 -90.9474 0
169.091 -60.5621 0
157.682 -87.9397 0
203.225 -184.079 0
235.073 -239.671 1
129.529 -249.776 1
143.278 -239.058 0
180.345 -242.941 0
411.286 -362.077 0
374.59 -297.972 0
308.952 -266.953 0
303.679 -272.908 0
264.223 -292.197 0
314.834 -311.379 0
329.269 -284.563 0
295.591 -320.084 0
315.835 -323.962 0
308.811 -332.541 0
336.53 -362.19 0
337.38 -479.009 0
400.49 -491.945 0
342.697 -526.745 0
340.794 -505.055 0
322.36 -452.185 0
311.669 -441.209 0
263.689 -186.813 0
257.163 -28.5249 0
186.652 38.1571 0
143.465 102.651 0
36.6793 186.406 0
20.2657 209.525 1
-1627.58 1406.5 1
-1702.69 1453.33 1
-1697.71 1391.15 0
-1726.41 1373.45 0
-1635.05 1262.07 0
-1626.55 1178.97 0
-1660.02 1112.08 0
-1653.51 1003.89 0
-1703.02 969.587 0
-1519.09 1429.84 0
-1814.04 2539.32 1
-3562.09 588.146 0
-6888.83 11629.6 0
-6950.27 11727.9 1
-8003.34 11680.9 1
-7982.12 11679.6 0
-7957.26 11682.4 0
-7570.08 11558.1 0
-7291.01 11473.9 0
-7200.4 11420.8 0
-7263.85 11427.7 0
-8087.16 11964.1 0
-8108.74 12047.3 0
-8113.29 12122.5 0
-8122.28 12176.5 0
-8101.27 12079.3 0
-8121.48 12031 1
-13049.3 12968.5 1
-12979.2 12815 0
-8887.01 11197.6 0
-8934.4 11167.5 0
-8910.96 11121 0
-8890.48 11133.3 0
-8899.19 11178.7 1
-8953.4 11126.2 1
-8802.94 11066.8 0
-9009.51 11976.6 0
-4528.16 -11198.8 0
