-4.93546 -7.51569 0
2.40278 44.6073 0
-13.4272 12.2181 0
-109.283 -73.989 0
-737.741 -412.277 0
-339.62 -274.792 0
-275.778 -314.338 0
-228.858 -206.649 0
-234.377 -203.298 0
-222.183 -181.849 0
-204.997 -156.057 0
-451.15 206.587 0
-451.03 231.725 0
-452.898 273.329 0
-485.813 279.892 0
-465.2 328.277 0
-432.599 347.052 1
-528.13 258.306 0
-404.448 -155.723 1
-319.659 -198.524 0
-419.481 -206.417 0
-452.35 -205.462 0
-303.29 -147.83 0
-315.177 -245.826 0
-345.338 -266.079 0
-487.798 -260.814 0
-492.438 -150.198 0
-577.982 -136.96 0
-561.107 48.6644 0
-599.593 77.9469 1
-13.6489 199.005 1
-56.7603 333.309 0
-89.7682 299.326 0
-61.8775 295.054 0
-95.8665 172.733 0
231.97 121.07 0
316.571 54.8094 0
374.345 -109.592 0
343.193 593.842 0
368.16 603.967 0
375.037 581.915 0
542.764 440.178 0
517.341 448.438 0
508.759 453.442 1
487.942 420.101 1
526.747 463.168 0
520.511 454.654 0
100.259 648.455 0
112.236 636.523 0
-1.89516 664.442 0
22.2973 625.761 0
27.4429 612.335 0
87.0331 633.595 0
169.387 694.399 0
709.963 732.041 0
739.738 696.46 0
723.73 626.429 0
725.456 656.628 0
