44.2608 -98.6226 0
114.864 -229.409 0
117.416 -282.055 0
132.245 -302.871 0
200.164 -326.537 0
177.697 -318.343 0
141.114 -287.154 0
186.621 -277.571 0
202.415 -292.266 0
213.481 -308.682 0
362.53 -415.639 0
386.063 -456.507 0
451.576 -398.223 0
469.03 -332.624 0
495.339 -312.544 0
535.543 -343.95 0
507.87 -358.385 1
-50.2721 -475.169 1
-101.373 -461.057 0
-115.574 -348.558 0
50.4964 -262.079 1
-560.596 115.85 1
-397.71 -10.1827 0
-436.526 14.7833 0
-640.463 117.398 0
-381.515 -10.2969 0
-404.436 -18.5791 1
-246.24 -243.926 1
-166.547 -182.731 0
-195.602 -88.7337 0
-162.847 -57.1336 0
-164.506 3.00647 1
-169.206 -145.873 1
-176.84 -142.604 0
-143.765 -134.896 0
-105.947 -138.065 0
-121.386 -47.9284 1
233.781 192.545 0
214.805 243.98 1
194.191 289.03 0
143.307 313.539 0
113.235 347.012 1
-355.707 108.989 1
-275.15 124.978 0
-291.134 129.947 0
-1411.06 80.7095 0
-1207.94 17.9208 0
-1166.2 47.4535 0
-1051.13 37.1074 1
-1022.87 -104.865 1
-1068 -56.3614 0
-1066.59 18.1512 0
-879.818 66.623 0
-904.731 106.442 0
-809.463 119.373 0
-625.596 171.947 1
-302.057 -174.327 1
-322.393 -161.196 0
-356.493 -140.66 0
-346.078 -101.184 0
-280.433 135.738 0
-4.15997 29.4309 0
1473.33 -122.825 0
1437.35 -73.8605 0
1452.08 -83.978 0
1684.49 -423.046 0
1647.58 -447.087 0
1717.24 -446.01 0
1589.45 -436.852 0
1564.86 -331.877 0
1567.3 -325.683 0
1571.49 -322.007 0
