-72.1638 -29.5964 0
-191.417 2.33763 0
-106.929 -22.8026 0
-59.6161 -35.614 0
-39.6125 3.34118 1
26.1863 -79.8923 1
24.5484 -52.7826 0
62.9458 -62.7955 0
9.00194 60.8961 0
22.9231 55.3235 0
56.9139 92.4285 0
46.3801 102.787 0
87.9098 16.5389 0
84.3904 5.81435 1
-0.875839 -70.8783 1
167.582 -74.6055 0
-39.9903 -145.413 0
-132.108 -94.6047 0
109.71 -133.489 0
140.692 -116.131 0
252.364 -162.853 0
268.607 -244.707 0
278.218 -400.315 0
304.867 -440.648 0
300.591 -577.432 0
275.877 -629.352 0
279.429 -637.716 0
226.621 -635.439 0
174.414 -638.066 0
144.948 -625.374 0
103.766 -654.969 0
72.1521 -636.939 0
9.25837 -580.051 0
268.457 -532.462 0
308.077 -622.487 0
150.889 -277.765 0
-31.8938 -289.355 0
-30.3844 -278.418 0
5.82856 -238.546 0
908.8 -764.776 0
1115.32 -1259.24 0
1151.51 -1274.14 0
1201.16 -1322.99 0
1381.74 -1297.45 0
1501.25 -1308.68 0
1521.35 -1377.4 0
1484.4 -1401.33 0
912.98 -1358.06 0
779.412 -1303.77 0
-2287.67 1114.68 0
-6183.2 -4286.89 1
-6217.19 -4254.75 0
-6181.05 -4294.13 0
-6172.91 -4289.18 0
-6178.17 -4304.66 0
-6891.81 -4282.84 0
-6851.19 -4201.63 0
-6781.73 -4150.15 0
-6752.07 -4106.54 0
-6673.45 -4117.91 0
-6810.95 -4338.32 0
-6708.18 -4295.31 0
-6700.95 -4316.24 0
-6110.05 -4210.77 0
-6132.27 -4230.96 0
-6137.43 -4264.54 0
-6103.88 -4386.53 1
-5923.17 -3952.12 1
-9305.31 -4326.83 0
-9490.45 -4393.68 0
-9456.21 -4347.41 0
-9480.82 -4316.41 1
-9423.28 -4197.68 1
-9349.43 -4169.81 1
10749.3 -4401.1 1
