-57.0693 -35.848 0
25.5983 117.471 0
74.0104 125.75 0
12.6384 218.423 0
129.779 133.29 0
154.164 189.724 0
133.216 190.866 0
75.5858 182.877 0
44.4409 158.194 1
435.353 149.205 1
986.798 -352.74 0
897.442 -455.762 0
598.75 -693.233 0
609.56 -681.322 0
656.296 -690.936 0
679.39 -717.187 0
718.62 -701.06 0
714.841 -695.316 0
682.459 -719.768 0
708.993 -680.748 1
853.579 -659 1
803.27 -1030.63 0
813.031 -1012.66 0
893.223 -1036.81 0
1005.05 -1057.19 0
959.991 -1099.2 0
1046.19 -1063.59 0
1036.81 -1095.04 0
1065.05 -1149.1 0
1066.25 -1159.88 0
1048.87 -1112.63 0
941.834 -978.596 0
942.517 -990.231 0
966.319 -950.545 0
937.988 -958.032 0
962.312 -899.458 0
1024.73 -902.676 0
997.978 -834.719 0
924.324 -782.989 0
845.082 -674.457 0
808.577 -491.619 0
693.751 -444.812 0
803.535 -437.342 0
855.667 -435.407 0
843.659 -409.202 0
786.108 -435.777 0
718.908 -484.507 0
176.916 -447.953 0
223.574 -420.173 0
93.1713 -345.309 0
66.407 -330.77 0
-26.097 -320.299 0
-88.5733 -289.711 0
-153.706 -271.685 0
-203.71 -284.324 0
-230.759 -300.511 0
-196.544 -291.12 1
1060.55 -323.201 1
1727.62 -334.711 0
1723.29 -306.494 1
1759.51 -351.881 1
1738.53 -363.602 0
1900.58 -352.209 0
1946.59 -396.872 0
1914.98 -446.188 0
1899.36 -418.663 0
1879.28 -458.173 0
1765.22 -482.158 0
1640.22 -439.193 0
1788.63 -462.953 0
1774.56 -477.008 0
1769.05 -351.267 0
1729.75 -303.695 0
1624.35 -267.906 0
1569.82 -241.933 0
1559.99 -256.902 0
1558.35 -193.29 1
1813.76 -789.609 1
1843.09 -717.774 0
1803.16 -712.547 0
1841.99 -719.128 0
1839.99 -723.236 0
1849.65 -676.948 0
1940.3 -618.469 0
2003.65 -618.349 0
2030.29 -632.47 0
1979.53 -642.151 0
1939.42 -665.262 0
1978.93 -596.006 0
2147.5 -700.071 0
2164.28 -736.808 0
2239.03 -809.15 0
2335.02 -943.249 0
2322.65 -989.986 0
2315.5 -873.821 0
2195.74 -546.05 0
1802.71 -716.281 0
5508.9 1320.59 1
