15.8169 58.8488 0
33.8909 53.1091 0
51.1379 -14.7345 0
42.4589 -25.0167 0
17.6311 -1.12502 1
-86.2994 -19.5104 1
-34.7003 -2.45427 0
-86.7122 62.7344 0
-51.0606 98.2485 0
-97.4887 153.629 0
-186.849 198.897 0
-154.9 242.834 0
204.777 -21.4728 0
211.52 37.7524 0
191.179 38.4584 0
191.392 66.7557 1
200.471 128.896 1
192.969 134.05 0
195.376 147.294 0
216.682 107.521 1
274.66 -199.179 0
274.282 -266.541 1
272.931 -237.544 0
207.825 -90.4146 0
201.605 -44.7325 0
200.151 -25.8621 0
225.161 -20.7012 0
211.67 -22.578 0
200.966 -12.0315 0
198.082 -3.85799 0
63.137 52.8436 0
42.099 101.181 0
98.7052 148.237 0
105.309 145.925 1
204.711 88.6195 1
201.8 8.47427 0
216.053 -120.473 0
217.191 -125.725 0
202.496 -124.619 0
529.306 -449.32 0
530.256 -456.961 0
531.337 -466.364 0
531.22 -477.543 0
550.869 -459.356 0
592.861 -703.74 0
567.971 -691.9 0
547.051 -713.897 0
527.618 -736.358 0
532.445 -703.442 0
503.822 22.6852 0
478.517 85.9364 0
463.406 108.816 1
829.156 -468.855 1
818.73 -540.842 0
848.724 -646.843 0
874.047 -643.94 0
856.219 -565.437 0
880.917 -510.475 0
928.268 -507.825 0
967.08 -480.258 0
1079.92 -322.694 0
1094.44 -514.097 0
1379.84 -1223.45 0
1371.5 -1221.53 0
1300.63 -1240.17 0
1145.62 -1098.6 0
1173.8 -1090.2 0
1203.64 -1080.43 0
1210.16 -1028.72 0
1228.36 -969.783 0
1258.13 -928.677 0
