22.8483 60.5659 0
33.0776 134.606 0
81.616 75.2044 0
167.153 17.458 0
149.935 25.5505 1
147.331 44.6467 1
26.5043 72.3175 0
75.4973 144.306 0
72.9298 221.85 0
53.4426 198.889 0
185.955 168.151 0
63.3748 185.042 0
473.439 234.228 0
489.23 158.622 0
373.785 173.871 0
469.804 54.9984 0
496.405 222.536 0
596.337 436.584 0
507.151 162.188 0
505.467 244.289 0
497.549 265.995 0
483.91 313.767 1
491.587 342.912 1
420.096 437.539 0
357.608 460.469 0
369.294 525.927 0
370.149 606.232 0
367.194 605.515 0
741.749 737.146 0
775.241 680.964 0
841.001 567.27 0
767.049 763.904 0
764.564 914.49 0
677.812 1081.64 1
719.619 221.415 1
898.441 217.171 0
787.66 200.564 0
793.171 210.219 0
737.263 204.788 0
714.146 226.952 0
772.821 186.715 0
781.894 181.83 0
817.745 189.376 0
872.835 207.29 0
898.966 224.072 0
867.242 204.813 0
785.883 173.632 0
1000.05 -78.8758 0
1023.11 -68.2001 0
1228.75 -70.1132 0
3446.77 -71.3688 0
3026.94 -43.9781 0
2918.89 -31.7072 1
2863.02 196.213 1
2803.24 111.846 0
2768.01 139.861 0
3146.32 385.031 0
3180.06 275.22 1
3417.29 111.243 1
