6.65216 36.374 0
8.04419 175.235 0
4.84555 276.157 1
19.3232 332.509 1
28.3446 327.095 0
-326.631 146.986 0
-350.228 254.9 0
-360.015 264.845 0
-332.257 267.461 0
-320.717 276.799 0
-686.438 107.551 1
-656.513 77.9548 0
-699.674 111.885 0
-691.712 123.344 1
3420.35 -2048.61 1
3459.71 -2039.32 0
3396.21 -2046.06 0
3406.05 -2076.49 0
2997.27 -2042.51 1
3017.59 -1959.93 1
2946.19 -1945.92 1
2945.74 -1935.32 0
2943.96 -1912.92 0
2933.07 -1858.25 0
2921.39 -1862.66 1
2859.57 -1891.73 1
2473.94 -1889.67 0
2463.32 -1863.01 0
2463.51 -1854.31 0
2483.57 -1824.04 0
2474.89 -1821.64 0
2500.58 -1788.13 1
4863.82 -1534.17 1
