65.8224 69.6969 0
67.8651 59.6433 0
21.1553 32.0706 0
104.989 65.1617 1
166.243 104.358 1
186.467 86.3578 0
158.268 175.969 0
161.35 241.501 0
153.969 207.349 0
139.249 165.202 0
656.872 365.348 1
447.342 980.041 1
441.058 945.14 0
424.197 1058.67 0
388.477 1172.87 0
226.77 1741.21 0
418.046 1186.74 0
813.129 1208.3 0
794.942 1144.25 0
791.289 1085.11 0
798.957 1016.61 0
732.728 990.782 0
779.205 1071.17 0
793.925 1147.12 1
938.958 512.115 1
923.924 515.561 0
984.672 510.047 0
1073.74 513.843 0
1104.36 514.168 0
1186.59 495.465 1
633.404 399.896 1
648.359 424.889 0
586.271 390.679 0
601.483 375.447 0
605.927 361.646 0
1224.69 404.323 0
1166.98 375.462 0
1317.67 197.764 0
1301.1 59.7758 0
1265.62 -5.17449 0
1249.7 14.3742 0
1301.84 32.6898 0
1300.28 48.1325 0
2040.04 -99.4576 0
2024.68 -126.502 0
1825.86 -24.5862 0
1890.92 32.8052 0
