-11.6906 -12.4711 0
-136.905 -135.618 0
-100.295 -113.508 0
-66.5827 -128.239 0
-37.2913 -41.6014 0
-21.4496 -25.3909 0
4.75817 66.5788 0
57.065 88.446 0
52.6858 78.4925 0
722.233 247.235 0
755.039 248.052 0
840.331 229.577 0
811.826 200.64 0
769.256 257.284 0
794.195 225.928 0
816.818 189.721 0
798.294 122.044 0
800.936 170.733 0
820.812 210.352 0
797.741 269.492 0
886.983 295.842 0
885.22 272.124 0
772.57 347.123 0
866.589 243.759 0
853.059 225.942 0
853.423 76.4207 0
809.227 25.872 0
800.297 7.42228 0
783.225 21.8953 0
749.663 -19.4331 0
911.895 -235.792 0
873.116 -161.679 0
867.565 -140.532 0
900.268 -152.525 0
901.348 -144.236 0
960.172 -73.0195 0
960.272 -113.056 0
994.5 101.214 0
973.854 134.379 0
985.186 199.102 0
1122.64 79.2836 0
1116.44 83.0731 0
1056.9 122.015 0
1081.44 143.925 0
1112.12 177.99 0
1150.53 176.304 0
1178.29 170.56 0
1091.69 161.18 0
1148.18 91.1443 1
1138.94 51.1407 1
1348.76 -131.18 0
1371.05 -126.464 0
1419.44 -85.1783 0
1405.37 -42.0463 0
1300.25 50.4804 0
1423.64 40.0998 0
1292.64 205.013 0
1270.05 250.798 0
1240.06 335.236 0
1190.28 432.733 1
4465.1 -1058.64 1
