11.3274 -2.32018 0
-298.101 62.6072 0
-256.904 246.51 0
-217.145 262.927 0
-318.396 269.875 0
-337.731 295.83 0
-368.64 314.778 0
-376.435 307.31 0
-201.918 206.765 0
-157.116 135.404 0
-147.653 169.572 0
-165.229 233.558 0
-232.312 308.047 0
-383.711 469.494 0
-466.627 497.318 0
-532.216 506.394 0
-568.357 505.436 0
-574.972 518.967 0
-631.715 459.7 1
-577.05 497.613 1
-163.191 331.526 0
-138.547 318.522 0
-148.427 459.759 1
-181.647 229.325 1
719.454 15.6173 0
719.218 5.66092 0
902.553 -280.557 0
873.207 -302.332 0
864.597 -310.375 0
799.524 -162.184 0
791.681 -80.8133 0
847.527 -119.415 0
890.185 -144.145 0
931.344 -155.505 0
781.299 -99.2702 0
680.513 -5.69409 0
681.308 -19.7359 0
743.622 62.0547 0
750.291 -23.2169 0
777.057 86.6773 0
770.414 160.471 0
1095.41 33.5156 0
1021.52 -312.043 0
1065.66 -322.502 0
1215.02 -373.991 0
1302 -416.694 0
2835.37 -226.768 0
3083.69 -72.5232 0
3041.84 -52.4504 0
2989.8 -49.1099 1
1803.73 -425.359 1
1790.33 -383.879 0
1831.42 -364.157 0
1793.89 -364.48 0
1743.41 -375.026 0
1659.13 -172.981 0
1430.62 -303.557 1
1013.13 -197.751 1
949.928 -192.161 0
878.605 -164.199 0
811.125 -93.0923 0
851.721 -64.0902 1
897.452 -47.2895 1
892.548 75.0283 0
755.078 132.139 0
673.194 173.805 1
26853.3 -1462.62 1
