-21.2946 -28.5454 0
19.3377 -52.4361 0
80.2442 -4.55892 0
86.9032 -21.3095 0
254.525 88.1022 1
287.89 -84.9419 1
324.998 -104.099 0
-215.119 67.4464 0
-322.761 -66.0698 0
-313.529 -31.4057 0
-302.622 -5.61447 0
-212.852 1.34599 0
-190.125 19.9825 1
-904.568 -64.9006 1
-859.492 -65.6262 0
-898.113 -95.7841 0
-1657.42 -56.836 0
-1650.76 86.8345 0
-1455.63 1503.17 1
-1498.38 1543.94 0
-1545.1 1577.88 0
-1561.61 1629.84 0
-1559.96 1681.69 0
-1580.24 1698.66 0
-1586.13 988.121 0
-1615.81 949.687 0
-1617.47 953.015 0
-672.943 930.312 0
-769.664 951.326 0
-767.816 1004.2 0
-539.376 938.719 0
-800.887 1806.43 0
-776.023 1994.6 0
-782.718 2048.44 0
-799.659 2045.74 0
-775.364 2792.49 0
-774.036 2829.77 0
-839.663 2821.97 1
-914.759 2890.76 1
-853.624 3039.86 0
-641.246 3135.1 0
-702.141 3182.75 1
-667.909 3210.2 1
-587.893 3195.58 0
-530.29 3213.88 0
-1196.37 2771.98 0
-102.392 3447.01 0
-146.839 3467.07 1
-157.805 3521.58 1
-123.323 3532.3 1
1640.29 3734.78 0
