-108.811 60.4007 0
-76.5549 74.6224 0
61.4218 128.994 0
96.2191 183.109 0
404.611 -187.836 0
399.72 -126.196 0
388.839 -111.037 0
383.819 -140.257 0
455.144 -173.823 0
490.451 -132.161 1
753.597 -209.253 1
773.419 -196.206 0
867.087 -159.729 0
908.107 -150.62 0
912.202 -138.794 0
940.897 -150.286 0
863.512 -168.684 0
840.291 -145.48 0
928.807 -138.055 0
1070.55 -175.312 0
1097.82 -230.346 1
1054.72 -266.991 1
1042.65 -291.491 0
1045.63 -387.681 0
1048.15 -427.826 0
1030.35 -408.568 0
919.41 -459.107 0
809.008 -500.169 1
887.078 -544.078 1
892.361 -515.912 0
827.909 -524.269 0
832.417 -452.828 1
1568.23 -284.239 1
1557.37 -277.127 0
1263.05 148.32 0
1548.19 -70.6898 0
1509.55 -58.6178 1
1424.09 4.15865 1
1362.62 48.841 0
1373.62 77.9879 0
1382.44 4.74027 0
1435.14 -38.742 1
-450.017 844.144 1
37.3561 619.547 1
66.3685 631.668 0
75.9536 632.263 0
112.05 668.355 0
