17.5215 -5.68409 1
230.151 -50.2258 1
215.748 -25.7876 0
227.48 -44.6289 0
213.511 -33.0177 0
208.46 -0.288616 0
221.581 72.1173 0
160.037 58.25 0
161.086 28.8442 0
171.66 10.382 1
215.314 62.9724 1
289.47 -8.51723 0
319.104 7.57287 0
318.617 -2.8231 0
304.42 -362.64 1
251.641 -310.044 0
205.237 -220.168 0
235.183 -208.359 0
258.383 -95.8481 0
399.025 -59.4774 0
412.418 -171.304 0
472.723 -233.363 0
419.852 -183.078 0
427.794 -151.819 0
428.967 -98.5212 0
419.174 -61.2175 0
409.522 -4.12145 0
395.96 8.73372 0
540.143 -33.6077 1
386.506 72.3736 1
431.041 36.0058 0
495.51 -107.669 0
493.317 -92.8419 0
456.08 17.2621 0
392.754 93.3229 0
330.45 133.881 0
398.243 56.7476 0
503.711 -333.299 1
518.899 -300.693 0
387.496 -137.772 0
368.72 -102.554 1
468.061 -96.4843 1
381.127 -81.7439 0
379.884 30.3333 0
727.985 27.4548 0
723.362 10.58 0
815.43 75.7739 0
787.201 240.907 0
800.021 190.19 1
807.497 133.1 0
845.522 177.127 0
