-55.7327 -16.302 0
8.65982 -93.8373 0
23.7804 -57.8926 0
59.717 16.0272 0
49.0172 139.237 0
179.746 88.4141 1
165.599 106.129 1
119.98 145.181 0
70.23 180.916 1
984.905 402.435 1
1004.53 323.911 0
1015.32 260.5 0
927.169 217.018 0
831.48 309.141 0
968.04 128.512 0
993.033 -21.4868 0
1057.92 -33.1088 0
1106.32 -93.4363 0
1054.24 -214.235 0
1021.36 -184.211 0
939.408 20.5306 0
926.014 16.0441 0
850.165 -31.0945 0
864.901 7.74083 0
893.49 187.871 0
925.364 260.395 0
963.772 356.196 0
994.561 446.85 0
1029.16 488.814 0
1010.64 468.737 0
1142.99 475.704 0
1188.25 449.863 0
1173.3 443.853 0
1156.78 430.346 0
1086.07 393.055 0
961.197 301.871 0
853.494 217.71 0
619.462 87.1322 0
686.812 131.051 0
572.695 134.846 0
-969.859 -364.427 0
-1021.47 -344.058 0
-1164.17 -393.028 0
-1241.6 -359.862 0
-1257.74 -346.932 0
-1227.78 -323.68 0
-215.208 -233.786 0
-280.616 -282.772 0
-13.7314 -118.539 0
72.5578 185.047 1
303.91 508.643 1
289.523 529.936 0
240.059 546.047 0
140.814 580.993 0
152.872 612.343 1
142.487 629.435 1
60.8061 610.835 0
111.578 553.875 0
165.44 531.475 0
142.331 482.146 0
101.888 467.219 1
393.013 1227.18 1
