-2.24748 -5.66831 0
10.0086 0.604157 1
277.746 -259.062 1
275.873 -284.452 0
251.554 -264.726 0
317.744 33.9304 0
274.036 106.43 0
217.213 139.444 0
229.67 118.758 0
293.894 49.7311 0
329.15 39.8206 0
393.569 14.0015 0
517.448 -20.1268 0
492.538 -34.4188 0
300.074 -124.649 0
295.971 -111.441 0
363.821 -123.987 0
355.839 2.12249 0
357.531 68.7691 0
365.317 71.504 0
289.434 -251.742 0
289.374 -282.528 0
325.156 -264.493 0
341.952 -175.679 0
331.583 -246.127 0
354.061 -402.029 1
272.557 -357.541 0
202.428 -251.115 1
973.372 77.351 1
923.252 -115.209 0
889.759 -109.17 0
805.494 -74.7569 0
839.418 -34.9642 0
804.882 7.47659 0
837.029 44.6001 0
754.923 77.1959 0
689.204 135.638 0
792.589 161.029 0
796.475 184.064 0
871.6 16.353 0
866.658 28.0024 0
964.915 -74.6511 0
953.03 -222.183 1
746.744 -560.764 1
769.251 -681.514 0
886.918 -772.429 0
851.143 -885.856 0
920.561 -977.067 0
953.921 -973.474 0
954.5 -927.983 0
911.233 -1081.95 1
2709.01 -1417.37 1
2728.86 -1324.87 0
2706.84 -1365.33 0
2737.47 -1289.17 0
2775.11 -1236.28 0
2808.86 -1223.72 0
2797.41 -1190.66 0
2370.31 -495.912 0
2521.71 -1273.79 0
2328.6 -1066.31 1
2269.94 -1126.85 0
2203.77 -1219.51 1
8507.4 -3794.11 1
8521.88 -6952.55 0
