14.3527 7.33571 0
161.205 19.807 0
175.206 38.1763 1
1.27261 -117.617 1
-5.77399 -53.26 0
29.8457 17.0806 0
140.418 17.2619 0
95.6271 31.0259 0
75.4498 94.7442 0
120.156 150.253 0
188.628 158.593 0
744.737 -257.01 1
746.909 -265.1 0
734.017 -295.13 0
675.829 -374.268 0
648.083 -333.407 0
595.689 -319.316 0
597.637 -305.003 0
603.558 -318.303 0
487.009 -320.11 0
580.068 -257.057 0
403.251 -292.178 0
432.052 -260.317 0
463.667 -262.188 0
515.372 -253.43 0
475.046 -267.914 0
480.134 -226.995 0
508.837 -194.804 0
358.943 -203.244 0
181.675 -205.396 0
297.673 -235.027 0
291.241 -217.469 0
700.041 -115.089 0
663.291 -98.3216 0
730.35 -81.4225 0
736.999 -88.8965 0
744.342 -88.9354 0
678.549 -212.674 0
615.451 -232.275 0
613.36 -179.562 0
534.357 -162.202 0
582.555 -116.268 0
1002.2 -187.863 0
1433.43 -417.608 0
1411.1 -410.336 0
1414.53 -418.618 0
1422.69 -435.517 0
1266.85 -498.713 0
1198.52 -446.215 0
1195.7 -401.202 0
1223.32 -376.18 0
1166.6 -396.733 0
1200.38 -420.073 0
1211.1 -432.768 0
1203.95 -469.925 0
1307.35 -487.832 0
1230.01 -511.117 0
826.253 -591.42 0
760.169 -591.853 0
777.424 -625.299 0
767.807 -597.715 0
792.55 -631.303 1
-2154.32 -171.545 1
-2180.8 -120.005 0
-1926.57 -156.185 0
-1906.99 -57.6574 1
-1886.49 -7.12099 1
-2479.65 197.145 1
-2563.8 237.501 0
-2568.83 251.441 0
-2583.05 192.67 1
-2677.2 151.174 1
-2668.16 177.749 0
-2664.49 249.08 0
-2676.34 322.445 0
-2693.75 374.402 0
-2889.06 500.445 0
-2900.33 510.272 0
-2818.63 506.262 1
-1842.88 407.822 1
-1782.09 412.112 0
-1805.34 407.58 0
-1855.73 418.084 0
-1888.62 419.416 1
-13338.9 44.1363 1
-13347.6 62.7915 0
-13085.4 91.5634 0
-13073.8 58.0273 0
-13062.2 107.438 1
-12365.6 16.4439 1
-12350.4 13.5242 0
-12357.3 112.532 0
-12362.5 166.334 0
-11958.4 213.183 0
-11883.6 170.038 0
-11787.5 -86.7541 0
-11717.8 -132.66 0
-11388.4 -995.056 0
-11440.8 -1004.04 0
