317.897 -165.566 0
306.162 -168.142 0
290.371 -162.966 0
283.55 -162.562 0
307.943 -136.681 0
346.531 -153.487 0
374.677 -223.668 0
402.939 -194.468 0
359.074 -120.616 0
417.747 -63.0636 0
398.144 46.573 0
400.74 79.4759 1
392.721 142.588 1
396.396 160.003 0
402.856 173.688 0
426.208 194.607 0
422.349 212.984 0
414.047 120.345 0
434.922 68.2204 0
424.674 85.3986 0
397.109 86.0677 0
347.238 102.257 0
282.059 153.925 0
300.37 227.61 0
269.917 288.556 0
228.725 324.428 0
171.283 407.883 0
164.295 436.327 0
171.017 457.771 1
998.882 -490.517 1
994.31 -485.079 0
1065.04 -515.669 0
1018.87 -387.787 0
952.949 -340.811 0
947.498 -295.034 0
995.083 -260.329 0
990.24 -234.196 0
981.119 -197.657 0
926.64 -170.028 0
1423.15 -437.862 0
1473.31 -459.126 0
1480.29 -415.535 0
1486.85 -272.59 0
1510.34 -228.718 0
1463.62 -178.929 0
1421.1 -145.53 0
1430.7 -118.12 0
1401.48 -133.792 0
1366.71 -110.049 0
1322.82 -44.8618 0
1380.13 -59.4539 0
1373.57 -51.8593 0
1341.96 42.8946 0
1327.44 87.7451 0
1287.64 59.8591 0
1358 -26.3315 1
1380.89 -145.57 1
1408.83 -225.121 0
1396.25 -309.206 0
1365.69 -305.958 0
1353.37 -327.959 0
1363.54 -331.955 1
1980.41 -677.493 1
1985.33 -675.844 0
1905.16 -724.208 0
1904.21 -674.019 0
1896.57 -650.365 0
1904.35 -575.697 0
2124.05 -544.054 0
1918.99 -105.2 1
1869.64 -42.3276 0
1994.36 -146.293 0
2014.93 -64.8058 0
1982.99 -1.51876 1
2006.92 39.9467 1
2041.1 54.3614 0
2051.3 65.6573 0
2035.47 48.9194 0
2018.44 21.1392 1
7166.77 -1812.28 1
