32.4218 -118.987 0
45.8841 -128.96 0
361.929 -578.576 0
239.325 -471.066 0
170.151 -417.117 0
93.4595 -324.434 0
176.717 -185.243 0
292.49 -723.623 0
329.258 -662.082 0
326.471 -696.878 0
266.917 -709.035 0
267.298 -770.97 0
295.415 -826.909 0
350.321 -838.844 0
287.821 -832.99 0
201.22 -792.964 1
292.867 -857.145 1
281.227 -908.167 0
256.144 -914.142 0
220.581 -940.085 0
242.308 -964.953 0
-34.379 -538.393 0
222.79 -611.412 0
211.585 -631.378 0
87.3337 -580.803 1
1673.46 -1513.42 1
1670 -1525.66 0
1642.12 -1536.72 0
1602.98 -1540.21 0
1586.36 -1500.88 0
1498.36 -1408.27 0
1405.45 -1342.04 0
1193.31 -639.876 0
1121.71 -515.438 0
789.285 -940.887 0
741.164 -1031.3 0
947.538 -1038.93 0
949.241 -1001.58 1
1100.46 -1062.59 1
917.816 -1378.59 0
963.234 -1356.03 0
1257.96 -1483.92 0
1290.86 -1498.12 0
1149.63 -1438.59 0
1156.31 -1410.15 0
1142.99 -1394.24 0
1101.43 -1328.42 0
891.664 -1072.71 0
859.569 -998.5 0
737.045 -784.482 1
801.968 -845.712 0
999.796 -1051.22 1
1063.92 -962.979 0
1437.36 -1383.77 0
1775.95 -1723.3 0
1790.5 -1731.09 0
1748.8 -1761.36 0
1775.96 -1745.92 0
1751.94 -1669.88 0
1728.43 -1600.99 0
1716.38 -1537.14 0
1707.66 -1410.27 0
1654.24 -1286.98 0
1585.9 -1228.99 0
1527.26 -1170.64 0
1488.4 -1098.89 0
1395.94 -1125.46 0
1949.26 -1195.18 0
2104.42 -1432.8 0
2160.02 -1686.22 0
2130.85 -1626.25 0
2074.12 -1361.65 0
2187.4 -1593.33 0
2159.14 -1594.36 0
2133.44 -1534.02 0
2176.42 -1470.67 0
2150.91 -1424.04 0
2162.89 -1402.43 1
121.948 -1441.36 0
319.906 -1440.59 0
279.652 -1458.45 0
668.344 -1620.37 0
704.616 -1650.08 0
787.742 -1606.68 0
780.57 -1558.58 0
763.959 -1485.38 0
723.964 -1427.04 0
666.619 -1404.22 0
712.745 -1381.66 1
886.206 -1352.4 1
2661.43 -2197.69 0
2577.73 -2182.29 0
2654.83 -2239.42 0
