-124.845 -112.091 0
-135.996 -156.445 1
-546.366 45.0992 1
-624.146 105.019 0
-635.174 105.47 0
-570.002 188.293 0
-585.218 258.205 0
-534.99 265.496 0
-522.529 266.791 0
-532.668 242.53 0
-502.451 188.956 1
-479.349 138.532 1
-240.382 -43.1207 0
-262.181 -36.8143 0
-352.167 -56.7631 0
-319.199 -58.5342 0
-85.8274 -153.42 0
-18.073 -196.768 0
-61.3247 -188.98 0
-19.7204 -176.333 0
-167.73 -76.7748 0
-152.833 -106.117 0
-263.126 -331.689 0
-225.832 -348.788 0
-82.9297 -446.002 0
-26.7702 -438.235 0
-64.5261 -430.059 0
-13.0033 -379.948 0
-516.51 -208.267 0
-486.934 -197.555 0
-432.174 -212.476 1
387.152 -60.391 1
368.929 -17.461 0
365.827 -27.6253 0
344.476 -26.0469 0
316.562 -29.0936 0
500.709 -182.536 0
531.638 -188.722 0
549.916 -225.739 0
576.294 -291.014 0
535.268 -296.542 0
591.643 -298.397 0
585.461 -295.215 0
505.187 -238.33 0
478.215 -222.313 0
557.302 -183.114 0
540.84 -113.591 0
646.687 -94.272 0
695.542 -127.193 0
780.472 -147.49 0
868.784 -138.839 0
663.542 -150.274 0
658.431 -165.982 0
655.188 -155.663 1
396.558 -201.637 1
653.031 -126.231 0
866.54 -240.596 0
903.624 -234.646 0
921.668 -231.66 0
894.553 -218.281 0
999.097 -269.137 0
895.384 -194.798 0
822.765 -143.676 0
901.844 -117.296 0
891.97 -175.018 0
876.88 -154.047 1
1360.63 -762.026 1
1404.41 -739.548 0
1502.34 -805.094 0
1582.5 -755.698 0
1610.61 -788.975 0
1610.87 -879.042 0
