24.1977 65.6764 0
13.4111 228.139 0
-3.06058 349.772 0
13.6442 392.326 1
83.3251 321.957 1
56.604 409.525 0
75.8997 392.369 1
-97.038 -55.0384 1
-104.674 -21.0147 0
-139.362 6.29036 0
-170.568 29.3085 0
-103.398 -13.63 1
-136.33 -36.9817 1
-217.299 -43.7415 0
-269.002 74.1189 0
-233.427 51.697 0
-227.334 53.3797 1
-300.361 72.6817 1
-170.16 84.8868 0
-139.406 59.7832 0
-399.748 264.274 0
-133.561 188.469 0
-176.106 524.581 0
31.8299 547.992 1
57.0814 547.529 1
76.3493 543.104 1
-21.8539 514.932 1
21.4089 505.808 0
99.0163 493.8 0
118.763 517.041 0
315.191 506.545 0
328.868 496.57 0
415.141 431.571 0
475.78 373.333 0
639.583 357.459 0
906.904 362.701 0
865.745 415.105 0
827.571 494.283 0
811.529 498.804 0
716.867 532.794 0
775.716 572.449 0
733.206 494.627 0
717.977 492.682 0
1001.62 559.933 0
1025.01 571.982 0
1078.65 504.758 0
1093.45 458.934 0
1112.9 353.58 0
1477.47 -292.709 0
961.759 70.6718 0
1071.85 813.143 0
1109.98 889.839 0
1048.23 955.789 0
1192.41 1110.7 0
1207.42 1098.71 0
1188.46 1105.39 0
1286.27 1116.17 0
1331.28 1081.59 0
1596.06 771.725 0
1653.96 389.132 0
1637.18 302.73 0
1623.57 223.914 0
1595.39 185.245 0
1541.52 166.757 0
1523.79 225.242 0
1576.72 291.029 0
1209.08 549.417 0
1102.27 627.666 0
615.509 796.931 0
550.324 880.971 0
200.886 1017.15 0
331.906 1066.51 0
