43.0065 1.45268 0
2.49819 -2.81119 0
-70.0132 460.847 0
-81.8128 460.482 0
-74.4462 291.423 1
17.7633 -273.788 1
-7.86247 -244.72 0
14.3104 -266.253 0
-20.6012 -350.325 0
-43.0713 -326.08 0
-174.804 -173.066 0
-137.955 -68.6811 0
-251.476 -83.4806 0
-267.9 -51.8029 0
-275.75 -73.1573 1
-304.899 -178.829 0
-251.114 -290.734 1
-284.35 -260.879 1
619.087 -244.65 0
570.885 -248.057 0
520.462 -246.61 0
515.482 -217.255 0
492.476 -189.113 0
457.118 -155.12 0
280.634 146.882 0
92.5998 190.998 0
198.266 171.663 0
559.633 52.6354 0
530.465 60.3796 0
332.274 448.183 0
361.84 392.229 0
506.236 341.561 0
1200.25 -401.605 1
1207.61 -464.164 0
1220.04 -470.287 0
1247.8 -471.277 0
1268.89 -413.9 0
1239.35 -412.511 0
1222.7 -428.572 0
4179.8 -1450.69 0
4083.2 -1552.11 0
3990.18 -1535.46 0
3997.98 -1474.12 0
3873.98 -894.387 0
3945.13 -792.929 0
3973.34 -739.703 0
3998.58 -680.677 0
4022.54 -652.65 0
4019.93 -585.007 0
4019.66 -506.563 0
4051.75 -447.45 0
4005.86 -370.431 0
3866.1 -296.589 0
3872.39 -353.23 1
3862.25 -352.452 1
