177.426 -45.2874 0
182.224 -27.7826 0
-587.709 -247.276 0
-590.088 -231.428 0
-651.903 -172.217 0
-599.817 -141.468 0
-611.736 -142.801 0
14.4109 -616.473 0
-0.850396 -749.498 0
-4.1001 -809.537 0
-27.4168 -786.115 0
-359.554 -754.223 0
-322.691 -786.078 0
-693.051 -295.986 0
-704.503 -245.731 0
-412.886 -295.402 0
-382.313 -322.608 0
-377.461 -448.926 0
-1571.21 970.446 0
-1660.89 1807.85 1
-1775.07 1851.93 0
-1697.36 1639.36 0
-1737.52 1651.09 0
-858.438 1073.17 0
-739.459 1155.35 0
-1030.57 1250.91 0
-1058.93 1337.53 0
-986.325 1344.9 0
-929.283 1296.81 0
-785.598 1210.02 0
-2898.12 997.382 0
-2894.36 991.127 0
-2462.7 822.654 0
-2442.79 825.857 0
-2407.5 879.058 0
-2449.73 925.343 1
-2378.42 979.461 1
-2367.02 1002.73 0
-2402 960.265 0
-2382.77 979.714 0
-2436.27 1020.94 1
-2409.36 1006.52 1
-2352.97 983.276 1
-1120.69 983.731 1
-1099.95 886.354 0
-1124.45 865.645 0
-1148.67 826.458 0
-1182.46 774.414 0
-1176.03 731.704 0
-1224.68 695.206 0
-1271.83 647.205 0
-1351.92 388.675 0
-1392.48 334.829 0
-1402.75 299.227 0
-1440.08 237.372 0
-1434.9 239.143 0
-1464.21 251.568 0
-1430.03 -575.397 1
-1410.1 -597.861 0
-1426.8 -554.307 0
-1479.63 -521.869 0
-1487.17 -516.049 1
-4111.18 -542.375 1
-4086.32 -624.169 0
-4099.52 -611.427 0
-3677.48 -1803.58 0
-3435.32 -1299.06 0
-3283.94 -1216.89 0
-3024.05 -1139.97 0
-2937.02 -716.221 0
-3517.79 -893.977 1
-23637.6 4303.93 1
-23560.2 4247.02 0
-23151.9 4198.58 0
-23523.8 4064.6 0
-23151.4 4058.19 0
-23107 4064.72 0
-23031.8 4098.77 0
-23023.9 4279.54 0
-22282.9 4078.52 1
-22276.1 4097.23 0
-22281.1 4034.6 0
-22290.5 4020.43 0
-22268.3 3994.66 0
-22237 3994.11 0
-22221.4 3988.7 0
-22263.2 4077.25 1
-21425.3 4472.75 1
-21397.8 4501.28 0
-21529.1 4283.78 0
-21505.7 4108.42 0
-21440.2 4051.71 0
-21387.8 4223.16 0
-21415.1 4224.15 0
-21395.1 4243.09 0
-21363.1 4274.52 0
-21355.2 4247.29 0
-21318.5 4228.4 0
-21309.9 4180.08 0
-21293.6 4167.16 0
-21296.1 4139.85 0
-21334.4 4106.95 0
-21353.7 4157.99 0
