52.7727 -279.403 1
76.1226 -277.182 1
61.7008 -291.183 1
53.1898 -242.811 0
57.4238 -164.212 0
81.4835 -137.423 0
44.2139 -116.495 1
60.4607 -138.962 1
78.4365 -164.969 0
101.88 -181.681 0
125.191 -178.954 0
132.906 -186.668 0
47.131 -196.777 0
-40.0348 -239.603 0
-45.3002 -179.986 1
9.65952 -100.17 1
435.955 -202.939 0
440.442 -136.425 0
449.832 -179.436 0
413.952 -103.486 0
439.575 -87.43 0
455.136 5.80698 1
409.31 38.609 1
431.133 71.0733 0
452.117 9.15046 0
454.499 10.5076 0
435.668 -13.0445 0
492.691 -19.2875 0
434.332 -61.1305 1
541.55 -1074.04 1
608.543 -548.946 0
526.982 -352.909 0
497.395 -362.111 0
530.253 -356.424 0
546.779 -308.914 0
515.717 -315.132 0
628.104 -292.528 0
721.07 -481.13 0
764.5 -584.049 0
655.549 -282.782 0
670.582 -255.372 0
753.518 -194.708 0
597.338 -238.72 0
547.529 -214.951 0
462.002 -197.687 0
936.448 -557.557 0
890.737 -516.179 0
842.514 -518.157 0
882.208 -531.512 0
862.38 -504.496 0
842.873 -469.314 0
678.501 -442.704 1
1289.43 -56.4413 1
1106.3 -51.6652 0
1669.63 -0.655846 0
1749.4 17.5266 0
1785.64 18.5531 0
1780.75 -3.43155 0
1776.81 23.3782 0
1743.15 -22.6221 0
1685.85 145.314 0
1688.27 74.1973 0
1643.84 138.541 0
1648.14 107.192 0
1637.8 33.8089 0
1562.87 -316.356 0
1431.63 293.892 0
1541.45 395.537 0
1640.07 368.837 0
1220.37 1314.43 0
1243.63 1173.71 0
1229.12 1049.72 0
1318.63 1062.23 1
1235.31 1082.4 1
1660.09 712.114 0
1653.57 812.504 0
1924.6 1204.94 0
3580.43 2242.37 1
