37.4236 -8.71709 0
14.1641 17.1173 0
82.4789 -8.18364 0
71.3762 -127.955 0
85.2914 -183.504 0
89.7979 -219.44 0
-230.414 -28.2873 0
-281.134 -22.5984 0
-526.154 132.182 0
-666.704 210.123 0
308.562 504.335 0
274.68 297.603 0
317.249 320.614 0
320.351 361.941 0
293.39 363.588 0
252.553 390.091 0
251.807 395.447 0
346.894 338.205 0
339.608 295.957 0
302.849 332.272 0
445.426 321.668 0
439.507 309.993 0
804.518 217.202 0
807.82 168.788 0
852.388 238.196 0
805.682 354.574 0
770.218 527.444 0
709.641 738.234 0
585.427 729.534 0
516.528 701.767 1
473.702 663.273 1
592.341 419.581 1
600.38 448.379 1
725.976 324.018 1
711.111 316.934 1
750.93 285.319 1
877.541 260.668 0
711.253 417.405 0
731.958 432.884 1
942.63 385.761 1
959.366 380.624 0
979.735 339.501 0
983.35 317.325 0
960.41 334.165 0
978.101 396.107 0
1002.98 412.503 0
1013.53 444.209 0
1021.52 481.356 0
972.879 577.77 0
1015.59 572.142 1
1018.17 621.361 1
1032.62 667.167 0
988.492 682.151 0
904.569 710.839 0
847.289 715.195 0
722.929 630.251 0
774.462 514.686 0
1015.72 426.786 0
595.635 408.279 0
660.269 384.768 0
662.591 368.916 0
529.94 343.663 0
557.87 388.156 0
560.564 438.977 0
532.922 480.964 0
491.935 487.294 0
601.671 505.126 1
-4500.96 358.558 1
-4625.61 379.125 0
-4638.55 367.125 0
-4597.86 403.732 0
-4607.59 352.228 0
-4591.48 297.263 1
-4732.29 220.061 1
-4680.77 219.658 0
-3661.8 197.089 0
-3629.63 176.483 0
-3543.95 266.802 0
-3495.04 276.243 1
-3509.92 302.956 1
-3486.15 320.217 0
-3365.06 317.831 0
-3447.25 220.221 0
-3378.43 270.069 0
-3301.19 290.69 0
-3343.98 306.954 0
-3324.78 421.044 0
-3481.34 463.469 1
-3383.59 455.931 1
-3357 468.112 1
-3019.3 517.077 0
-2976.81 535.651 0
-3006.44 564.843 1
3611.89 1058.92 1
