-8.5171 7.36074 0
-29.2409 53.6986 0
-40.8526 159.262 0
32.5511 138.001 0
42.1203 85.0166 0
24.6442 1.06023 0
-385.444 -72.6478 1
-355.628 -144.814 0
-394.814 -196.373 1
-166.995 -120.586 1
273.206 143.26 0
238.704 56.5443 0
247.49 20.7681 0
247.509 -7.49682 0
287.893 5.34585 1
1691.03 -7.05563 1
1680.84 -0.608954 0
1680.13 44.9338 0
1661.41 41.5189 0
1939.92 26.1627 0
2018.19 8.20873 0
1983.77 -67.4271 0
1918.17 -77.3547 0
1917.98 -112.414 0
2288.02 -357.851 0
2349.69 -224.857 0
2302.78 262.271 0
2340.1 220.577 0
2372.12 199.971 0
2382.84 178.439 1
1949.1 -305.684 1
2185.52 139.595 0
2348.71 512.072 0
2152.86 240.594 0
2144.26 260.572 0
2058.64 266.48 1
2066.91 305.931 1
2479.69 142.435 1
2464.61 110.354 0
