79.762 -29.6442 0
111.995 -36.416 0
140.323 -48.1251 0
186.704 -64.4527 0
228.096 -69.2599 0
176.634 -58.2221 0
158.169 -10.4632 1
229.911 22.8162 0
216.254 19.3148 0
118.902 366.801 0
-246.119 1316.99 0
-220.594 1363.29 0
-273.823 1346.31 0
-274.029 1369.05 0
-241.643 1375.18 0
-846.355 767.533 0
-840.92 775.295 0
-674.574 884.618 1
587.69 230.65 1
621.216 277.558 0
628.485 274.57 0
641.971 261.347 0
705.468 276.253 0
695.989 287.952 0
717.527 271.365 0
693.72 307.943 0
671.036 289.484 0
635.62 229.533 0
738.125 257.811 0
727.396 286.583 0
728.472 319.458 0
710.564 332.267 0
687.602 357.738 0
777.385 397.435 0
785.509 392.074 0
731.559 362.616 0
740.947 365.894 0
866.56 376.852 0
1032.85 328.792 0
1084.27 375.273 1
1158.58 392.996 1
1298.5 -8.43002 0
1290.74 -43.3445 0
1290.36 -95.0879 0
1276.48 -92.9455 0
1321.04 -52.193 0
1275.69 -82.4165 0
1241.21 -138.498 0
1294.73 -143.811 0
1323.88 -211.829 1
2534.6 -232.218 1
2514.6 -174.374 0
2558.34 -309.017 0
2551.3 -368.37 0
