-30.7438 82.5279 1
-100.599 6.9978 0
-223.074 -19.6149 1
138.397 -270.032 1
142.6 -272.612 0
143.955 -282.576 0
266.709 -249.957 0
1312.99 -743.45 0
1296.45 -757.651 1
1088.64 -680.87 0
1300.92 -983.017 0
1242.38 -996.534 0
1023.95 -889.34 0
1190.59 -795.379 0
1237.87 -787.841 0
1221.77 -769.421 0
1242.58 -788.915 0
1243.26 -840.782 0
1224.34 -886.786 0
1355.57 -880.789 0
1423.77 -887.934 0
1367.81 -902.154 0
1463.21 -946.534 0
1290.65 -1096.39 0
1387.37 -1051.33 0
1430.44 -974.454 0
1384.63 -968.316 0
1433.59 -936.64 0
1368.55 -833.308 1
1309.78 -814.496 1
1311.46 -763.373 0
1266.05 -677.912 0
1264.92 -673.045 0
1243.54 -681.612 0
1226.24 -575.135 0
1198.08 -493.536 0
1219.34 -465.634 0
1228.98 -393.645 0
1265.12 -441.491 0
1305.67 -425.181 0
1231.09 -423.57 0
1266.11 -448.651 0
1310.48 -404.947 0
1332.32 -380.071 0
1294.77 -405.097 0
1295.06 -102.432 1
815.759 -188.901 1
728.813 -183.827 0
612.089 -241.454 0
877.625 -7.55858 0
718.235 11.5634 1
792.277 49.506 0
832.453 49.7891 0
1066.96 -5.03491 0
1066.19 15.4155 1
1224.96 -681.098 1
1225.8 -654.84 0
1273.66 -381.314 0
1322.25 -283.196 0
1356.92 -238.558 0
1392.17 -152.578 0
1437.38 -8.3335 0
1949.21 -699.886 0
1902.02 -602.296 0
1833.88 -547.761 0
1858.66 -673.607 0
1856.31 -668.357 0
1867.8 -608.045 0
1822.84 -596.907 0
2419.17 -940.984 0
2692.28 -1636.62 0
2672.33 -1666.02 0
2679.23 -1711.03 0
2736.71 -1810.42 0
2794.13 -1778.03 0
2853.92 -1770.32 0
2844.09 -1717.92 0
2907.62 -1807.77 0
3798.92 -1216.51 0
