-59.0983 -23.4158 0
-57.1558 -95.2564 0
29.515 -130.343 0
53.5387 -129.905 0
49.1658 -120.202 0
54.5753 -64.9238 0
80.0002 -21.2831 0
103.272 12.3469 0
100.764 12.1812 0
91.9941 -4.74453 1
103.611 -76.6024 1
123.069 -81.3699 0
168.595 -47.6457 0
174.471 -50.553 0
229.667 -51.3834 0
230.045 -26.7258 0
234.441 -23.2799 0
1074.71 29.3591 1
1098.43 32.415 0
1131.8 62.1133 0
1605.94 -271.825 0
1602.43 -323.982 0
1597.96 -316.023 0
1562.8 -331.328 0
1523.82 -247.897 0
1495.54 -168.662 0
1475.17 -89.5052 0
1528.95 155.946 0
1585.87 108.848 0
1678.09 93.0303 0
1567.78 -20.1768 0
1559.7 38.839 0
1528.01 41.7656 0
1548.84 136.109 0
1575.8 112.977 0
1529.89 198.439 0
1625.77 288.989 0
1606.3 234.394 0
1743.57 444.198 1
1712.34 412.936 1
1774.67 518.633 0
1875.24 566.943 0
1868.83 625.723 0
1833.84 746.545 0
1920.76 717.539 1
1916.43 637.442 1
1575.8 664.224 0
1491.11 668.745 0
1335.59 627.86 0
1352.95 605.117 0
1347.07 630.484 0
1787.3 308.581 0
1759.63 258.012 0
1616.53 221.094 0
1621.8 227.117 0
1622.28 186.479 0
1917.7 86.5597 0
1041.09 247.557 0
941.537 270.705 0
902.201 334.025 0
844.686 388.775 0
788.935 408.865 1
2873.44 -39.512 1
