57.7185 19.731 0
331.535 388.761 0
365.519 410.895 0
214.195 87.9038 0
296.762 -142.006 1
265.428 -79.4486 0
185.835 -140.229 0
219.241 -151.012 0
420.4 -175.912 0
454.718 -180.858 0
685.079 -109.91 0
569.541 433.241 0
542.485 427.124 0
514.016 384.586 0
465.096 413.139 0
412.86 415.904 0
291.506 344.393 0
275.565 353.131 0
255.417 375.252 0
250.535 368.121 0
-534.12 506.453 0
-660.977 452.11 0
-697.513 436.289 0
-747.498 479.379 0
-984.954 683.696 0
-963.483 717.926 0
-1062.63 742.294 0
-1082.28 720.427 0
-1083.83 775.968 1
-1153.35 1192.11 1
-1227.37 1228.99 0
-1269.54 1318.62 0
-1302.78 1362.94 1
-1354.3 1377.79 1
-1315.59 1428.73 0
-1276.73 1481.48 0
-1237.57 1523.55 0
-1250.32 1558.92 1
5370.83 1226.35 1
5327.71 1191.73 0
5290.9 1220.09 0
5258.36 1215.91 0
5219.46 1255 0
5207.19 1312.51 0
5170.86 1353.45 1
5054.1 1301.42 1
5132.09 1326.79 0
5098.26 1417.5 0
5420.19 1098.82 0
5462.7 989.458 0
5440.64 923.455 0
5504.27 870.501 0
5517.8 920.302 0
5572.22 1022.56 0
5610.6 1094.08 0
5610.8 1102.77 0
5568.96 1130.72 0
5597.44 1180.82 1
5554.68 1203.69 1
5395.59 911.569 0
5373.58 926.764 0
5377.24 971.496 0
5464.52 1109.81 0
5371.7 1144.89 1
5275.57 1137.59 1
5536.16 1057.46 0
6013.37 972.424 0
6117.12 948.42 0
6086.24 964.362 0
6056.17 953.349 0
6123.13 915.973 0
6107.79 942.27 0
6140.89 965.767 0
6287.62 978.833 0
6218.92 1054.09 0
6765.37 856.816 1
6484.3 740.355 0
6830.1 769.245 0
6854.65 675.25 0
6864.13 703.536 0
6845.63 776.858 0
6737.62 830.639 0
6707.48 901.071 0
6724.44 925.309 0
6751.01 936.734 0
6774.64 936.429 0
6895.38 1054.13 0
6868.54 1053.55 1
8407.41 703.039 1
9657.81 1235.4 0
