-35.6924 8.0675 0
138.183 41.8723 0
346.406 24.1259 0
437.621 192.361 0
399.574 227.928 0
389.638 275.736 0
409.153 285.812 0
421.697 288.68 0
320.232 481.85 1
332.285 506.384 1
366.118 524.231 1
378.184 528.978 0
389.924 493.6 1
389.088 521.691 1
336.166 528.996 0
249.524 586.166 0
177.027 546.022 0
255.65 435.152 0
214.001 517.155 0
206.866 548.04 1
411.277 112.72 1
376.908 160.422 0
351.25 174.883 0
303.168 224.027 0
305.839 252.005 0
322.497 267.046 0
359.926 304.401 0
391.488 332.215 0
445.031 361.822 0
508.722 326.61 0
487.78 327.34 0
503.685 324.688 0
623.76 127.038 0
644.831 21.7642 0
623.605 -104.783 0
717.601 -186.26 0
702.112 -145.611 0
705.065 -45.6905 0
719.291 -128.38 0
719.955 -106.725 0
536.217 -82.2281 0
543.811 -91.4264 0
777.316 390.891 0
748.818 348.11 0
653.377 369.738 0
686.132 355.768 0
821.918 371.577 0
788.639 361.633 0
844.61 201.028 0
874.276 174.048 0
1498.48 -1.83344 0
1485.57 32.4883 0
1510.32 -46.9712 1
1355.51 -228.624 0
1339.27 -221.769 0
1322.46 -222.754 0
1303.47 -298.408 0
1324.41 -324.654 0
1364.42 -316.901 0
1404.8 -312.729 1
1511.79 -281.964 1
1503.92 -284.652 0
1519.44 -268.361 0
1495.94 8.38132 0
1555.7 -34.2808 0
1587.52 -23.3419 0
1592.19 -70.0901 0
1557.73 -57.0706 0
1462.82 -66.2769 0
1482.91 -137.44 0
1513.19 -107.911 0
1535.05 -86.8303 0
1496.96 -55.4992 0
1571.35 -79.7874 0
1530.75 -118.783 0
1465.22 -77.0291 0
1501.21 -44.8081 0
1266.87 -167.761 0
1117.82 -303.986 0
1175.78 -307.514 0
1176.01 -299.085 0
-1002.38 -108.19 0
-1107.02 -66.3523 0
8233.1 278.042 0
