13.3816 -30.6613 0
47.1108 -3.1363 0
23.9429 1.41265 0
44.9345 43.4624 0
32.5915 337.59 0
75.75 276.976 0
79.4424 247.519 0
-28.8879 300.493 1
156.215 -55.4819 1
145.289 -46.0841 0
140.986 0.570427 0
196.399 69.3886 0
264.744 171.148 0
365.713 155.531 0
388.287 97.5123 0
430.312 30.9721 0
441.342 -19.9828 0
397.853 20.1467 0
357.403 -37.0858 0
367.564 -41.6398 0
389.957 -85.9415 0
354.396 -92.1399 1
331.043 -54.4329 1
338.528 -8.6752 0
343.929 64.092 0
423.793 111.841 0
420.762 143.686 0
421.65 167.868 0
572.651 231.837 0
450.636 61.6729 0
439.807 -144.283 0
439.548 -211.021 0
432.775 -295.933 0
573.046 -390.208 0
553.883 -371.134 0
447.78 -376.244 1
-144.446 -502.122 1
-168.467 -457.681 0
-177.475 -430.658 0
-142.627 -388.077 0
75.0505 -364.245 1
72.2899 -354.009 1
71.3872 -353.301 1
480.807 -876.121 1
483.898 -916.127 0
541.061 -65.8194 0
542.922 -86.4415 0
573.669 -106.616 0
576.337 -122.402 1
