54.3076 45.5918 0
-43.1467 61.8576 0
34.2183 92.5796 0
9.51054 92.9586 0
-22.3527 12.3865 0
-81.4294 7.26695 0
-68.7096 -36.6455 0
57.8838 -92.2163 0
37.7285 -92.6113 0
411.776 -196.197 0
344.043 -220.712 0
578.274 -197.108 0
516.144 -175.716 0
647.611 -287.441 0
659.658 -303.551 0
1482.13 -1190.91 0
1599.35 -1329.7 0
1566.08 -1277.71 0
1542.02 -1243.03 0
1519.69 -1259.45 0
1704.16 -1489.23 0
1724.57 -1522.03 0
1758.47 -1610.33 0
1748.91 -1591.18 0
1714.75 -1536.25 0
1716.39 -1504.98 1
1612.57 -1463.69 1
1607.82 -1441.19 0
1642.21 -1413.88 0
1638.93 -1412.21 0
1591.42 -1439.83 0
1573.95 -1437.01 0
1560.73 -1427.72 0
1538.09 -1441.93 0
1542.03 -1502.91 0
1592.37 -1562.28 0
1560.32 -1529.78 0
3464.09 -1910.02 1
3478.49 -1833.59 0
3481.98 -1795.59 0
3528.7 -1695.93 0
3480.38 -1643.04 0
2842.65 -1398.74 0
2720.93 -1102.12 0
2739.46 -1055.3 0
2731.09 -973.224 0
2691.08 -947.628 0
2605.62 -881.755 1
-6282.04 -13929.9 1
-6374.19 -13895.7 0
-6358.08 -13894.3 0
-6358.43 -13900.8 0
-6629.5 -13739.6 0
-6807.82 -13673.9 0
-6883.52 -13603.9 0
-6881.94 -13570.8 0
-6878.91 -13576.1 0
-6846.16 -13581.1 0
-6799.88 -13535.9 0
-6758.6 -13045.1 0
-6752.67 -13060.4 0
-5895.42 -12991.3 0
-5921.57 -13013.2 1
-5923.39 -13034.1 0
