21.4832 -78.3747 0
45.9358 -183.974 0
66.6936 -164.798 0
56.8246 -121.839 0
55.2645 -28.3834 0
72.2444 24.5911 0
91.7433 80.401 0
-0.990585 -38.474 0
-50.9453 -48.9242 0
-98.9809 -109.846 0
-85.1557 -207.428 0
-79.0104 -199.08 1
4540.48 1988.91 1
4573.47 2077.61 1
4592.87 2104.95 0
4686.2 2063.5 0
4762.16 2029.25 0
4273.04 2134.35 0
3938.26 2143.88 0
3854.56 2182.73 0
3900.27 2215.9 0
3871.12 2187.31 0
3841.17 2189.68 0
3838.26 2162.76 1
4154.31 -273.494 1
4357.86 246.003 0
4444.24 219.138 0
4405.38 232.929 0
4449.54 268.131 1
4458.46 253.249 1
4015.62 238.032 0
4005.96 242.476 0
4035.16 215.866 0
4053.43 125.698 0
4081.29 148.011 0
4224.12 149.556 1
4189.46 51.289 1
4257.42 77.6968 0
4318.42 46.8884 1
-7635.56 -1291.28 1
-7621.15 -1244.74 0
-7657 -1228.12 0
-7686.93 -1230.28 0
-7747.01 -1282.33 0
-7764.59 -1310.4 1
-6814.39 -731.755 1
-6877.46 -554.026 0
-6916.42 -305.946 1
-6659.23 625.13 1
-6644.31 664.648 1
-5710.91 835.261 0
-6770.69 1059.21 1
-6994.5 1593.73 0
-6820.33 1402.41 0
-6565.17 1421.32 0
-6642.81 1393.71 1
