12.3765 -9.7775 0
49.1768 -41.7085 0
85.302 -48.2451 0
115.325 -93.3751 0
127.43 -90.1824 0
133.348 -101.818 0
130.684 -130.195 0
156.522 -158.984 0
191.198 -189.708 0
230.13 -223.314 0
4.88704 -111.293 0
-12.9038 -146.698 0
-206.243 -113.006 0
-205.401 -66.981 0
-236.027 -25.7065 0
-254.664 -27.9735 0
-257.875 -29.8222 0
-251.164 -15.7689 0
-179.26 -31.0411 0
-183.364 -1.09462 0
-164.938 -24.3246 0
13.1392 -159.3 0
334.111 -171.594 0
397.875 -170.868 0
391.308 -187.916 0
371.927 -211.956 0
335.52 -228.7 0
341.338 -205.724 0
342.803 -296.03 0
258.879 -327.088 0
266.202 -321.394 0
279.85 -347.703 0
443.667 -336.996 0
464.904 -324.55 0
456.743 -374.716 0
451.865 -381.366 0
448.817 -361.913 0
428.521 -387.931 0
467.649 -243.662 0
507.189 -220.106 0
478.463 -139.314 0
898.936 -111.298 0
798.089 78.5085 0
667.441 343.277 0
907.734 85.3909 1
931.433 -28.5015 0
956.816 -34.9832 0
1004.33 -33.2332 0
1052.89 -27.8596 0
973.556 -19.2592 0
1079.67 14.799 0
1057.1 20.5668 0
1212.89 -159.266 0
648.422 830.221 0
699.838 1174.48 0
757.385 1597.31 1
898.687 1195.86 0
931.175 1161.15 0
1068.66 951.836 0
1067.02 954.952 0
917.734 951.839 0
846.12 982.966 0
244.129 -1467.39 0
219.842 -1418.36 0
517.914 -1325.41 0
647.95 -1150.03 0
618.527 -1087.24 0
606.195 -1049.51 0
627.572 -974.572 0
696.568 -939.568 0
728.077 -927.739 0
4310.76 -3732.83 0
