24.6047 -3.05715 0
39.9926 -103.976 0
87.9152 -369.284 0
84.3665 -452.612 0
108.371 -501.955 0
127.699 -575.875 0
143.986 -378.149 0
181.532 -318.289 0
244.468 -271.328 0
229.694 -257.811 0
256.194 -246.689 0
392.7 -188.148 0
489.042 -181.671 0
503.589 -145.93 0
509.342 -92.7771 0
523.333 -43.2474 0
508.96 -2.41742 1
188.271 96.7702 0
260.944 113.826 1
169.966 132.282 0
102.425 191.492 0
361.646 -104.186 0
319.208 -28.4614 0
281.686 17.1005 0
248.921 80.2906 0
269.79 108.764 0
198.422 90.6285 0
-104.525 12.0566 0
-135.88 31.8774 0
-92.0194 62.3992 0
-146.543 55.9684 0
-160.321 -8.93182 0
-189.991 -3.69661 0
-133.031 -10.9551 0
-168.546 263.954 0
-172.359 215.335 0
-203.354 236.479 0
-473.73 148.745 0
146.887 -151.268 1
83.8219 -72.8849 0
54.1502 21.3784 0
12.4186 45.555 0
-89.5667 136.549 1
-128.333 92.0279 1
1956.11 245.915 1
1897.24 -182.188 0
1887.34 -213.823 0
1866.35 -213.83 0
1865.88 -143.324 0
1880.82 -174.287 0
1937.51 -174.253 0
2341.17 -326.846 1
2411.15 -244.912 0
2407.45 -117.127 0
3400.91 -164.276 0
3246.08 66.2857 0
3330.32 34.2853 0
3477.82 101.952 0
3467.03 106.348 0
3499.18 122.704 0
3474.28 105.901 0
7618.26 -341.603 1
7445.01 -469.135 0
7420.52 -471.827 0
7345.89 -246.169 0
7387.05 -184.845 0
7376.08 -204.94 0
7436.26 -255.592 0
7500.42 -291.73 1
7500.38 -432.478 1
7515.59 -368.776 0
7567.93 -198.647 0
7652.32 -143.984 0
7626.9 -62.7242 0
7596.33 10.6807 0
7634.06 40.1509 0
7614.69 34.2368 0
7574.23 28.34 0
7740.2 -20.7394 0
