-27.9075 -55.0359 0
-31.3081 -67.8639 0
-30.8368 -3.74121 0
-38.7523 57.7613 0
27.0598 64.8672 0
-20.461 168.495 0
15.7386 104.104 0
-26.1859 245.953 0
-99.5171 328.482 0
-285.752 375.164 0
-269.576 346.956 0
-307.418 327.041 0
-495.253 329.179 0
-532.773 288.588 0
-500.269 356.649 0
-629.048 489.272 0
-659.275 553.031 1
-184.696 22.6317 1
-163.911 80.3433 0
-256.322 49.3334 0
-209.08 116.806 0
-210.25 124.724 0
-260.339 209.823 0
-314.526 352.2 0
-361.523 356.775 0
-381.995 350.69 0
-308.503 323.418 1
-325.239 332.918 1
-274.378 336.59 0
-286.307 300.601 0
-232.817 281.976 0
-174.943 274.655 1
-185.337 276.149 1
-243.266 141.808 0
-313.747 294.745 0
-349.307 343.697 0
-387.988 398.069 0
-419.358 461.019 0
-389.797 461.174 1
-1459.25 969.594 1
-1522.62 988.615 0
-1468.75 995.818 0
-1435.48 982.51 1
3872.61 751.26 1
3885.14 819.386 0
3935.89 766.417 0
4095.42 678.643 0
4110.98 632.17 0
4089.56 586.19 0
4091.59 668.052 0
4060.53 730.512 0
4200.98 674.699 0
4103.32 506.261 0
4024.31 411.745 0
4004.97 444.798 0
4001.07 429.806 0
4057 410.052 0
4069.72 407.842 0
4085.82 405.016 1
3925.94 650.861 1
3856.89 857.985 0
3784.15 1065.72 0
3708.46 1148.03 0
3695.73 1181.53 0
3716.64 1175.83 0
3746.03 1119.34 0
3843.41 949.746 1
4130.83 665.112 1
3111.46 447.174 0
3101.74 493.313 0
3086.79 527.675 0
3054.15 544.494 0
3281.22 525.663 1
3312.16 418.959 1
2834.65 1444.01 0
2750.23 1556.3 1
2753.15 1632.58 0
2795.49 1682.16 0
2475.88 1743.7 0
2453.53 1783.12 1
2390.64 1877.08 1
2379.39 1908.32 0
2315.13 1920.12 0
2230.71 1974.7 0
2060.64 1929.71 0
2104.67 1980.94 0
1979.48 1973.98 0
2290.45 1920.29 0
2104.15 1882.38 0
2315.32 1108.49 0
2245.93 1068.08 0
3239.53 601.206 0
3215.93 586.077 0
3181.21 599.656 0
3201.47 676.646 0
3237.86 752.213 0
3329.56 703.003 0
2425.27 1187.53 0
2561.59 1197.2 0
3030.6 1278.39 1
3506.1 1149.03 0
4325.01 1001.83 0
4347.56 892.377 0
4434.75 926.729 0
4459.3 977.538 0
4442.3 930.57 0
4396.36 943.272 0
4435.63 880.178 0
4187.13 1581.71 0
4158.39 1641.71 0
4055.89 1687.99 0
4024.18 1688.19 1
9759.27 -1816.47 1
