-1.22867 2.08427 0
-67.4971 34.8924 0
-16.7352 43.0591 0
-34.6374 77.9193 0
-36.7918 83.1475 0
-154.584 87.7672 0
-55.4072 -14.6102 0
-121.332 -12.2431 0
244.889 -6.18876 0
124.205 -140.208 0
115.239 -164.222 0
98.7145 -119.625 0
182.445 -43.6696 0
170.019 -53.6482 0
215.732 -94.9608 0
222.983 -114.21 0
246.811 -57.2145 0
311.879 -65.8494 0
554.571 -152.322 0
580.41 -203.372 0
593.028 -195.76 0
-697.907 -84.1708 0
-428.552 -89.7115 0
-390.877 -13.4557 0
-8.81317 2.39644 0
62.009 39.1964 0
-97.8529 -109.759 0
-179.543 -144.193 0
270.672 -139.265 0
308.01 -144.4 0
339.426 -146.545 1
193.978 -267.295 1
1062.56 -581.053 0
1058.52 -761.682 0
1060.89 -754.001 0
1083.75 -704.304 0
1073.66 -686.936 0
1234.74 -621.182 0
979.323 -512.551 0
937.955 -492.747 0
850.069 -448.255 0
826.49 -458.544 0
831.18 -462.563 0
831.437 -483.8 0
827.518 -509.813 0
889.109 -574.576 0
850.865 -587.907 0
638.12 -531.063 0
664.751 -555.803 1
549.875 -607.996 1
1172.33 -902.514 0
1165.14 -926.128 0
1137.65 -886.448 0
1453.5 -944.336 0
1582.26 -978.647 0
1581.63 -945.302 0
1005.69 -1192.1 0
