96.2189 -30.2764 0
168.05 -64.843 0
191.567 -167.207 0
208.089 -209.381 0
178.735 -258.45 0
201.264 -284.393 0
260.194 -391.455 0
151.893 28.7794 0
145.395 -19.5635 0
165.045 -53.3463 0
192.559 -4.01707 0
201.456 114.669 0
234.039 250.902 0
185.773 265.181 0
206.377 257.587 0
227.468 214.632 1
161.654 408.141 1
132.38 363.457 0
117.058 159.598 0
150.393 -146.767 0
133.255 -158.541 0
338.567 -74.1609 0
324.246 21.6458 0
371.444 119.14 0
435.194 75.521 0
555.515 102.513 0
645.157 140.65 0
618.211 105.53 0
596.701 73.0754 1
-1710.26 121.354 1
-1877.82 43.289 0
-2178.07 28.6943 0
-2160.89 30.3494 0
-2173.15 -20.9325 0
-2141.17 -34.6118 0
-1766.33 -9.45343 1
-264.328 201.008 0
-241.181 265.172 0
-235.199 263.21 0
-141.528 134.52 0
-115.414 186.679 0
-118.498 208.993 0
-59.8054 206.191 0
-107.715 228.447 0
-90.0683 238.428 0
-119.263 300.475 0
-85.252 306.959 0
-70.1539 332.843 1
28.9842 314.89 1
87.3681 223.914 0
192.181 415.307 0
196.387 475.49 0
228.513 548.257 0
211.219 555.743 0
237.277 542.688 0
236.378 567.119 0
220.573 592.251 0
203.537 624.97 0
171.84 642.335 0
211.955 710.985 0
228.962 649.812 0
126.433 633.146 0
211.167 637.486 0
170.247 624.39 0
177.675 691.112 0
209.612 665.812 0
-296.044 892.945 0
-328.78 867.907 1
-402.783 814.442 1
-438.373 775.6 0
-400.957 781.506 0
284.102 795.884 0
-671.718 753.012 0
-496.873 732.011 0
-1111.8 862.851 1
-1136.23 954.011 0
-1137.6 1047.36 0
-1186 1115.15 0
-1119.79 1127.05 0
-1114.44 1154.28 0
-1893.86 13.1082 0
-1256.08 -88.2714 0
-1151.15 -175.561 0
-1045.33 -242.697 0
-630.457 -51.2357 0
-659.71 -71.9151 0
-694.09 -115.802 0
