123.146 -83.9803 0
277.587 -70.2781 0
293.039 -60.9127 0
317.303 -92.5168 0
320.123 -93.2254 0
319.068 -87.5871 0
335.761 -132.858 0
344.629 -147.612 0
270.212 -164.841 0
317.225 -263.611 0
212.775 -183.62 0
155.017 -111.084 0
163.893 -107.997 0
363.368 -141.339 0
338.481 -131.914 0
350.115 -126.893 0
611.055 -273.362 0
630.49 -293.053 0
629.655 -310.999 0
663.695 -329.995 0
599.523 -343.898 0
619.557 -360.475 0
585.117 -355.91 0
497.201 -84.625 0
444.867 -69.6251 0
408.598 -45.307 0
469.43 31.2271 0
489.188 -17.348 0
656.783 -126.139 0
637.361 -88.7251 0
648.103 -118.613 0
799.03 -234.503 0
837.587 -176.295 0
866.352 -141.614 0
813.305 -85.0612 0
842.973 117.359 0
853.125 56.5049 0
864.07 38.6771 0
861.679 -13.1625 0
766.944 9.95112 0
763.318 47.5015 0
613.453 115.005 0
640.291 111.557 0
728.556 118.582 0
742.309 101.533 0
725.461 82.041 1
423.274 -72.0375 1
476.046 9.41364 0
734.797 -90.0535 0
767.365 -116.31 1
1178.11 -257.13 1
1183.15 -268.276 0
1237.67 -270.067 0
1201.29 -204.86 0
1166.99 -196.444 0
1197.25 -232.882 0
1212.21 -303.849 0
1252.18 -414.79 0
1313.01 -391.734 0
1298.35 -369.901 0
1288.49 -373.543 0
1371.77 -528.128 1
1577.22 228.17 0
