20.6779 -6.22747 0
61.3974 -220.272 0
40.369 -236.008 0
-55.0202 -190.894 0
-11.8242 -152.347 0
43.2509 -79.3837 0
55.5561 2.54111 0
-14.9007 75.4484 0
-43.0443 121.466 0
-77.3689 188.708 0
-36.5663 226.566 0
-63.7636 -18.6372 0
-68.3104 -71.5259 0
-52.9139 -122.141 0
-65.6692 -143.884 0
-55.9846 -108.168 0
-70.339 -101.229 0
-20.6838 -35.5518 1
655.721 378.634 1
630.735 419.942 0
629.858 479.285 0
652.756 505.494 0
748.479 484.242 1
728.506 481.722 1
593.112 507.855 0
721.456 439.006 0
705.804 423.981 0
702.852 444.429 0
714.204 468.692 0
721.716 506.563 0
748.742 495.252 0
297.215 415.241 1
318.478 362.841 0
326.704 357.068 0
300.656 373.378 0
230.499 388.063 1
241.206 432.889 1
220.193 396.771 0
223.4 395.293 0
242.566 413 0
289.716 442.599 1
-1449.79 531.529 1
-1397.16 622.853 0
-1270.62 551.797 0
-1298.9 537.715 0
-1336.68 523.408 0
-1385.71 511.912 0
-1309.69 496.137 0
-1298.39 599.763 0
-1319.53 631.262 0
-1253.36 693.015 0
-1843.92 636.028 0
-1873.52 668.981 0
-1869.81 686.548 0
-2164.12 552.545 0
-1889.99 729.077 0
-829.568 232.296 1
-816.561 184.129 0
-802.498 157.689 0
-752.117 128.022 0
-669.538 56.7751 0
-657.411 27.8519 0
-638.726 -87.6461 0
-669.406 9.85362 0
-700.693 44.7831 0
-731.323 26.8539 0
-758.957 26.5333 0
-828.03 7.49555 0
-750.394 2.88853 0
-685.909 0.345481 0
-595.993 90.2314 0
-671.288 77.4513 0
-706.827 119.777 0
-756.319 172.494 0
-823.603 267.036 0
-804.141 318.928 0
-713.405 306.777 0
-697.538 248.298 0
-685.993 242.906 0
-619.579 167.182 0
-617.384 147.351 0
-352.75 514.865 0
-283.679 447.989 1
-288.577 410.956 1
-302.727 400.536 0
