-2.67676 15.5086 0
46.0507 -4.7795 0
-64.1074 96.7828 0
-90.2392 160.779 1
64.6495 -33.865 1
63.3296 -43.261 0
41.3671 39.1312 0
80.5974 11.2029 0
95.0851 51.4065 0
42.2903 153.044 0
28.1251 128.03 0
157.383 -80.6593 0
527.089 -129.29 0
672.72 -179.309 1
687.778 -196.289 0
707.171 -216.914 0
513.364 -180.048 0
515.187 -132.637 0
485.034 -104.907 0
476.944 -64.354 0
477.014 -65.887 0
453.524 -95.6982 0
420.394 -165.8 0
407.492 -131.915 0
385.657 -123.553 0
515.984 -157.08 0
543.836 -147.668 0
594.018 -121.924 0
627.101 -105.616 1
647.516 -33.6154 1
626.1 -109.072 0
635.162 -112.003 0
627.557 -132.1 0
577.076 -120.651 0
553.229 -149.328 0
560.263 -155.66 0
444.468 -346.299 0
408.248 -359.939 0
512.52 -139.926 0
386.286 -447.997 1
405.581 -444.876 0
654.926 -523.177 0
755.889 -549.706 0
669.304 -433.48 0
658.987 -369.17 0
660 -283.866 0
690.962 -247.139 0
685.253 -237.881 0
689.832 -115.513 0
732.889 -86.981 0
863.964 -137.502 0
854.237 -137.444 0
798.406 -100.214 0
766.341 -59.8784 0
824.047 -23.3577 1
847.233 1.77747 1
800.496 5.40206 0
829.617 5.98953 0
855.394 22.2141 0
1202.58 -72.5259 0
1195.8 -46.1274 0
1147.5 1.2607 0
1180.29 13.3835 0
1518.77 -36.1854 0
1528.21 -168.286 0
1555.94 -163.611 0
1592.85 -186.137 0
2980.11 -1002.31 0
