73.3029 97.092 0
198.327 397.392 0
93.5883 212.166 0
90.6646 -80.0066 0
-66.2315 379.188 0
23.0931 959.297 0
1367.1 1691.95 0
1354.54 1666.55 0
1330.61 1596.4 0
1388.31 1561.12 0
1316.45 1560.28 0
1359.09 1631.91 0
1338.98 1664.02 0
1290.81 1550.12 0
1601.03 1175.57 1
1582.56 1115.35 0
1557.31 1091.94 0
1641.89 1075.55 0
1597.88 1170.57 0
1680.71 1149.57 0
1622.51 1244.26 0
1644.66 1211.63 0
1690.25 1183.71 0
1684.15 1294.5 0
1707.22 1303.8 1
1707.78 1323.91 1
1700.9 1350.1 0
1691.01 1371.61 0
1688.02 1359.4 0
1713.12 1073.27 1
1793.69 1087.64 0
1880.24 1036.75 0
3907.81 1391.16 0
3949.94 1283.02 0
3947.61 1318.63 0
3926.94 1444.75 0
3997.34 1288.82 0
4044.09 1451.58 0
3929.91 1476.35 0
4092.78 1655.71 0
4408.9 1363.75 1
4411.98 1301.26 0
4427.66 1346.23 0
4390.39 1355.97 0
