17.7029 59.7925 0
36.4841 112.577 0
73.1337 170.381 0
22.007 215.734 0
33.5651 251.936 0
52.7342 284.135 0
66.7884 183.479 1
79.7246 68.259 1
-197.382 -24.3736 0
142.94 37.0091 0
150.689 5.5857 0
76.6801 -43.8947 0
36.2245 -44.8999 0
19.9301 -21.043 0
-39.1562 -25.1816 0
-54.2041 25.4967 0
15.4872 94.8723 0
38.0966 99.729 0
40.4303 141.988 0
202.57 142.455 0
179.911 111.221 0
211.194 89.8553 0
244.614 185.426 0
180.11 255.133 1
-91.3723 -5.25261 1
-132.51 -29.4782 0
-14.4968 92.6811 0
143.689 -15.3075 1
124.627 30.1815 0
182.89 99.8128 0
236.372 162.404 0
236.323 126.136 0
231.581 113.117 0
266.305 173.357 0
343.658 141.664 0
372.193 153.393 0
389.678 168.598 0
435.91 157.994 1
932.891 193.662 1
954.016 201.617 0
997.723 261.047 0
1001.22 294.977 0
1153.19 247.035 1
1191.33 515.875 1
1090.52 -391.763 0
1368.25 -341.034 0
1443.14 -324.036 0
1482.71 -238.286 0
1505.42 -224.521 0
1787.39 -1239.93 0
2952.23 -5268.61 0
2982.62 -5320.49 0
2999.99 -5353.15 0
2444.24 -6577.51 0
2417.81 -6586.77 0
2344.86 -6518.75 0
2335.38 -6443.72 1
2096.8 -6291.64 1
2173.31 -6272.69 0
2163.02 -6232.36 1
2223.49 -6294.89 1
