-5.35064 21.3334 0
-18.7396 55.9721 0
-46.1254 113.69 1
-47.4554 -136.606 1
-48.1821 -38.2979 0
-66.2186 -38.3363 0
-83.9459 -44.8607 0
-455.283 -381.037 0
43.8467 -223.863 0
0.493031 -151.321 0
-2.01244 -136.71 0
-35.1075 -151.376 0
-308.094 -648.935 0
-294.009 -633.647 0
-298.371 -640.777 0
94.8803 -510.655 0
99.6497 -605.167 1
-51.9832 -728.211 0
-174.958 -805.055 0
-275.922 -795.649 0
-339.023 -754.07 0
-413.735 -726.591 0
-544.789 -713.752 0
-465.928 -679.91 1
-703.319 -800.77 0
-723.935 -802.32 1
413.523 -788.928 1
466.671 -764.786 0
455.804 -786.534 0
443.635 -810.86 0
449.968 -835.916 0
458.999 -816.109 0
463.587 -751.259 1
199.646 201.222 1
232.838 179.394 0
451.584 401.559 0
693.078 430.93 0
642.87 433.056 0
640.934 488.271 0
642.357 561.408 0
588.228 686.284 0
254.609 1103.71 0
140.853 1130.89 1
-867.486 105.926 1
-846.493 112.464 0
499.992 -111.858 1
454.141 -98.3218 0
595.086 54.2748 0
