-42.5937 28.3873 0
68.6815 -175.181 0
114.665 -168.429 0
147.544 -179.78 0
127.05 -160.258 0
113.466 -146.858 0
104.629 -123.442 0
101.859 -96.5104 0
133.683 -90.5634 0
175.568 -83.1649 0
168.75 103.065 0
235.796 62.0768 0
263.475 8.31851 0
413.809 -112.648 0
407.69 -87.7416 0
417.819 -29.2344 0
416.823 -22.5798 0
374.708 -44.8701 1
403.857 27.6059 1
371.031 -9.86342 0
367.16 19.1341 0
359.258 80.9978 0
346.238 92.6399 0
452.559 65.3858 0
532.929 -19.7339 1
472.976 -160.122 1
480.385 -171.887 0
460.902 -165.855 0
753.077 -248.115 1
780.536 -227.568 0
786.658 -229.897 0
786.461 -207.196 0
794.781 -175.894 0
708.99 -107.878 0
736.265 -105.744 0
745.463 -97.5474 0
750.941 -75.2868 0
715.248 -18.5866 0
722.432 50.9669 1
919.531 95.0938 1
917.952 104.108 0
915.12 49.2315 0
946.358 36.758 0
891.19 11.7396 1
1958.46 3.34782 1
1957.13 5.47319 0
2009.69 121.346 0
2013.22 223.433 0
2051.43 145.032 0
2042.93 177.899 0
