12.017 11.9467 0
27.9881 40.0016 0
23.5863 87.3439 0
1109.15 153.611 0
1174.04 60.9172 0
1019.35 -23.9136 0
1323.61 -243.573 0
1339 -280.111 0
1346.96 -302.533 0
1355.14 -255.81 0
1355.75 -179.128 0
1361.29 -70.2642 0
1292.26 -17.1525 0
1295.96 38.8922 0
1397.55 93.1889 0
1180.89 79.1567 0
1364.93 34.1484 0
1357.28 36.8225 0
1365.19 21.7665 0
1547.18 -88.6199 0
1562.69 -64.1177 0
2003.79 50.0614 0
1985.63 35.269 0
1590.71 485.082 0
1584.58 644.083 1
1522.34 782.825 0
1450.9 809.304 0
1416.77 823.878 0
1005.64 402.767 1
980.493 303.307 0
978.253 272.042 0
981.68 187.678 1
1319.23 -146.509 1
1316.77 -92.1262 0
1319.21 -91.464 0
1331.52 -73.881 0
2773.26 -837.41 1
2768.79 -812.233 0
2745.84 -782.503 0
2742.92 -724.751 0
2727.82 -679.351 0
2719.17 -642.079 0
2743.05 -674.621 0
4713.24 -1361 0
4865.68 -1367.75 0
4813.27 -1256.47 0
4785.47 -1128.83 0
5327.08 -1682.97 0
