-226.526 214.885 0
-354.199 96.1352 0
-315.306 86.3579 0
-111.242 47.2644 0
-34.5115 34.1156 0
-78.5721 -12.1139 0
-91.4113 -90.2 0
-152.438 -58.6059 0
-99.9285 -66.7677 0
-80.3972 -94.3628 1
511.491 -350.601 1
494.428 -321.915 0
500.684 -327.854 0
517.848 -377.973 0
585.394 -405.781 0
601.697 -403.718 0
545.952 -387.551 0
515.062 -317.996 0
486.205 -283.197 0
382.878 -89.7087 0
424.504 -29.2545 0
389.941 -33.1921 0
207.174 110.443 0
132.319 353.59 0
170.576 400.493 0
201.433 354.967 0
108.555 435.5 0
152.948 409.443 1
1249.17 652.884 1
1267.24 650.073 0
1175.62 652.78 0
1140.93 689.482 0
1020.46 748.463 0
962.392 850.301 0
403.321 876.25 0
383.93 878.396 0
380.799 891.898 0
-4.51938 869.814 0
-54.2961 883.567 0
-328.121 907.242 0
-319.872 914.761 0
-317.746 993.114 0
-307.966 974.647 0
-190.236 818.292 1
-166.437 779.321 1
-122.68 790.993 1
1994.64 332.014 0
1843.71 267.988 0
1579.91 285.502 0
2830.55 115.643 0
2833.11 104.54 0
2834.01 150.773 0
2833.65 140.231 0
2776.63 -5.80798 0
2788.94 -100.548 0
2766.22 -71.7821 0
2604.97 8.86949 0
1694.61 879.359 0
1856.21 807.311 0
1844.41 772.511 0
1779.87 820.993 0
1786.29 842.367 0
1744.89 860.074 0
2742.12 703.668 0
2711.75 745.28 0
2707.65 819.055 0
2704.34 857.031 0
2727.04 864.044 1
2739.33 849.266 1
2731.38 841.617 0
2706.71 864.694 0
2713.47 979.531 0
2781.56 901.723 1
2793.21 929.142 1
2830.59 870.91 0
2859.21 875.878 0
2821.72 821.825 0
2818.42 705.441 0
2821.89 734.892 0
2899.07 815.517 0
2859.9 883.843 0
2927.4 932.278 0
2977.87 885.845 0
2974.18 827.597 0
2873.91 884.439 0
2761.13 952.163 0
2721.65 1035.82 0
2702.49 1162.73 0
2674.48 1254.5 0
2699.33 1313.46 1
3375.99 899.556 1
3339.63 813.961 0
3383.68 734.324 0
3341.69 779.158 0
3292.65 850.362 0
3291.66 889.234 0
3524.42 799.315 0
3507.66 897.9 0
