1.8053 34.2735 0
166.669 -360.02 0
98.203 -171.996 0
168.785 -183.616 0
186.15 -171.078 0
235.219 -84.07 0
235.24 -31.2507 0
229.617 -39.3627 0
242.437 -31.3428 1
187.9 47.6327 1
157.291 66.0332 0
151.658 61.4757 0
257.992 10.4559 0
151 190.906 0
90.6838 233.578 0
27.2798 222.192 0
61.1321 243.984 0
46.0915 227.617 0
20.2456 238.315 1
-32.3599 377.642 1
9.71225 406.895 0
-17.058 420.295 0
97.7123 424.221 0
76.4113 511.96 0
54.9221 584.156 0
77.5026 630.131 0
71.7648 607 0
49.5889 535.836 0
-21.1163 62.1156 1
53.9564 25.2228 0
107.706 34.2942 0
15.8886 42.5447 0
-2.47394 100.848 0
99.8705 102.589 0
-39.0541 175.836 0
25.5433 139.745 0
60.7626 181.917 0
74.7254 282.264 0
79.4012 414.527 0
30.8209 538.931 0
83.2737 479.13 0
159.599 326.638 0
129.715 274.581 0
75.0564 326.721 0
26.7075 461.645 0
108.327 460.252 0
120.418 471.521 0
159.567 499.921 0
179.724 486.06 0
249.578 442.076 0
278.334 387.108 0
301.362 341.826 0
318.921 293.775 0
318.761 372.301 0
400.573 405.511 0
404.801 411.438 0
414.63 429.23 0
434.125 419.951 0
196.814 998.961 0
204.162 998.221 0
214.571 932.688 1
197.867 1017.13 1
110.128 1025.68 0
521.775 749.977 0
462.888 694.463 0
380.882 535.881 0
378.655 597.116 0
388.913 669.199 0
449.684 731.016 0
289.963 586.673 0
323.498 518.298 0
518.182 369.235 0
551.193 323.86 0
-155.72 669.401 0
-97.1488 621.136 0
-79.8491 604.362 0
1019.75 -46.8589 0
889.059 -64.4823 0
1039.56 -234.318 0
2246.89 -2353.38 1
2224.36 -2361.95 0
2230.23 -2386.2 0
2104.39 -2366.41 0
2031.86 -2384.18 0
1999.56 -2416.87 0
2013.78 -2415.66 0
2023.34 -2373.87 0
1837.43 -2242.29 0
1643.26 -2113.04 1
-1606.06 8970.85 1
-1556.49 8954.34 1
-1450.53 8955.85 0
-1415.38 9000.42 0
-1411.48 8915.37 0
687.861 9386.3 0
686.502 9450.41 0
707.964 9467.74 1
732.549 9485.29 1
758.008 9333.15 0
376.87 9255.6 0
724.791 9363.95 0
728.954 9371.96 0
726.328 9361.59 0
757.37 9352.3 0
