78.6673 -96.0382 0
91.8206 -72.5892 0
57.6934 44.2635 0
23.1083 68.5659 0
140.904 36.4464 0
211.869 15.829 0
181.602 47.0603 0
185.046 58.6524 0
176.708 55.1177 0
212.076 130.874 0
139.258 155.184 0
225.085 122.973 0
266.437 82.7266 0
284.947 89.731 0
301.177 87.6203 0
330.545 36.0796 0
300.694 59.1521 0
281.505 100.79 0
223.334 160.706 0
213.828 124.584 0
246.833 6.78835 0
260.226 75.9796 0
274.201 128.385 0
257.55 165.298 0
308.624 224.025 0
537.642 98.9337 0
488.453 70.1795 0
499.46 222.77 0
563.312 309.322 0
552.958 481.491 1
723.362 -754.008 1
424.832 -816.599 0
452.52 -684.745 0
386.599 -557.121 0
288.847 -437.419 0
253.507 -377.457 0
330.525 -308.318 0
504.842 -349.796 0
522.049 1370.89 0
403.977 1470.62 0
355.14 1523.41 0
299.302 1429.57 1
2071.11 3923.91 1
