53.0482 -247.853 0
156.54 -570.63 0
113.639 -524.958 0
80.5582 -498.061 0
67.2159 -438.27 0
7.04108 -433.937 0
-115.398 -366.232 1
-190.641 -238.946 1
-231.541 -213.126 0
-182.266 -251.333 0
-201.014 -223.47 0
-535.428 -161.661 0
-622.636 91.357 0
-832.111 339.353 0
-797.445 301.039 1
-875.851 290.167 1
9.06226 16.283 0
-22.7848 -26.2548 0
-96.9402 -242.409 1
-115.51 -231.199 0
-122.925 -127.287 0
-186.055 -112.44 0
-136.308 -129.358 1
-113.036 -132.094 1
70.5094 -156.495 0
119.726 -141.556 0
128.775 -159.153 1
60.3079 -155.436 1
46.6966 -172.51 0
50.3487 -174.15 0
55.2662 -166.205 0
77.1652 -134.056 1
110.076 -141.367 1
158.873 -156.247 0
424.757 -190.04 0
265.673 -71.7589 1
265.375 -25.3477 0
387.878 -75.0471 0
431.591 -148.432 0
358.815 -202.639 0
365.593 -165.92 0
327.841 -140.364 0
316.055 -110.156 0
305.083 -65.5176 0
248.996 -21.6498 0
197.834 94.1626 0
189.992 61.6202 0
225.484 2.61498 0
237.458 -37.5622 0
257.941 -35.118 0
420.4 -114.568 0
442.526 -150.025 0
551.093 -307.988 0
507.827 -238.938 0
515.883 -168.461 0
606.96 -169.376 0
714.898 -304.28 0
714.863 -342.243 0
678.083 -358.208 0
633.519 -312.094 0
684.317 -384.726 0
707.822 -417.177 1
652.474 -391.114 1
625.228 -396.706 0
599.785 -399.461 0
697.576 -435.055 0
703.542 -480.215 0
713.165 -480.34 0
600.414 -353.874 0
551.486 -304.38 0
578.325 -332.366 0
990.49 -630.517 0
