-38.8091 -57.0213 1
-47.1892 -76.3553 1
-95.1311 -41.6641 0
-91.4694 13.1499 1
-625.799 -364.541 0
-415.401 -364.2 1
-429.286 -314.718 0
-444.731 -252.671 0
-522.373 -184.143 0
-507.767 -146.052 0
-545.348 -188.973 0
-515.625 -188.463 0
-589.133 -231.967 0
67.986 -138.56 1
88.0546 -162.889 0
762.792 -450.071 0
825.748 -474.283 0
543.181 -474.138 0
524.461 -432.953 0
528.046 -378.459 0
473.321 -367.832 0
466.575 -442.997 0
466.113 -451.286 1
487.033 -385.065 0
556.666 -304.901 1
594.084 -179.255 0
554.551 -316.168 0
549.805 -285.303 0
483.826 -209.69 0
459.606 -219.99 0
491.601 -256.498 0
608.168 -255.64 0
560.148 -291.333 0
458.276 -242.672 0
468.293 -209.531 0
446.609 -148.611 0
440.561 -117.583 0
434.667 -108.843 0
456.15 -133.306 0
439.573 -192.082 0
558.096 -350.331 1
581.294 -208.157 0
603.037 -167.232 0
574.394 -137.445 0
610.689 -161.888 0
699.435 -172.688 1
700.844 -221.803 1
648.311 -263.083 0
586.1 -248.299 0
539.692 -239.07 0
441.373 -244.708 0
611.532 -202.297 1
589.13 -185.149 1
38.9868 -38.9598 0
-3.73805 -63.5846 0
-8.56645 -30.004 0
129.122 34.2842 0
33.7526 141.837 1
-271.152 -284.671 1
-314.419 -279.309 0
-311.493 -313.622 0
-263.636 -366.946 0
9.47025 -117.014 1
-1666.75 509.058 0
-1071.9 401.962 0
-1068.01 389.29 1
-910.274 228.688 0
-881.789 207.189 0
-872.665 137.479 0
-849.51 53.418 0
-835.21 -33.2027 0
-825.916 -84.6427 0
-803.321 -108.456 0
-895.61 -243.728 0
-806.639 -210.351 0
-741.477 -193.27 0
-760.698 -173.046 0
-745.163 -186.141 0
-423.164 -261.269 0
-435.945 -288.329 0
-340.136 -374.335 0
-446.704 -348.792 0
-459.824 -303.719 0
-424.45 -264.675 0
-418.081 -266.091 0
-405.597 -261.373 0
