21.6094 -8.19048 0
42.7404 -50.1382 0
56.3349 -73.3114 0
77.3048 -117.528 1
5128.89 -167.939 1
5126.21 -162.645 0
5117.69 -164.825 0
5049.06 -123.096 0
5115.07 -163.839 0
5099.25 -136.25 0
5108.27 -181.71 0
5140.53 -104.553 0
5119.6 -130.338 0
5167.2 -156.074 1
4837.84 -370.496 1
5223.77 -289.761 0
5289.78 -295.605 0
5270.65 -266.701 0
5356.19 -191.414 0
5286.24 -197.943 0
5229.04 -186.392 0
5522.79 86.3631 0
5662.07 117.561 1
5595.66 227.235 1
5546.85 221.887 0
5533.9 245.018 0
5604.58 298.804 0
5634.45 258.723 1
5662.65 -55.632 1
5652.4 -69.1635 0
5644.45 -83.1265 0
5684.85 -94.2997 0
5755.19 -55.823 0
5740.78 -94.7005 0
5839.45 -194.318 0
5815.98 -183.9 0
5729.56 -151.374 1
5728.82 -46.0575 1
5755.75 -56.0868 0
5773.14 -138.882 0
5703.52 -20.1458 1
5933.7 -252.117 1
5923.2 -256.84 0
5960.48 -317.311 0
5935.79 -267.609 0
5943.82 -292.065 0
5878.7 -498.174 0
5924.24 -542.438 0
5935.78 -551.162 0
5992.6 -534.806 0
