21.3457 -85.0283 0
31.3389 39.4599 0
144.09 -116.236 0
138.746 -105.784 0
99.926 30.8745 0
30.1869 232.072 0
518.074 -1497.04 0
474.401 -1484.96 0
479.523 -1434.46 0
478.951 -1224.65 0
483.737 -1162.45 0
454.646 -1092.19 0
484.547 -933.19 0
467.57 -860.317 0
461.793 -868.397 0
437.386 -847.184 0
373.192 -829.326 0
337.265 -825.018 1
122.136 -662.579 1
142.532 -708.934 0
458.57 -837.597 0
458.194 -846.944 0
466.926 -888.879 0
636.776 -1241.36 0
531.846 -1199.55 0
525.636 -1205.94 0
541.335 -1220.57 0
615 -1188.07 0
607.942 -1188.51 0
629.824 -1259.59 0
640.77 -1281.41 0
639.185 -1241.09 0
637.961 -1269.13 0
608.162 -1234.07 1
287.059 -635.459 1
246.721 -617.726 0
312.859 -623.904 0
355.297 -619.467 0
287.21 -587.771 0
325.885 -721.033 0
338.567 -717.24 0
266.7 -569.442 0
270.716 -594.371 0
249.964 -621.857 0
228.185 -642.206 0
216.078 -677.481 0
246.067 -675.599 0
-700.253 -906.23 0
-696.443 -789.753 0
-704.209 -703.612 0
-670.951 -664.164 0
-689.353 -678.339 0
-688.834 -676.147 0
-648.141 -761.736 0
-801.227 -713.277 0
-792.533 -736.758 0
-740.673 -741.1 0
-664.44 -766.044 0
-621.061 -777.993 0
-570.476 -749.417 1
-219.948 -723.504 1
-233.837 -729.946 0
-261.006 -732.348 0
-261.268 -747.521 0
-358.468 -745.301 0
-361.405 -710.682 0
-382.632 -600.392 0
-414.885 -528.093 0
-436.804 -450.582 0
-422.582 -357.529 0
-503.274 -358.139 0
-524.975 -300.344 1
-401.296 -1131.17 1
-381.557 -1150.34 0
-305.885 -1183.95 0
-34.7222 -1395.76 0
-28.3287 -1375.27 0
-55.8802 -1349.32 0
-72.8149 -1345.4 0
-122.04 -1225.28 0
-95.815 -1209.38 0
73.9188 -1275.95 0
131.749 -1352.45 0
87.7277 -1381.73 0
19.8733 -1347.63 0
-24.5262 -1384.74 0
-77.0243 -1423.3 0
-31.5233 -1427.22 0
-37.8338 -1402.36 0
-25.5324 -1388.27 0
883.845 -1456.6 0
934.209 -1369.5 0
1001.37 -1340.37 0
1026.95 -1370.59 0
1094.47 -1480.97 0
1177.28 -1496.73 1
1052.4 -1100.83 1
1108.83 -1116.53 0
1084.68 -1069.13 0
1101.39 -883.949 0
1069.88 -804.237 1
2280.17 -1723.12 1
