55.5181 73.9814 0
82.6473 120.637 0
44.0365 243.774 0
52.8505 390.258 0
68.5201 210.607 1
78.6174 206.62 1
17.2027 88.9065 0
118.287 115.688 0
110.459 135.845 1
865.477 -111.344 0
852.209 -138.406 1
798.435 -118.136 0
713.025 -44.0438 0
688.451 -141.116 0
625.701 -140.098 0
551.103 -127.013 0
497.405 -50.723 0
527.894 -10.8924 0
632.411 -4.66954 0
671.863 -329.691 0
719.409 -322.353 0
709.664 -345.928 0
748.63 -401.758 0
782.952 -428.67 1
901.478 -554.328 1
863.456 -421.483 0
877.141 -416.345 0
800.573 -386.619 0
802.274 -452.119 0
789.367 -440.467 0
749.585 -433.113 0
752.719 -419.905 0
879.565 -410.569 0
902.391 -386.955 0
953.843 -317.069 0
976.702 -300.767 0
1047.34 -254.66 0
1002.33 -279.077 0
956.473 -293.836 1
917.377 -204.286 0
906.553 -161.516 0
858.311 -110.106 0
617.648 -125.102 0
1094.51 -246.148 0
742.62 -154.074 0
729.4 -172.034 0
726.667 -178.983 0
658.637 -198.514 0
650.739 -163.731 0
641.576 -123.904 0
630.252 -101.456 0
650.687 -118.764 1
1253.3 -652.598 1
1296.03 -621.208 0
1341.5 -590.901 0
1407.79 -624.582 0
1342.29 -529.219 0
1388.94 -441.516 0
1439.92 -438.53 0
1462.45 -362.383 0
1487.41 -371.446 0
1380.61 -469.679 0
1511.71 -364.223 0
1467.01 -89.5364 0
1301.03 -35.226 0
1312.82 -23.3841 0
1294.78 -30.1689 0
1141.77 127.407 0
1139.03 68.575 0
1096.98 92.5467 0
1126.12 38.6395 1
1174.65 43.714 1
1661.72 120.045 0
1604.94 163.972 0
1603.06 176.678 0
