66.9616 30.5039 0
77.0461 61.7555 0
78.8421 62.4397 0
102.632 106.488 0
115.189 83.774 0
124.737 65.4747 0
141.861 67.4443 0
107.715 111.744 0
152.91 83.2808 0
-121.804 172.459 0
-62.2503 177.816 0
-227.188 215.561 0
-249.22 218.188 0
-59.2195 279.935 0
390.585 140.29 0
387.771 111.01 0
372.773 113.41 0
434.046 62.5748 0
446.715 19.1696 0
519.942 79.3771 0
536.265 124.681 0
570.54 118.08 0
551.256 108.682 0
-277.261 836.35 0
-134.527 652.677 1
-145.376 686.794 0
-132.318 702.275 0
-136.157 745.896 0
-138.657 719.876 0
-149.014 721.529 0
-30.2724 744.862 0
-11.2756 737.654 0
-2.60313 749.387 0
110.52 642.566 0
34.3524 521.626 0
1.57515 549.631 0
-38.125 590.293 0
-158.219 680.291 0
-194.507 701.745 1
-251.828 675.493 1
-294.91 668.284 0
-309.653 708.111 0
-282.249 767.102 1
-327.495 833.949 1
-234.004 834.224 0
-251.453 871.531 0
-176.622 876.074 0
-212.815 876.237 0
-214.775 923.586 0
-213.811 1000.39 0
-111.595 1029.34 1
18.3789 1035.45 1
-525.957 1311.26 0
-506.986 1274.38 0
-513.852 1192.74 0
-523.264 1244.77 0
-510.035 1298.75 0
-400.541 1226.15 0
-440.515 1188.15 1
24596.1 3083.23 1
24424.2 2771.84 0
24404.3 2623.62 0
24384.3 3332.2 0
24419.4 3357.41 1
24401.8 3548.1 1
24516.3 3264.64 1
24552 3134.07 0
24465 3078.44 0
24331 3070.99 0
24262.7 3066.78 0
24172.4 3028.11 0
24151.8 2988.24 0
24153.9 2976.72 0
24185 3060.6 1
25487.2 4242.43 1
25672.9 4206.83 0
25685.8 4033.54 0
25591.4 4044.34 0
25432.8 3982.42 0
25869.2 3998.58 0
25826.6 4152.95 0
25850.6 4147 0
25882.6 4131.31 0
25881 4096.5 0
25912.6 4144.45 0
