3.08397 7.86572 0
32.342 37.1336 0
-31.1918 17.5476 0
-29.2511 38.1795 0
-92.6306 48.3458 0
-123.712 58.6614 0
-132.418 89.6461 0
-233.085 154.143 1
116.367 120.664 1
127.449 -61.0668 0
55.8511 -74.9363 0
13.8875 -64.4443 0
-18.8797 -19.4721 0
-31.3217 101.477 0
1.18622 -29.0604 0
57.3163 -75.0087 0
102.352 -40.1586 0
127.895 -35.8401 0
128.944 -41.7014 0
425.683 -47.5376 0
369.613 17.3091 0
299.849 106.761 0
215.232 285.966 0
100.959 142.162 0
40.6728 112.685 0
59.3672 156.17 0
141.296 157.17 0
185.509 63.9277 0
121.828 14.5527 1
164.707 51.9232 1
172.108 17.5978 0
1506.28 1070.97 0
1595.65 873.43 1
1593.63 871.102 0
2139.22 298.983 0
2228.45 282.79 0
2450.05 289.55 0
4870.66 -1829.12 0
