-5.58731 60.188 0
1.32621 72.172 0
10.1045 49.623 1
78.706 -61.5526 1
90.6125 145.42 0
100.239 56.305 0
119.092 143.089 0
78.6356 223.964 0
8.22372 397.481 0
16.8091 476.002 0
-5.72641 563.979 1
-325.017 1099.82 1
-1590.22 1233.46 1
-1638.89 1247.9 0
-1644.03 1224.4 0
-1632.15 1196.24 0
-1593.94 1150.6 0
-1581.3 984.498 0
-1559.35 943.447 0
-1107.59 978.273 0
-1147.53 998.893 0
-1133.86 1046.73 0
-1106.75 1120.01 1
-1083.97 1213.91 1
-1411.35 1791.03 0
-1357.96 1864.74 0
-1408.39 1900.92 0
-1476.5 1934.85 0
-1547.58 1914.44 0
-1649.34 1926.99 0
-1450.67 1577.72 1
-1494.72 1583.89 0
-982.225 1187.73 0
-895.373 1354.58 0
-1154.62 1570.76 0
