-8.99119 -6.31255 0
-15.0097 46.4404 0
-11.1577 49.8608 0
-105.566 60.6367 0
-102.463 107.137 0
173.473 83.7962 0
126.117 138.735 1
461.137 87.7602 1
480.92 19.2288 0
507.846 -40.7083 0
534.175 -144.17 0
521.794 -96.7486 0
531.924 -58.7142 0
523.226 -16.3305 0
524.247 25.0461 0
497.307 47.3485 0
510.323 86.7442 0
534.28 76.4817 0
548.772 48.3788 1
507.172 91.315 1
499.598 66.9238 0
476.686 67.0869 0
401.57 11.9397 0
394.059 17.2889 1
424.643 15.9117 1
624.408 0.5493 0
635.913 -107.306 0
706.935 -215.053 0
755.493 -207.129 0
754.206 -207.071 0
822.565 -206.751 0
816.72 -235.727 0
831.386 -361.2 0
856.825 -377.639 0
814.575 -395.953 0
861.692 -395.619 1
1390.97 -452.478 1
1338.76 -396.746 0
1371.15 -401.227 0
2962.58 -540.18 0
2978.98 -532.636 0
3005.94 -493.667 0
2702.41 -91.5723 0
2656.53 -49.9992 0
2573.28 -29.8056 1
2502.76 28.2846 1
2272.51 -50.9777 1
1557.04 -333.567 1
1573.02 -287.006 0
1582.51 -266.678 0
1568.12 -291.858 0
1573.29 -306.551 0
1589.54 -348.275 0
1562.35 -335.357 0
1559.1 -341.076 0
1590.93 -264.996 1
1458.78 -652.087 1
1483.41 -640.592 0
1777.18 -743.069 0
1874.44 -797.227 1
1906.27 -727.905 1
1898.88 -735.037 1
1926.01 -718.651 0
