-24.1794 270.121 0
-14.6213 252.33 1
-7.21287 237.819 1
-16.4957 283.63 0
-17.4998 313.98 0
-14.9321 369.053 0
-72.3009 443.387 0
-63.3215 439.596 1
-331.837 274.532 1
-310.265 294.076 0
-188.316 311.339 0
-205.176 293.807 0
-268.027 369.645 0
-281.868 273.003 0
-213.833 376.708 0
-130.792 390.172 0
-141.748 451.455 0
-191.076 514.88 0
-84.9642 482.006 0
-100.295 456.464 0
-161.514 470.055 0
-172.349 402.076 0
-213.708 746.718 0
-919.929 2502.73 0
-961.895 2541.6 0
-995.595 2586.86 0
-1063.83 2629.79 0
-1058.66 2672.43 0
-1078.2 2714.93 0
-1094.86 2754.77 0
-1109.29 2656.69 1
1508.14 7968.25 1
