96.3421 -51.4242 0
161.125 -268.477 0
188.566 -274.717 0
119.646 -270.171 0
-29.7312 -90.2642 0
-153.73 116.425 0
282.65 -214.112 0
46.1645 -84.5203 0
187.452 -104.846 0
276.064 -117.37 0
-301.961 350.922 0
-281.976 247.5 1
-482.682 733.707 0
-564.633 860.54 0
-547.962 709.11 0
-451.308 640.955 0
-188.08 645.069 1
1734.75 -364.174 0
1702.88 -355.989 0
1784.01 -354.533 0
1887.33 -393.197 0
1911.44 -401.516 0
1855.23 -213.522 0
1865.56 -433.215 0
1838.69 -667.969 0
1873.68 -833.532 0
1906.49 -952.282 0
1919.21 -827.98 0
1984.53 -837.874 0
2049.77 -912.047 0
2039.83 -867.078 0
2021.59 -917.742 0
2005.4 -920.073 0
1971.57 -961.128 0
2046.67 -1026.73 0
2087.17 -885.784 0
2344.54 -985.533 0
2333.44 -995.726 1
2426.28 -1324.44 1
2506.84 -1311.75 0
2519.15 -1299.95 0
2519.53 -1093.16 0
2491.63 -1153 0
2546.81 -1179.6 0
2579.47 -1076.51 0
2864.44 -875.3 0
2800.37 -849.228 0
2756.32 -805.348 0
2719.21 -768.531 0
2685.72 -750.587 0
