12.6096 -30.8542 0
78.9461 -127.226 0
129.24 -151.737 0
128.401 -141.733 0
141.734 -107.266 0
135.687 -91.0538 0
139.593 -42.8109 0
172.511 90.5239 0
193.404 52.0154 0
198.266 -2.19589 0
214.86 -27.5572 0
190.324 -39.3106 0
230.821 -99.3048 0
211.069 -63.3681 0
201.93 -38.327 0
221.297 22.4364 0
226.67 27.5107 0
228.834 -11.0604 0
319.342 -200.862 1
317.102 -155.655 0
390.773 -111.889 0
392.188 -77.1647 0
129.181 -218.411 0
107.419 -177.793 0
95.6967 -125.449 0
42.4153 -72.1247 0
-5.6589 -27.3188 0
40.1119 14.9934 0
77.3333 117.496 0
133.063 150.016 0
1605.3 -170.607 1
1658.26 -135.688 0
1665.6 -123.582 0
1638.64 -106.209 0
1518.37 -86.5298 0
1824.91 -119.562 0
1805.25 -125.185 0
2394.07 -265.813 0
2392.58 -281.625 0
2359.93 -273.821 0
2165 -181.008 0
2179.65 -188.898 0
2219.75 -201.228 0
2162.1 -204.224 0
2703.97 -249.729 0
4403.33 -660.006 0
4533 -723.921 0
3429.8 -277.429 0
