107.742 -91.9185 0
-697.954 130.692 0
-692.104 135.439 0
-696.485 207.387 0
-707.554 240.162 0
-643.612 270.199 0
-675.162 348.933 0
-683.785 307.047 0
-692.444 343.673 0
-770.682 460.501 0
-753.978 491.844 1
-936.095 458.975 1
-857.873 427.503 0
-617.144 423.312 0
-730.568 508.568 0
-773.845 589.173 0
-792.625 641.133 0
-779.923 652.556 0
-811.711 644.262 0
-854.3 631.711 0
-777.174 643.735 0
-761.769 633.448 0
-786.258 586.824 0
-882.051 592.151 0
-851.464 553.738 0
-764.419 542.076 0
-271.852 211.366 0
-283.011 149.291 0
-442.812 87.8308 0
-599.091 162.303 0
-621.128 182.772 0
-559.531 175.085 0
-506.852 183.651 0
-516.775 217.391 0
-673.51 261.26 0
-721.264 224.395 1
-768.541 244.939 1
-733.569 335.399 0
-588.819 315.17 0
-2539.21 14.8009 1
-1930.16 170.515 0
-1963.01 294.934 0
-1902.53 400.592 0
-1763.92 356.146 1
-1284.18 52.8963 0
-1106.94 -97.8934 0
-1048.03 -19.8399 0
-1084.41 13.2175 0
-1105.44 12.8024 0
-1106.52 10.2289 0
-1114.63 -114.21 0
-1093.14 -89.9916 0
-1062.73 -61.0884 0
-1131.86 -53.1547 0
-970.289 99.3243 0
-1001.46 199.16 0
-1020.29 201.378 0
-1013.67 144.908 0
-969.419 109.959 0
-512.777 32.8314 0
-554.872 37.9891 0
-630.862 146.662 0
-693.017 179.631 0
-673.751 226.552 0
-675.657 261.825 0
-650.559 260.757 0
-458.424 -78.8058 0
-523.464 165.102 0
-414.906 -328.272 0
-411.351 -334.194 0
-453.18 -309.312 0
-468.358 -317.241 0
-465.372 -276.441 0
-486.09 -165.609 0
-560.711 -239.929 0
-620.857 277.714 0
-565.237 178.874 0
-535.27 165.467 0
-163.042 -316.407 0
1053.2 -711.319 0
-10955.3 -30825.8 0
-10916 -30826.4 0
-10967.9 -30788.5 0
-10985 -30764 0
-10991.5 -30603.7 0
-10977.8 -30592.4 0
-9222.79 -30871.1 1
