-80.4287 86.7843 0
-118.797 170.278 0
-114.382 258.655 0
-88.6912 276.292 0
-64.8477 260.396 0
-0.101395 353.257 0
70.6942 226.076 0
259.948 -42.1896 0
186.96 114.24 0
106.791 128.601 0
54.8981 187.997 0
70.306 283.228 0
40.853 282.737 0
250.928 -213.981 0
241.539 246.917 0
42.7522 292.315 0
61.9332 418.654 0
114.324 555.593 0
379.39 477.438 0
349.158 541.349 1
218.969 40.9452 1
255.748 57.8702 0
546.317 25.7325 0
167.516 84.7458 0
246.794 80.9571 0
190.597 360.652 0
214.3 446.064 0
680.383 223.635 0
680.416 101.244 0
701.543 140.788 0
716.935 166.146 0
686.021 246.824 0
591.312 372.094 0
741.552 302.944 0
649.337 504.688 0
710.688 392.253 0
1178.2 -149.515 0
980.132 -17.8124 0
1059.09 -13.9337 0
-1286.74 378.588 0
-1295.08 457.235 0
-1247.24 428.372 0
-1159.24 415.556 0
-1150.36 417.875 0
-1151.51 497.085 1
-3324 203.915 1
-3385.9 169.55 0
-3376.31 152.877 0
-3152.52 182.457 0
-3200.84 177.231 0
-3172.59 223.786 0
-3164.83 175.948 1
-3111.44 120.842 1
-3124.38 145.734 0
-3126.79 154.303 0
-3104.03 220.896 1
-21399.4 -1783.79 1
-21460.8 -1801.69 0
-21350.2 -1781.89 0
-20394.7 -1718.07 0
-20397.9 -1617.01 0
-20387.5 -1514.13 0
-20523.5 -1283.9 0
-20549.8 -1278.69 0
-20520.4 -1431.84 1
-20449.4 -1413.78 0
-20421.1 -1387.47 0
-20470.7 -1373.06 1
-20436.5 -1356.7 1
-20476 -1379.12 0
-21360.2 -1328.37 0
-21113.4 -1342.26 0
-21219.1 -1347.59 0
-21268.6 -1365.56 1
-21375.6 -1384.21 1
-21697.7 -1375.87 0
-21674.6 -1320.09 0
-21745.4 -1301.08 0
-21752 -1251.02 0
-21741.7 -1192.62 0
-21726.4 -1118.71 0
-21434.6 -909.946 0
-22571.5 -1046.08 1
-22738.9 -1069.14 0
-22753.9 -1044.48 0
-22672.9 -1032.35 1
-22621.3 -1096.21 1
-22631.2 -865.785 0
-22440.3 -1288.13 1
-22517.1 -1208.7 0
-23201.8 -745.724 0
-22825.8 -743.887 0
-23127.5 99.5711 1
-23513.7 799.437 0
-22869.8 3758.18 0
