130.183 7.82476 0
153.101 -12.1679 0
81.0007 29.1158 0
100.569 -127.862 0
60.7842 -147.367 0
74.7224 -80.0213 0
29.5645 1.33366 0
8.30336 -8.81972 0
17.5549 -79.592 0
186.727 -159.082 0
179.363 -190.374 0
90.6144 -294.415 0
273.529 -18.3048 0
207.819 3.91692 0
235.91 37.4394 0
-135.711 538.719 0
-154.306 489.245 0
-169.456 470.237 0
319.132 247.048 0
1138.67 255.865 0
1174 205.267 0
1153.89 143.819 0
1142.07 134.272 0
1098.01 197.571 0
1036.13 237.875 0
971.728 290.309 0
925.785 336.568 0
914.093 358.086 0
924.704 427.463 0
1043.92 388.793 0
926.437 523.646 0
855.372 557.244 0
776.126 516.376 0
733.322 450.883 0
751.171 402.376 0
721.517 411.602 0
584.828 310.47 0
482.487 207.956 0
502.245 229.558 1
505.062 250.795 1
573.53 243.924 0
632.216 112.188 0
594.524 123.136 1
34029.1 -7767.69 1
