-4.3088 21.213 0
17.9954 -64.3959 0
42.8124 -119.387 0
67.7103 -161.976 0
229.931 -224.678 0
185.573 -172.171 0
208.405 -130.041 0
215.617 -99.0387 0
197.545 -69.8664 0
201.774 -22.8414 0
295.655 -74.8708 0
259.351 -86.4284 0
225.808 -121.364 0
201.636 -136.285 0
189.297 -210.631 0
153.702 -154.567 0
110.952 -131.957 0
148.648 -63.0885 0
162.746 -50.4765 0
183.786 -56.391 0
211.65 -81.0128 1
436.044 -368.477 1
439.503 -372.248 0
431.729 -384.604 0
276.324 -439.006 0
240.526 -466.841 0
232.137 -479.735 0
230.397 -402.112 0
152.076 -252.239 0
132.773 -218.419 0
145.5 -229.721 0
677.087 -134.677 0
685.487 32.0668 0
725.764 -56.6521 0
728.302 -31.9589 0
738.261 69.885 0
686.326 196.321 0
775.66 370.555 0
776.217 433.372 0
714.452 473.253 0
708.45 478.995 0
803.601 905.094 0
720.466 673.656 0
950.777 627.322 0
956.372 696.3 0
918.451 886.864 0
844.591 1038.39 1
744.736 663.135 1
1051.62 589.386 0
1086.94 619.572 0
1126.57 613.948 0
1152.87 590.057 0
1164.22 535.062 0
1143.56 430.948 0
878.344 733.766 0
947.443 706.432 0
1023.08 695.376 0
1056.28 628.089 0
1060.97 405.99 0
1031.32 485.977 0
1067.07 1102.86 0
1048.72 1127.59 0
998.754 1127.3 0
942.755 1116.87 0
878.967 1116.28 0
875.245 1011.86 0
900.196 940.295 0
969.226 889.278 1
5067.48 -40.0786 1
2984.71 216.174 0
