-3.98721 -6.21542 0
-7.71693 -13.5254 0
-5.83083 -6.29063 1
-2.62174 -50.6325 1
54.4662 -87.7461 0
14.2159 -92.9667 0
7.26185 -54.8398 0
-75.3701 -37.4971 0
-77.5541 -87.5991 0
-94.1451 -97.154 0
-119.651 -104.826 0
-60.5274 -169.842 0
-31.4913 -197.912 0
128.719 -100.49 0
43.6025 94.43 0
52.0986 230.458 0
-338.065 1051.94 0
-304.388 925.976 0
-334.626 938.414 0
-291.016 968.637 0
-292.523 961.365 0
-286.879 979.286 0
-285.138 1026.01 0
-311.016 990.585 0
-307.493 1045.55 0
-377.965 1107.89 0
-371.114 1180.19 0
-978.469 1269.32 0
-927.574 1200.97 0
-596.798 953.157 1
-614.344 947.835 0
-630.766 1007.63 0
-641.164 1063.02 0
-621.438 1249.25 0
-610.938 1129.35 0
-646.988 1116.43 1
-389.847 238.449 1
-371.849 249.685 0
-335.356 191.884 0
-306.597 175.117 0
-216.245 148.656 0
-128.143 164.316 0
-148.375 216.981 0
-160.872 214.156 0
-136.481 230.009 0
885.866 -64.6243 0
891.978 -99.4317 0
882.83 -103.485 0
790.32 -36.8597 0
830.878 34.2807 0
815.586 58.8661 0
826.392 82.8016 0
824.222 95.4046 0
652.266 663.906 0
655.571 510.386 0
710.226 418.116 0
893.417 493.873 0
679.654 473.511 0
193.824 558.918 1
1846.45 389.915 1
1852.7 425.157 0
1818.83 464.533 0
1768.52 515.785 0
1822.48 539.893 0
219.212 1729.12 0
239.996 1778.98 0
-384.214 1990.58 0
-323.657 1961.61 0
-327.577 1849.89 0
-312.436 1804.81 0
-289.837 1757.06 0
366.829 1380.39 1
411.029 1329.02 0
-653.132 1655.41 0
1168.2 1669.34 0
1107.61 1857.71 0
1107.73 1891.09 0
1306.41 2523.77 0
1224.31 3021.82 1
1269.19 3051.95 0
1347.46 3101.31 0
1682.39 3196.54 0
1716.03 3321.6 0
1726.76 3280.73 1
1675.39 2664.7 1
1723.56 2507.82 0
1830.09 2516.04 0
1937.09 2507.09 0
1992.43 2459.61 0
