18.955 -19.8485 0
73.6957 18.8302 0
29.6766 82.6687 0
-8.26051 118.5 0
27.5691 82.3385 0
65.0461 77.1343 0
25.3687 77.3909 0
70.6202 44.4462 0
70.3693 87.3964 0
-39.0255 92.3659 0
-64.1172 229.488 0
9.01437 147.507 0
12.9625 83.8608 0
-26.5763 118.71 0
12.4119 105.414 0
70.9845 128.241 0
102.509 135.782 0
98.0027 153.104 0
32.4661 166.926 1
-22.9032 355.861 1
-20.1102 345.829 0
20.7805 87.5881 0
-34.0955 239.214 0
-59.7659 232.362 0
-89.0405 210.635 0
-174.398 161.437 0
-177.901 187.196 1
523.038 38.8606 1
520.931 -59.0418 0
498.583 -33.12 0
511.296 -86.8694 0
801.312 -48.8476 0
1014.76 66.7097 0
1020.44 149.835 0
986.968 195.716 0
956.134 237.567 1
898.867 217.752 1
948.551 187.972 0
1040.22 46.2964 0
1095.33 -49.6526 0
1063.94 121.593 1
1050.39 195.227 1
1032.98 167.431 0
1026.69 147.846 0
1022.13 91.1615 0
1125.72 1.94939 0
1113.01 28.7688 0
1045.65 -19.1141 0
1089.25 95.8475 0
1040.2 102.172 0
948.98 89.9278 0
1006.57 134.387 1
1551.56 351.092 1
1622.86 312.112 0
1632.25 306.342 0
1631.66 332.863 0
1637.52 355.079 0
1653.11 349.603 0
1628.08 372.745 0
1726.48 339.016 0
1698.86 390.218 0
1710.95 391.616 0
1782.74 320.879 1
1811 378.982 1
1757.49 556.279 0
1676.25 724.333 0
1663.22 828.76 0
1737.26 816.98 0
1984.45 -41.0443 0
2178.79 -54.8112 0
2276.3 -163.447 0
