-180.361 107.403 0
-332.227 46.2558 0
-23.9502 410.294 0
-47.9022 417.864 0
-73.0331 421.889 0
-8.21791 470.905 0
64.184 -88.667 0
87.4272 -123.017 0
114.728 -118.763 0
114.28 -100.455 0
188.784 -93.9378 0
218.905 31.8115 0
192.286 115.632 0
120.191 139.606 0
-3.33953 173.409 0
92.9507 201.828 0
197.944 259.409 0
331.167 320.285 0
351.417 326.768 0
295.473 339.565 0
301.116 403.251 0
472.244 469.839 0
465.538 478.214 0
483.707 494.572 0
540.115 433.578 0
579.827 455.643 0
721.928 485.367 0
807.816 444.238 0
943.023 455.725 0
922.804 472.288 0
878.638 474.055 0
845.526 486.6 0
839.25 486.377 0
895.629 424.607 0
914.464 433.239 0
1088.35 625.085 0
1113.78 633.09 0
1140.23 626.12 1
1158.11 574.595 1
1110.47 594.536 0
933.17 521.163 0
938.432 567 0
929.546 550.059 0
981.742 508.565 0
1064.63 523.238 0
1380.84 526.032 0
1226.71 553.101 0
1292.4 525.892 0
852.088 512.552 0
886.751 517.348 0
928.507 479.73 0
924.12 420.094 0
1238.08 423.861 0
2509.86 -513.28 0
2476.02 -566.258 0
2528.75 -594.597 0
2569.11 -655.556 0
2495.87 -658.572 0
2461.17 -614.118 0
2452.36 -524.121 0
