-0.029974 16.4751 0
6.16725 -11.1807 0
52.1883 -144.349 0
77.4608 -199.836 0
117.314 -161.891 0
120.093 -125.693 0
37.4821 -75.7389 0
51.5881 -46.8926 0
-8.44646 -24.4148 0
0.329778 11.3143 0
32.9696 95.0247 0
36.4404 134.109 0
-121.029 98.9111 0
2.27587 162.799 0
285.918 -11.4033 0
-126.767 140.06 0
20.6202 117.213 0
39.5195 66.3657 0
51.0774 -0.500679 0
123.16 -78.6052 0
166.388 -164.726 0
184.009 -171.402 0
131.077 -64.9485 0
126.495 -33.6049 0
139.964 19.0437 0
79.4071 61.6353 0
113.953 114.581 0
127.213 105.863 0
148.767 81.6058 0
107.309 98.1104 0
131.817 73.4622 0
152.734 103.092 0
107.894 90.0858 0
-193.237 23.7101 0
-163.968 -14.4007 0
-65.9378 29.9894 0
-131.353 74.1963 0
-222.037 71.0705 0
-178.181 123.439 0
-201.521 213.41 0
-282.344 293.141 0
-262.255 328.011 0
-187.424 355.096 1
49.5001 278.649 1
39.8741 212.582 0
-226.691 387.218 0
39.9462 291.11 0
-651.784 -180.531 0
-669.278 -177.972 0
-490.857 -172.952 0
-547.381 -157.872 0
-545.939 -107.387 0
-571.509 -80.6683 0
-512.552 -49.542 0
-415.3 -145.637 0
-331.772 -258.424 0
-336.267 -265.017 0
-347.728 -288.891 0
-335.57 -268.185 0
-388.803 -78.1967 0
-342.639 -137.616 0
-314.281 -292.253 0
-289.07 -331.007 0
-291.72 -307.304 0
-207.416 -656.977 0
-177.536 -630.163 0
-86.4048 -615.302 0
-63.8612 -602.706 0
-80.4121 -626.62 1
-298.357 -790.944 1
-326.525 -826.442 0
-308.406 -799.131 0
-36.368 -667.638 0
-6.52033 -636.536 0
104.447 -699.891 0
120.966 -730.934 0
184.76 -710.23 0
208.171 -680.78 0
227.152 -659.384 0
222.946 -640.246 0
217.863 -652.389 0
231.499 -634.347 0
208.419 -671.484 0
262.786 -698.751 0
53.0371 -634.992 0
126.124 -820.876 0
185.437 -788.473 0
206.124 -722.805 0
87.0908 -1209.51 0
96.8439 -1079.22 0
79.4691 -1078.53 0
-22.4585 -1332.4 0
-57.5916 -1311.18 0
-13.577 -1234.27 0
27.0063 -1215.2 0
-12.569 -1203.46 0
-266.729 -1235.37 1
-393.672 -1165.92 1
685.912 -36.3773 0
