3.31139 -24.0774 0
50.5821 -185.268 0
-36.4277 -138.291 0
-7.65297 -163.27 0
-0.893859 -131.251 0
-24.433 289.662 0
-10.3538 83.1217 0
-6.17532 103.898 0
12.5486 105.968 0
-68.9073 78.7054 0
20.9629 130.821 0
100.983 108.145 0
112.682 51.1873 1
-326.566 320.301 1
-293.483 309.423 0
-355.647 268.897 0
-376.779 232.159 0
-449.038 115.412 0
-512.92 74.9709 0
-509.955 92.7896 0
-529.023 128.647 1
-954.299 352.372 1
-720.949 368.198 0
-697.864 371.314 0
-596.848 386.721 0
-559.763 320.274 0
-596.992 343.748 0
-516.626 159.182 0
-568.712 153.983 0
-598.495 149.384 0
-576.747 156.338 0
-629.858 213.888 0
-654.241 269.162 1
-497.301 316.684 1
-569.788 370.231 0
-524.955 544.256 0
-545.193 625.93 1
1758.8 -907.506 1
1739.64 -875.284 0
1739.34 -868.543 0
1402.1 -877.865 0
1447.48 -909.843 0
1462.86 -915.873 0
1448.03 -922.127 0
1463.07 -915.919 0
1451.02 -900.964 0
1440.47 -871.542 1
1897.11 -653.722 1
1896.83 -683.674 0
1752.94 -684.354 0
1962.6 -770.186 0
1773.3 -705.759 0
1688.88 -544.155 0
1666.46 -482.369 0
1731 -432.256 0
1882.93 -391.211 0
1847.97 -358.331 0
1866.73 -317.042 0
1863.42 -250.606 0
1853.88 -255.319 0
1778.02 -370.653 0
1539.06 -120.963 0
1586.07 -79.9649 0
1579.32 -102.628 0
1591.66 -155.619 0
2224.99 -542.053 0
2255.6 -505.362 0
2495.31 -760.224 0
2547.09 -775.849 0
2707.78 -854.624 0
2777 -775.579 0
2865.43 -806.954 0
2899.72 -840.227 0
2822.77 -779.407 0
2743.92 -750.114 0
3088.75 -695.709 0
2232.75 -768.106 0
2225.29 -793.571 0
2185.89 -842.85 0
2170.44 -851.49 0
1910.32 -861.136 0
2168.68 -877.323 0
2144.3 -883.567 0
2167.57 -925.73 0
2205.49 -1053.26 0
2182.3 -1047.99 0
2182.17 -1041.15 0
2183.14 -1042.22 0
2209.13 -1033.52 0
2241.9 -1029.61 0
2263.61 -1002.11 0
2288.27 -982.683 0
2296.31 -917.596 0
2323.28 -986.311 0
2267.71 -973.152 0
2253.85 -967.713 1
2210.71 -942.807 1
2376.22 -941.759 0
2338.63 -940.09 0
2332.5 -871.059 0
2510.18 -776.411 0
2533.95 -824.321 0
2596.21 -850.318 0
1535.4 -269.799 0
1712.77 -358.427 1
1850.69 -529.514 1
1852.05 -552.776 0
1872.14 -559.894 0
1869.47 -540.111 0
1940.04 -426.692 0
1465.45 -490.756 0
1814.56 -432.942 0
1680.27 -427.925 0
