36.7532 17.7091 0
338.514 283.029 0
577.977 192.116 0
868.034 93.2508 0
898.668 19.51 0
931.007 -27.6968 0
935.708 -25.0432 0
884.679 33.4754 0
809.485 41.3063 0
811.858 120.962 0
863.44 113.785 0
848.751 167.557 0
910.915 214.602 0
1139.15 222.812 0
1141.19 204.61 0
1121.87 259.834 0
1065.57 252.14 0
1023.6 312.574 0
992.08 348.45 0
984.577 370.091 0
1060.19 214.398 1
1110.81 105.91 1
1118.23 133.712 0
1138.66 134.394 0
1089.31 265.479 0
1110.54 256.288 0
1092.5 280.273 0
1073.77 285.986 0
1077.24 305.425 0
1072.47 315.597 0
1117.47 326.161 0
1545.72 322.892 0
1412.42 510.989 0
1481.59 542.13 0
1531.87 550.732 0
1584.18 587.535 0
1648.75 630.114 0
1651.57 753.133 0
1579.7 1056.78 1
1475.03 1495.36 1
1504.84 1470.06 0
1496.03 1466.43 0
1119.47 1464.29 1
1145.69 1457.53 1
1262.6 1488.97 1
1230.98 1506.21 0
1260.41 1457.83 0
1293.47 1431.71 0
1334.63 1407.54 0
1520.13 1243.52 0
1721.99 963.385 0
1697.66 1022.33 0
1686.67 1110.66 0
1738.01 1060.74 0
1917.62 1108.23 0
1853.87 1056.46 0
1843.16 1052.63 0
1922.19 1243.24 0
1922.76 1270.29 0
1939.1 1374.1 1
2150.67 1242.49 1
2089.46 1257.02 0
2086.72 1248.69 0
2051.38 1244.15 0
2091.92 1163.79 0
2071.47 995.045 0
2072.25 967.192 0
2110.86 1011.36 0
