62.765 24.2692 0
136.013 130.412 0
211.153 92.8394 0
234.308 39.8069 0
242.143 -6.56717 0
335.032 -78.1659 0
364.647 0.952225 0
378.191 36.1328 0
403.189 34.7234 0
310.989 52.6166 0
364.312 17.3117 0
545.472 -309.395 0
529.358 -231.187 0
529.121 -162.759 0
526.656 -95.4681 0
543.957 -43.9983 0
535.631 40.1684 0
620.56 25.0835 0
546.639 79.6844 0
531.809 82.9153 0
508.387 146.37 0
322.5 312.584 0
314.108 296.809 1
991.645 1086.3 1
757.32 5471.15 0
719.631 5574.8 0
654.753 5593.63 0
680.599 5556.53 0
724.454 5589.69 1
707.071 5606.36 1
637.939 5149.57 0
619.151 5209.66 0
623.654 5281.79 0
810.89 5481.93 0
741.878 5531.34 1
571.691 5196.39 1
1444.87 6509.12 0
1540.79 6307.61 0
1511.31 6373.96 1
1867.45 6083.62 0
