-31.7269 25.3191 0
-10.3522 63.3325 0
-93.3546 72.2672 0
50.1217 147.932 1
71.0892 167.8 1
48.8517 134.448 0
42.0196 158.337 0
45.4697 185.666 0
42.4637 161.986 0
-163.864 119.96 0
-231.28 105.454 0
-40.9462 99.522 1
-48.8697 115.933 1
-34.4861 169.789 0
24.4213 187.367 0
21.1189 198.799 0
174.618 142.081 0
182.079 128.497 0
198.118 86.5247 0
194.678 97.5237 0
170.239 147.122 0
115.358 125.02 0
203.458 117.166 0
381.241 52.9032 0
414.867 21.7903 1
-231.164 33.8406 1
-264.409 103.765 0
-437.004 281.329 0
-377.306 279.073 0
-295.926 257.734 0
-273.161 253.668 0
-310.693 294.718 0
-218.745 268.516 0
-259.569 310.983 1
741.439 -88.924 0
653.433 12.367 1
768.407 -0.78376 0
727.524 154.785 0
978.829 -191.442 0
934.491 -105.403 0
839.496 -110.671 0
772.976 -123.414 0
780.548 -169.055 0
760.639 -37.3395 0
872.666 -152.614 0
869.977 -163.102 0
-282.38 419.351 0
-266.937 415.953 1
-204.169 307.621 1
-162.295 339.223 0
-89.892 446.687 0
-1100.48 211.185 0
-1395.33 349.441 1
-1395.38 390.931 0
-1440.7 444.028 0
-1359.47 439.587 0
-1420.66 407.685 0
-1372.63 367.556 0
-1359.43 430.624 0
-1335.27 463.166 0
-1519.52 676.212 0
-1539.14 728.465 0
-1527.29 750.122 0
-1502.32 767.879 1
-5477.76 2138.22 1
-5532.58 2170.11 1
-5604.68 2164.57 1
-5685.62 2237.19 0
-5744.84 2391.96 0
-5353.93 2270.6 0
-5585.55 2418.29 0
-6661.49 1640.51 0
-5943.66 2654.91 0
-5914.85 2686.17 1
-5950.04 2533.15 0
-5973.32 2580.57 0
-6363.99 2278.4 0
-6331 2260.84 0
-6358.11 2318.57 0
-5373.72 2221.42 0
-5409.75 2259.31 0
-5455.96 2326.81 1
-5298.39 2124.77 1
-5144.85 2078.29 1
-5052.62 2145.56 0
-5095.57 2105.65 0
10039.9 5049.53 0
