16.8328 69.5845 0
4.87329 88.1411 0
3.01344 42.4604 0
120.972 -42.0094 0
468.258 -80.1777 0
480.78 -106.623 0
485.283 -87.0106 0
452.306 -56.3219 0
479.856 -62.1066 0
477.991 27.519 0
481.742 121.306 0
512.607 135.13 0
515.19 87.392 0
584.587 -41.9521 0
634.829 -104.367 0
685.935 -160.18 0
667.603 -170.545 0
705.627 -155.911 0
733.897 -76.6435 0
738.777 -57.005 0
762.928 -16.4073 0
800.552 -31.6795 0
970.393 -62.5417 0
978.489 -136.728 0
948.163 -268.295 0
872.088 -179.426 0
899.934 -213.276 0
829.335 -119.886 0
847.107 -133 0
722.331 236.458 0
709.546 322.527 0
731.001 345.377 0
744.126 308.478 0
736.667 208.186 1
756.243 374.614 1
761.314 303.624 0
727.739 367.07 0
686.411 516.92 0
722.809 385.746 0
768.975 138.85 0
638.427 240.875 0
558.228 337.392 0
583.322 606.042 0
602.529 630.312 1
408.075 438.4 1
351.369 392.194 0
365.839 448.539 0
420.59 494.552 0
469.588 564.776 0
475.256 670.797 0
760.036 357.988 1
726.495 390.819 0
777.606 242.648 0
3136.71 1093.04 0
3113.87 960.663 0
3160.59 935.662 0
