-40.946 -63.0394 0
-57.0982 -67.0601 0
-91.2237 -0.40609 0
-102.515 44.921 0
-139.023 86.4307 0
-140.124 101.215 1
30.5712 97.9022 1
-39.8876 248.244 0
6.91148 91.3278 0
51.4796 29.8742 0
92.4509 -22.4907 0
97.7846 -79.3461 0
161.751 -173.285 0
117.883 -137.898 0
128.147 -45.6769 0
151.218 -12.9435 0
137.608 -118.139 1
58.9066 -312.351 1
297.376 -255.241 0
278.741 -305.235 0
310.838 -311.722 0
499.261 -265.125 0
495.165 -275.204 0
931.74 -77.9819 0
938.51 -44.2279 0
981.086 -171.385 0
884.808 -221.445 0
901.622 -239.008 0
965.53 -213.276 0
892.195 -203.485 1
797.317 -170.558 1
808.558 -141.67 0
849.073 -95.2992 0
847.801 -77.1817 0
837.072 -117.704 0
829.49 -143.403 0
815.572 -151.653 0
845.315 -167.604 0
807.811 -213.712 0
812.306 -148.206 0
811.342 -122.881 0
840.546 -108.69 0
695.317 -159.575 0
681.16 -103.047 0
723.782 -62.2672 0
730.387 -66.5486 0
732.922 -29.2216 1
-314.093 185.709 1
-339.653 261.512 0
9.07635 153.335 0
86.6227 107.786 0
51.5173 178.634 0
-6.42851 258.962 0
-48.0735 318.001 0
-56.2646 361.326 0
-46.61 377.445 1
457.464 152.8 1
120.897 395.23 0
115.856 309.668 0
75.8001 312.296 0
-36.8143 248.501 1
40.1351 290.752 1
42.7185 269.794 0
101.418 256.026 0
96.3616 283.849 0
76.9787 297.571 1
-196.887 345.934 1
-161.509 376.802 0
-203.705 411.907 0
66.7254 376.191 0
547.818 805.158 0
547.079 859.306 1
603.416 856.2 1
1749.96 -10.6674 1
1748.75 -14.2809 0
1729.23 -68.0134 0
1750.17 -136.854 0
1782.97 -158.754 0
