245.211 -40.0891 0
424.703 -105.362 0
510.389 -152.336 0
484.897 -182.356 0
448.368 -257.772 0
396.588 -228.222 0
365.519 -218.892 0
354.305 -204.825 0
354.585 -238.818 0
353.718 -219.81 1
304.364 -1.39807 1
260.455 76.0569 0
287.349 -25.8992 0
306.147 -95.618 0
283.908 -43.9801 0
285.383 2.40164 0
440.597 32.5328 0
400.818 62.8556 0
586.701 -181.89 0
538.976 100.415 0
613.236 215.199 0
704.594 120.358 0
754.038 53.281 0
771.105 110.241 0
704.668 81.9097 0
671.241 93.2517 0
598.647 131.598 0
554.036 182.897 0
548.098 176.587 0
633.585 275.378 0
625.59 307.483 0
651.309 302.001 0
949.344 183.713 0
880.9 269.105 0
807.114 202.349 0
818.792 207.341 0
1001.87 179.329 1
941.904 328.724 1
939.271 277.069 0
942.845 311.717 0
980.827 288.579 0
1150.39 70.8085 0
1181.08 22.49 0
1213.27 2.1275 0
1197.89 -46.5906 0
1144.46 0.509182 1
423.065 -200.471 0
435.422 -198.462 0
526.354 -167.816 0
536.634 -193.486 0
856.014 -277.284 0
880.687 -313.167 0
551.953 -292.206 0
591.133 -254.572 0
642.391 -212.148 0
619.813 -207.732 0
625.533 -205.881 0
638.071 -204.501 0
594.381 -156.298 1
5309.08 -8667.73 1
4562.92 -7865.1 0
4610.56 -8719.8 0
5342.88 -9578.8 0
5738.85 -9536 1
