-59.9093 81.2841 0
-61.1093 122.142 0
-115.469 76.2996 0
-62.8409 79.3635 1
-102.453 -180.247 1
-98.4397 -201.547 0
-95.4369 -192.737 0
-81.3925 -247.928 1
-70.4354 -279.915 1
-118.018 -276.243 0
-30.2748 -273.659 0
277.878 -445.171 0
289.711 -462.627 0
270.49 -504.114 0
258.52 -583.506 0
249.931 -552.177 0
336.472 -470.606 0
327.656 -431.961 0
314.399 -350.442 0
322.564 -324.02 0
308.088 -273.975 0
237.503 -310.54 0
221.199 -312.99 0
407.311 -252.447 0
73.9429 21.8879 0
35.9847 109.898 0
-41.933 191.473 0
-8.21608 238.664 1
-883.755 956.316 1
-948.753 991.091 0
-848.835 994.377 0
-839.229 1032.44 0
-932.31 1085.52 0
-1301.62 1169.92 1
-976.924 1132.36 0
-908.736 1110.84 0
-871.948 1140.56 0
-849.892 1147.81 1
-2792.15 -345.758 1
-2791.62 -314.185 0
-2783.92 -310.353 0
-2755.5 -399.525 0
-2733.44 -432.455 0
-2601.07 -556.17 0
-2682.27 -578.934 1
-2716.89 -542.79 1
-2978.9 -558.975 1
-3363.7 -735.971 1
-1080.96 -409.06 0
-1059.81 -814.383 0
-1195.69 -717.54 1
-1043.4 -660.95 1
-1154.85 -543.746 0
-890.803 -609.393 0
-938.477 -500.785 0
-949.006 -419.481 0
-640.585 -533.186 0
-727.976 -290.959 0
-451.915 -2128.7 0
