111.105 -161.465 0
142.29 -79.295 0
-140.622 -46.4399 0
-147.386 3.32725 0
-101.238 69.4843 0
-62.7195 60.4878 0
13.5458 14.217 0
33.7177 34.532 0
183.225 -6.79305 0
187.101 -104.049 0
943.754 -475.47 0
957.644 -577.543 1
919.555 -614.919 1
869.088 -591.195 0
844.535 -577.498 1
790.153 -599.766 1
792.41 -592.188 0
812.912 -554.715 0
820.406 -549.767 0
821.221 -537.823 1
851.735 -522.574 1
860.55 -539.198 0
837.924 -499.359 0
903.97 -520.31 1
904.393 -449.756 1
903.989 -408.908 0
912.809 -355.489 0
897.489 -363.682 0
879.85 -317.594 1
823.437 -239.127 1
803.728 -178.654 0
799.724 -115.286 0
837.707 -84.5955 0
847.964 -42.5719 0
790.966 12.5778 0
840.864 35.184 0
785.358 24.586 0
903.868 17.3365 0
1063.42 -244.496 0
1049.47 -227.793 0
1063.02 -218.698 0
1056.02 -137.915 0
1088.04 -109.526 0
1095.49 -66.7386 0
1081.95 28.9431 0
1064.59 3.82138 0
1111.04 -204.693 0
1116.23 -212.412 0
1126.75 -199.515 0
1202.12 -160.813 0
1234.22 -41.861 0
1231.77 -35.141 0
1207.69 24.8078 1
2134.21 -288.262 1
2118.26 -263.945 0
2021.72 -294.955 0
2100.97 -148.847 0
2129.11 -145.821 0
2190.27 -69.2965 0
2206.64 -16.9689 0
2142.81 1.5413 0
2122.44 43.0827 1
2084.32 50.3971 0
2021.52 -16.2875 1
2067.91 -26.2558 0
2090.72 -116.113 0
2112.5 -189.183 0
2147.05 -237.132 0
2325.47 -409.439 0
2394.79 -365.456 0
2446.24 -407.743 0
2424.96 -359.749 0
2398.1 -158.203 0
2445.06 -251.571 0
2466.24 -195.115 0
2433.67 -169.673 0
2308.37 -126.656 0
2265.78 -150.346 0
2352.08 -157.436 0
2367.33 -195.289 0
2353.59 -349.048 0
2481.56 -323.027 0
2520.71 -245.048 0
2495.63 -173.906 0
2479.49 -193.129 0
2450.84 -161.081 1
1774 -386.33 0
1728.63 -375.169 0
1740.94 -370.859 0
1730.11 -351.908 0
1662.67 -244.181 0
1627.96 -261.464 0
1603.14 -268.096 1
1535.05 -313.047 1
1665.36 -122.724 0
1657.08 -123.539 0
1661.66 -129.421 0
1629.98 -121.104 0
1924.33 38.0846 0
2036.97 -8.9766 0
2040.53 -45.2964 0
2027.47 -67.5977 0
1988.51 -61.3976 0
2212.28 -50.1124 0
2235.12 -130.502 0
2373.52 -224.734 0
2429.61 -123.096 0
2564.34 -62.4377 0
2500.81 -13.3713 0
2566.76 18.2833 0
