-25.4804 101.369 0
21.4018 132.176 0
-40.1578 198.316 0
-71.4356 231.331 0
-57.0435 224.193 0
54.3964 146.041 0
33.1522 96.5792 0
-5.2848 -20.0387 1
101.026 41.1144 1
70.2605 191.861 0
85.0295 230.806 0
96.3246 288.119 0
108.826 351.267 1
789.068 -587.703 1
755.999 -678.952 0
769.49 -796.913 0
728.82 -802.557 0
768.588 -787.774 0
779.873 -724.506 0
800.349 -784.115 0
939.782 -866.267 0
965.105 -830.789 0
933.761 -891.916 0
956.52 -833.576 0
972.884 -804.641 1
1040.2 -1149.22 1
1006.83 -1071.12 0
965.7 -1041.69 0
1027.85 -800.126 1
212.828 -1209.96 0
221.06 -1234.72 0
316.546 -1178.99 0
284.681 -1129.29 0
232.592 -1071.25 1
2204.98 -967.601 1
2214.81 -1141.92 0
2114.52 -1137.5 0
2121.63 -1140.15 0
2098.79 -1128.76 0
2097.35 -1069.85 0
2047.77 -960.329 0
1905.38 -854.427 0
1891.22 -778.191 0
1730.2 -666.686 0
1676.97 -602.276 0
2048.45 -463.557 0
2161.07 -617.385 0
2211.63 -744.088 0
1999.52 -398.83 0
2050.51 -126.942 0
2081.6 -56.1153 0
2025.07 -66.8818 0
1945.94 -47.7478 0
1877.27 -57.2805 0
1906.79 -235.209 0
1513.56 -1368.55 0
1473.57 -1295.91 0
1470.72 -1314.44 0
1489.81 -1361.59 1
2884.19 -1984.91 0
2865.83 -1950.23 0
2887.01 -1950.97 0
2839.7 -1874.86 0
2797.59 -1841.84 0
2753.19 -1752.25 1
2791.47 -2253.93 1
2755.89 -2184.58 0
2691.92 -2119.21 0
2634.45 -2149.75 0
2646.42 -2309.87 0
2667.15 -2369.39 0
2674.87 -2420.98 0
2662.39 -2427.35 0
2666.38 -2390.73 0
2954.13 -2496 0
2864.94 -2427.54 0
2903.45 -2459.07 0
2902.37 -2436.43 0
2902.48 -2422.62 0
2863.45 -2436.88 0
2867.17 -2392.8 0
2792.08 -2237.82 0
2655.89 -2205.32 0
3042.64 -2488.42 1
2873.92 -2059.41 0
