-0.524303 12.2518 0
12.6422 8.97393 0
1.23343 -17.6638 0
25.309 -37.7324 0
13.5171 -23.5824 0
233.25 13.0375 0
289.646 83.1886 0
263.969 146.438 1
292.224 -152.193 1
335.061 -143.397 0
325.275 -117.418 0
322.633 -142.302 0
320.972 -116.522 0
288.759 -131.135 0
286.934 -154.957 1
336.357 -201.118 1
370.536 -206.592 0
318.8 -183.046 0
278.926 -224.716 0
267.922 -214.043 0
359.105 -119.432 0
417.036 -60.996 0
515.758 18.6825 0
491.058 45.9467 0
446.909 63.7659 0
375.675 113.412 0
200.336 122.242 0
244.321 79.3266 1
790.78 804.296 1
834.843 790.68 0
823.681 744.015 0
780.585 638.046 0
775.724 529.238 0
785.779 406.352 0
858.282 308.129 0
807.176 255.898 0
812.164 246.716 0
811.105 275.052 0
827.247 275.071 0
765.756 316.428 0
703.332 275.814 0
690.228 267.953 0
662.874 239.188 0
675.464 261.593 0
569.964 387.179 0
752.693 358.105 0
223.955 607.417 0
148.043 615.734 1
21464.8 8370.17 1
21536.9 8058.7 1
21552.6 7981.18 0
21574.3 7795.6 0
21562.9 7780.99 0
21535.9 7933.97 0
21485.9 7967.68 0
21467.3 8003.22 0
21491.6 8009.33 0
21536.6 8043.82 1
21800.3 8242.54 1
21774.2 8192.74 0
21661.9 8310.54 0
21650.7 8317.77 0
21665.3 8337.9 1
21666.5 8327.86 1
21637.1 8317 0
21631.1 8286.51 0
21689.8 8258.64 1
21576.8 8346.43 1
21615.8 8349.07 0
21644.2 8375.52 0
21627.8 8377.8 0
21622.6 8382.78 0
21563 8432.88 0
21568.7 8425.65 0
21581 8445.07 1
22750.6 7776.5 1
22758.6 7835.3 0
