-4.04475 26.6477 0
20.2327 159.922 0
-63.8131 60.2521 0
20.9549 -160.801 0
89.7405 -211.745 0
89.5203 -187.183 0
116.324 -157.096 0
92.234 -30.1789 0
118.001 20.776 0
122.107 69.3628 0
115.199 131.215 0
139.766 166.878 0
118.266 183.588 0
170.215 191.732 0
172.996 222.976 0
125.959 221.75 0
116.207 324.734 0
145.192 183.517 0
274.648 18.1402 0
332.991 11.5793 0
323.324 72.331 0
290.441 155.88 0
101.085 216.787 0
173.861 268.987 1
-629.611 438.356 1
-635.411 450.642 0
-627.667 429.751 0
-657.25 449.283 0
-507.799 76.491 0
-276.413 391.855 0
-39.3566 292.968 0
3142.85 -214.912 1
3148.1 -177.199 0
3125.29 -143.463 0
3142.22 -208.265 0
3078.51 129.716 0
1425.83 5479.83 1
1315.8 5508.89 0
1303.09 5565.41 0
1403.76 6161.35 0
1587.37 6166.96 1
3174.08 8429.4 1
3256.15 7995.85 0
3265.6 7923.11 1
3209.02 7874.05 0
3131 7835.12 0
3142.43 7815.74 0
3121.52 7764 0
3077.94 7752.59 0
3045.01 7747.23 0
3204.03 7770.04 0
3112.46 7820.45 0
3003.79 7820.97 1
2980.86 7836.42 1
3236.87 7805.89 0
2469.91 8233.83 0
2510.81 8242 1
2310.13 7992.66 1
2227.41 7957.39 0
9378.19 7457.42 0
9778.71 10556.8 0
9725.97 10621.9 0
9697.22 10501.9 0
9668.32 10533.6 0
9788.64 10428.7 0
9559.28 10744.2 0
5496.03 9580.04 1
5735.68 9523.84 0
5971.71 9477.51 1
5093.16 9549.89 1
4971.29 9499.52 0
5768.48 8938.59 0
5748.38 8913.65 0
5808.09 8871.2 0
5719.29 8937.62 0
