43.6499 38.0572 0
18.373 70.0476 0
-88.1432 89.3917 0
-74.3397 135.984 0
173.532 -259.098 0
168.977 -228.194 0
127.873 -180.062 0
128.973 -123.672 0
110.554 10.7281 0
51.4686 113.588 0
64.6423 117.808 0
97.2238 149.313 0
157.114 118.899 0
192.387 74.4227 0
302.071 54.2084 0
291.514 47.2968 0
1621.09 -417.919 0
1625.22 -449.551 0
1517.2 -503.568 0
1384.07 -419.385 0
1325.79 -383.657 0
1246.16 -523.951 0
1277.09 -533.86 0
1386.7 -467.616 0
1463.2 -414.407 0
1602.32 -316.38 0
2189.58 -490.276 0
-797.428 -3052.01 1
-768.353 -2931.22 0
-805.677 -2878.96 0
-841.989 -2857.5 0
-854.027 -2837.09 1
-705.929 -2968.14 1
-688.362 -2969.36 0
-670.956 -2961.65 0
-666.423 -2903.59 0
74.4816 -2780.75 1
41.951 -2752.64 0
69.5798 -2712.75 0
134.678 -2595.98 0
144.592 -2626.21 1
159.35 -2778.09 1
107.544 -2756.13 0
87.6069 -2787.15 0
110.262 -2811.58 1
158.601 -2855.45 1
106.602 -2832.26 0
97.6282 -2891.33 0
84.5915 -2968.33 0
-3.50851 -3080.21 0
34.2106 -3092.98 0
52.7524 -2971.66 0
-24.2398 -2849.25 0
97.9691 -2707.66 0
94.3918 -2613.46 0
198.66 -2386.51 0
246.943 -2393.54 0
244.677 -2344.81 0
253.984 -2256.49 0
169.213 -2212.42 0
191.341 -2140.94 0
502.757 -1950.51 0
661.566 -2305.75 0
628.31 -2277.53 0
654.061 -2284.2 0
498.176 -2448.78 0
547.821 -2457.52 0
582.269 -2442.79 0
611.287 -2383.11 0
659.187 -2319.94 0
531.574 -2600.52 0
