1.34635 0.315671 0
75.8092 107.15 0
147.424 89.9208 0
209.721 163.131 0
256.099 192.208 0
308.959 273.677 0
320.424 327.056 0
275.313 366.554 0
-150.307 375.699 0
-116.244 411.199 0
-194.762 585.074 0
203.741 628.426 1
608.227 271.559 0
594.154 233.299 0
509.715 186.731 0
884.045 107.355 0
913.325 138.481 0
911.891 165.092 0
898.765 215.011 0
882.035 272.827 0
872.073 314.908 0
880.066 390.496 0
900.563 445.864 0
906.568 427.429 0
809.635 448.959 0
797.529 424.766 0
813.496 352.765 1
808.263 251.042 1
733.648 444.226 0
797.201 429.011 0
886.628 470.861 0
765.213 523.777 0
776.464 535.459 0
731.79 538.949 0
790.227 627.159 0
759.06 691.736 0
741.176 734.698 0
296.925 871.168 0
349.262 892.051 0
668.582 691.908 1
697.706 791.263 0
949.056 770.403 0
953.58 762.023 0
1192.29 693.229 0
1260.09 591.785 0
1582.46 24.2217 0
1602.36 -56.8623 0
-128.155 3162.46 0
-339.023 3013.71 0
-267.981 2976.91 1
3626.18 18931.3 0
3687.18 18980.7 0
3627.92 19016.3 0
3663.23 19191.6 0
3721.43 19137.9 0
3807.65 19053.7 0
3770.93 19012.2 0
3886.17 18832.3 0
