80.7908 -25.0504 0
92.4681 -29.817 0
83.7178 -28.2229 0
25.1899 75.4095 0
-55.1944 79.2697 0
-25.6432 85.2227 0
-4.8138 115.955 0
-2.96834 163.489 0
364.766 359.698 0
267.428 376.964 0
235.446 470.689 0
265.439 516.991 0
486.872 375.014 0
422.94 330.164 0
435.034 242.511 0
473.125 199.617 0
507.367 157.221 0
526.014 125.025 0
518.203 67.5612 0
547.288 36.5407 0
611.662 -87.6906 0
600.982 -49.5218 0
387.747 -100.536 0
357.051 -40.5312 0
922.141 -214.311 0
933.223 -244.709 0
931.392 -247.516 0
922.25 -285.147 0
935.279 -313.109 0
960.974 -292.194 0
956.543 -212.256 0
1043.19 -162.569 0
1058.36 -102.011 0
1056.44 -69.8384 0
1112.25 -52.8534 0
1139.71 -85.2958 0
1173.25 336.388 0
1180.61 289.462 0
1346.36 251.883 0
1399.8 222.718 1
2040.04 559.118 1
2030.53 533.855 0
1968.84 379.268 0
2021.56 432.236 0
2055.12 568.347 0
1998.32 640.85 0
1994.17 679.716 0
2018.78 653.01 0
1434.54 -115.561 0
1533.11 -181.403 0
1533.69 -193.111 0
1402.45 -284.557 0
1404.94 -287.442 0
1421.9 -422.338 0
1466.03 -424.994 1
-3173.93 822.303 1
-3132.98 825.543 1
-2746.95 498.954 0
-2726 477.347 0
-2593.73 413.546 0
-2381.7 487.185 0
-1284.76 206.846 0
-1317.3 181.826 0
