21.3034 -15.0999 0
108.261 -130.673 0
140.453 -211.884 0
245.79 -336.962 0
175.152 -265.48 0
123.416 -147.827 0
158.145 -194.267 0
187.846 -271.27 0
200.699 -237.936 0
189.604 -227.367 0
265.214 -314.588 0
334.687 -372.021 0
275.561 -262.802 0
520.279 -194.464 0
527.065 -222.727 0
518.268 -143.202 0
550.566 -106.568 0
522.887 -124.008 0
527.781 -96.0934 0
493.577 -50.0888 0
520.474 -24.8526 0
497.935 43.9099 0
542.899 78.6788 0
587.437 70.5439 0
651.852 82.7304 0
582.871 202.998 0
555.105 216.629 0
489.194 239.51 0
374.9 231.916 0
191.726 243.405 1
179.59 235.817 1
223.036 171.201 0
265.188 99.9352 0
244.544 47.034 0
289.104 72.7458 1
322.754 169.61 1
367.288 105.886 0
390.976 22.3953 0
458.355 -33.5551 0
516.048 -60.8631 0
558.13 -77.0867 0
517.872 -100.751 1
1476.41 -4020.99 1
1495.99 -4118.24 0
1469.36 -4144.33 0
1441.92 -4128.62 0
1449.19 -4138.86 0
1523 -4151.02 0
1463.53 -4150.05 0
1394.69 -4176.53 1
1398.92 -4177.21 1
1355.52 -4154.98 0
1362.69 -4148.46 0
2279.02 -4382.46 0
2263.61 -4233.78 0
2276.74 -4095.42 0
2756.74 -4107.17 0
2846.56 -4075.32 1
2861.77 -4148.59 1
2910.05 -4155.25 0
2932.59 -4270.11 0
2921.7 -4223.93 0
2906.13 -4199.2 0
2893.55 -4110.05 0
2859.23 -4004.5 0
2833.05 -3870.96 0
3460.35 -4927.62 0
3925.49 -2987.19 0
3872.94 -2944.31 0
3828.04 -2935.56 0
3790.58 -2893.95 0
3781.39 -2899.94 0
3864.81 -2990.32 0
3856.43 -2994.67 1
3847.59 -2976.51 1
3879.04 -2995.12 0
3867.21 -3022.92 0
3844.2 -3038.53 0
3975.3 -3219.45 0
3981.56 -3241.22 0
4029.19 -3278.76 0
4140.06 -3417.42 0
4185.28 -3449.75 0
4233.85 -3455.36 0
4263.4 -3526.58 0
4298.02 -3527.73 0
4270.65 -3558.75 0
4049.51 -3596.83 0
4575.74 -3710.48 0
4506.27 -3702.54 0
4372.35 -3664.63 0
