72.9594 62.5277 0
37.411 32.8498 0
96.5997 -40.1328 0
61.5731 -18.2 0
61.0945 -91.3831 1
109.132 -98.069 1
234.945 -178.953 0
265.132 -56.6068 0
-39.3118 15.2179 0
24.3614 41.8675 0
291.219 -59.4176 0
281.744 77.7021 0
256.868 -140.476 0
264.457 -99.7752 0
255.169 -91.2599 0
235.974 -105.34 1
307.077 -165.732 1
291.248 -126.254 0
290.27 -104.847 0
325.112 -31.268 0
387.509 -11.5109 1
398.181 22.6933 1
438.49 -122.526 0
434.655 -157.77 0
451.799 -182.117 0
407.806 -192.172 0
388.171 -283.592 0
327.656 -268.55 0
334.971 -191.728 0
301.527 -232.952 0
311.965 -191.711 0
357.234 -95.2727 0
401.268 -95.8468 1
-300.054 419.68 1
-240.98 390.044 0
-68.9267 191.032 1
115.043 -34.6326 0
119.715 -52.9108 0
92.7959 -52.1175 0
72.3847 -57.8765 0
7.29899 4.85023 0
-302.96 -133.452 0
-294.159 -227.506 0
-165.354 -221.634 0
-151.074 -201.982 0
-151.782 -128.864 0
-121.315 -160.449 0
-108.521 -193.052 0
-120.153 -220.637 0
-103.82 -233.868 0
-217.208 30.42 0
-215.591 63.2645 0
-252.255 122.122 0
-300.038 113.118 1
12373.7 -16247 1
