69.5233 -15.3043 0
112.859 -104.857 0
83.4104 -166.34 0
16.1862 -158.184 0
22.5171 68.1104 0
24.2471 165.793 0
4.21113 209.815 0
-28.236 254.924 0
-48.1899 271.884 0
-55.7717 283.79 0
-68.4559 332.105 0
-58.3062 297.811 0
6.95452 60.0094 0
20.1392 75.4852 0
11.1783 61.7554 0
2.6027 55.2965 0
23.272 6.59533 0
35.9499 24.6588 0
209.286 -54.9398 0
185.901 -77.1016 0
178.765 -59.1856 0
165.392 21.9526 0
184.711 101.173 0
158.623 118.068 0
131.727 140.688 0
79.9258 180.725 0
-130.38 154.052 0
-97.4673 174.798 0
-54.391 173.755 0
-49.8371 138.29 0
6.13905 74.9222 0
223.708 78.4341 0
236.397 85.7483 0
243.323 124.765 0
283.963 173.435 0
256.516 204.477 0
432.726 123.409 0
383.496 164.284 0
390.342 241.033 0
474.75 255.29 0
581.637 98.1055 0
664.013 -63.2194 0
669.677 -79.6101 0
627.285 -118.348 0
648.512 -161.209 0
672.321 -135.253 0
658.71 -112.12 0
660.104 -90.8609 0
659.82 -39.4873 1
220.257 -207.326 1
174.682 -183.055 0
122.659 -154.723 0
88.5461 -124.613 0
122.59 -103.234 0
-243.258 123.638 0
-261.363 117.339 1
-4620.26 730.701 1
-4316.66 551.84 0
-4197.19 372.041 0
-4520.99 376.458 0
-4562.81 404.118 0
-4617.38 437.637 0
-4658.59 473.365 1
-2080.45 -225.386 1
-2102.43 -196.843 0
-2184.8 -162.783 0
-2184.33 -130.905 0
-2523.69 170.451 0
-2548.93 247.207 0
-2355.07 -687.373 0
-2303.35 -740.609 0
-2311.02 -668.654 0
-2265.59 -686.414 0
-2278.07 -709.644 0
-2275.99 -720.077 0
-2449.44 -763.501 0
-2463.99 -762.624 0
-2476.88 -781.664 0
-2518.33 -775.239 0
-2520.19 -773.525 0
-2539.23 -693.908 0
-2313.16 -568.239 0
-2264.72 -519.922 0
-2232.45 -606.49 0
-1933.52 -737.394 1
-2425.42 -403.934 0
-2502 -320.767 0
-2481.44 -309.383 0
-2531.21 -312.237 0
-2529.14 -286.111 0
-2523.08 -269.517 0
-2086.98 -315.288 0
-2171.31 -566.647 0
-2105 -546.775 0
-2072.2 -516.154 0
-2053.89 -519.458 0
-1997.01 -577.248 0
-1980.26 -567.162 0
-2000.45 -562.708 0
-1953.44 -569.661 0
