-79.6484 44.2718 0
-72.8001 48.8925 0
44.4476 35.3629 0
180.502 -307.325 0
225.267 -230.826 0
239.407 -189.931 0
284.678 -160.41 0
283.614 -113.959 0
279.164 -184.043 1
450.678 -313.281 1
448.198 -290.221 0
461.171 -268.281 0
535.315 -279.799 0
273.692 -30.8328 1
296.837 11.7956 0
262.751 77.4938 0
253.485 84.2854 0
304.372 106.299 1
430.895 55.1943 1
404.474 36.0518 0
339.421 39.5323 0
372.414 49.5379 0
377.125 15.3189 0
369.574 -26.92 1
333.251 -101.123 1
281.12 -64.1441 0
295.153 -56.7678 0
319.577 -28.7771 0
275.566 11.6437 0
311.979 61.0765 0
286.172 131.783 0
220.875 195.872 1
629.958 764.432 1
603.135 933.098 0
666.147 702.327 0
648.143 727.746 0
663.298 685.466 1
614.681 672.726 1
578.124 635.091 0
573.016 664.383 0
544.12 848.161 0
568.469 931.094 1
732.652 309.804 1
710.147 315.021 0
569.919 372.565 0
733.219 493.722 0
726.236 505.893 0
716.638 506.489 0
530.378 495.368 0
500.463 512.901 0
500.76 552.741 0
503.471 607.052 0
427.508 667.599 0
936.394 630.04 0
1238.43 334.225 0
1496.91 -183.206 0
1548.87 -227.536 0
1515.83 -214.001 0
1537.42 -9.55293 0
1786.93 -163.314 0
1776.03 -214.515 0
1738.02 -258.923 0
