-30.2651 4.42705 0
-7.5897 12.1541 0
-18.2322 8.43965 1
55.766 -4.72658 1
-42.5591 -8.5056 0
-81.0463 32.0409 0
-73.672 50.7703 0
-90.6775 82.3637 1
-124.755 120.725 1
97.9288 -66.3863 0
179.332 -158.876 0
391.289 -788.368 0
634.747 -1253.6 0
497.606 -757.066 0
560.72 -531.968 0
427.863 -221.622 0
19.8322 -521.501 0
378.703 -682.781 0
300.33 -861.126 0
275.863 -902.375 0
1022.91 -924.526 0
1033.36 -912.03 0
997.732 -856.193 0
987.34 -843.473 0
964.448 -836.031 0
1016.28 -809.871 0
977.545 -918.469 0
1015.7 -917.511 0
1049.77 -874.771 0
1061.79 -806.502 0
995.508 -782.578 0
966.67 -785.543 0
1264.82 -1000.74 0
1268.95 -1074.94 0
1279.78 -1028.05 0
1298.23 -1050.41 0
1419.19 -928.521 0
1455.92 -910.229 0
1532.36 -914.121 0
1584.18 -960.186 0
1579.08 -1003.05 0
1582.22 -1106.35 0
1550.62 -1118.6 0
1576.02 -1218.81 0
1611.28 -1220.13 0
1649.89 -1136.99 0
1702.5 -1129.58 0
1698.86 -1053.98 0
1693.88 -1045.6 0
1670.35 -1062.92 0
1664.41 -1134.58 0
1691.87 -1132.31 0
1705.1 -1233.04 0
1740.4 -1308.42 0
1813.25 -1344.69 0
1745.78 -1344.36 0
1727.85 -1309.61 0
1716.11 -1219.46 0
1685.25 -1222.71 0
