14.5648 65.815 0
53.534 94.4819 0
25.5819 43.3349 0
138.709 -161.719 0
68.1303 -224.199 0
41.2172 -173.65 0
62.9772 -148.972 0
-326.648 105.863 0
-532.07 195.934 0
-450.392 89.1183 1
-348.716 119.278 0
-357.629 115.479 0
-330.2 108.472 0
-284.152 103.574 0
-237.645 117.875 0
-246.187 9.26899 0
50.2653 77.5681 0
97.8881 36.2467 0
135.518 60.4068 1
228.702 140.576 1
233.129 140.353 0
266.316 181.769 0
311.214 256.552 0
395.565 286.528 0
436.185 371.972 1
363.141 -72.0222 1
408.892 -203.042 0
506.741 -188.869 0
444.36 -127.845 0
484.919 50.4337 0
387.726 157.302 0
391.192 184.347 0
328.222 310.009 0
314.604 256.4 0
373.908 323.567 1
380.691 271.347 1
536.073 212.285 0
625.97 184.98 0
590.491 284.169 0
685.622 11.0295 0
704.494 32.2275 0
622.22 46.8381 0
339.668 282.962 0
342.86 318.427 0
629.083 9.13 0
684.247 -50.1915 0
627.196 -17.7921 0
572.809 -3.09488 0
613.602 -33.7191 0
685.556 -53.8928 1
471.919 94.2608 1
487.587 45.4701 0
487.653 18.4619 0
497.245 34.511 0
539.501 58.1132 0
445.357 80.3179 0
449.508 127.122 0
422.404 122.618 0
419.391 173.527 1
910.668 78.7155 1
33.8675 693.659 0
130.113 643.855 0
99.1436 644.568 1
919.4 416.282 1
946.056 444.187 0
