117.548 -21.7011 0
106.799 -47.6053 1
163.704 -102.855 1
156.951 -27.3847 0
135.139 -50.4578 0
133.54 -125.987 0
33.3916 -151.517 0
-0.0958366 -144.236 0
-19.3725 -116.266 0
38.6438 -103.355 0
59.1154 -46.9302 1
29.9091 -5.12602 1
100.769 -37.0872 0
101.682 -65.9326 0
86.8487 -65.1074 0
52.7502 -12.9652 0
1.79279 69.7061 0
-81.4743 95.8563 0
-125.88 217.272 0
-144.293 258.358 0
-177.771 326.86 0
-163.481 230.386 0
-133.477 158.508 0
-71.3867 148.983 0
-85.0302 119.156 0
-71.7722 128.234 1
-44.2603 -149.862 1
-14.179 -106.493 0
63.4868 -3.60191 0
82.2534 22.1686 0
127.865 173.649 0
212.401 191.794 0
61.6898 242.565 0
233.391 276.05 0
252.743 319.646 0
255.517 292.866 0
192.066 301.916 0
253.922 337.661 0
223.068 270.484 0
236.879 265.944 0
215.268 273.462 0
198.81 361.722 0
724.112 199.847 0
569.007 178.061 0
665.668 65.8932 0
698.294 84.6445 0
742.954 104.162 0
763.934 141.442 0
813.902 150.042 0
790.289 129.928 0
798.545 126.249 0
740.954 38.5227 0
727.055 157.805 0
715.955 250.708 0
499.632 478.258 0
529.172 425.751 1
721.459 1054.48 1
738.487 702.412 0
7267.71 -5693.95 0
