-16.681 5.67283 0
-13.7096 17.1481 0
-108.404 -6.49027 0
-82.2285 28.9289 0
-114.235 -14.4641 0
35.3125 45.1997 0
39.6689 33.9419 0
30.3877 4.55961 0
22.5983 -69.3371 0
61.732 -47.3552 0
63.3727 -34.263 0
55.7866 -53.1212 0
27.4722 -19.73 1
28.3053 -3.95845 1
56.1712 -92.0957 0
73.6 -67.0934 0
101.078 96.7221 0
55.3241 55.4634 0
-16.2336 -49.1902 0
122.296 -87.5343 0
102.775 -51.9276 0
94.9778 -7.71299 0
101.452 30.2517 0
86.5097 38.4678 0
90.928 -8.96646 1
126.695 7.41035 1
151.349 1.31868 0
358.872 -55.6772 0
442.856 -147.973 0
435.651 -83.0731 0
439.547 -76.6047 0
329.886 96.1023 0
301.975 125.403 0
374.209 136.659 0
427.886 120.656 0
447.376 116.89 0
540.916 209.535 0
617.9 243.596 0
658.58 236.166 0
656.32 319.808 0
618.182 326.126 0
500.751 308.346 0
295.594 285.562 1
224.556 50.1793 1
213.757 45.2451 0
244.601 55.5515 0
268.893 10.6818 0
483.542 -721.297 1
493.875 -754.767 0
473.047 -783.092 0
551.382 -728.744 0
665.269 -775.76 0
669.73 -802.619 1
738.593 -781.662 1
712.393 -703.535 0
693.378 -700.06 0
734.888 -716.128 0
678.876 -701.345 0
665.821 -695.948 1
670.767 -122.08 1
1018.41 -108.454 0
999.015 -78.1872 0
1045.36 1.02267 0
1130.45 61.7861 1
1385.12 -181.135 1
