-4.653 -0.897934 0
104.684 77.3174 0
188.74 59.8811 0
198.601 30.0931 0
256.714 28.2486 0
289.972 33.5744 0
282.531 75.2632 0
103.366 165.433 1
428.818 332.298 1
321.919 462.716 0
401.246 390.592 0
532.539 -319.727 0
503.454 -359.8 0
425.655 -501.531 0
292.898 -828.814 0
275.517 -729.816 0
302.727 -595.15 0
201.906 -483.647 0
409.004 -497.031 1
78.1618 -121.793 1
88.0548 -68.7716 0
98.291 -45.1436 0
94.3819 -43.3736 1
-623.77 -871.522 1
-632.222 -866.052 0
-627.142 -900.532 0
-657.126 -936.469 0
-672.489 -945.175 0
-730.656 -942.844 0
-738.877 -870.762 0
-924.492 -773.058 0
-949.724 -1190.53 0
-1577.17 -1286.66 0
-1624.37 -1435.88 0
-1694.98 -1433.13 0
-1906.55 -1469.6 0
-1823.77 -1757.66 1
-10633.5 -4851.24 0
-10587.3 -4870.99 0
-10503.9 -4794.95 0
-10489.3 -4793.25 0
-10578.1 -4756.11 1
-6735.12 -4572.85 1
-6904.71 -4690.66 0
-6858.68 -4729.06 0
-6860.72 -4756.57 0
-6858.41 -4777.28 0
-6928.69 -4770.86 0
-6911.89 -4809 0
-6918.09 -4712.89 0
-6657.84 -4733.88 0
-6682.1 -4659.68 0
-6668.33 -4632.57 0
-6703.98 -4530.23 0
-6752.07 -4180.93 0
-6742.67 -4174.62 0
-6757.81 -4200.86 0
-6766.98 -4149.7 1
