-0.970924 65.9278 0
-7.97663 116.778 0
7.09443 132.912 0
31.2197 123.594 0
57.2892 108.825 1
85.2708 143.85 1
132.136 156.494 0
471.941 -161.625 0
526.778 -253.335 0
427.345 -289.633 0
430.926 -277.26 0
445.448 -282.372 0
1254.02 -840.598 0
1217.13 -851.295 0
1289.06 -868.291 0
1235.4 -888.438 0
1225.54 -801.006 0
1206.3 -772.441 0
1199.91 -687.199 0
1217.18 -665.411 0
1212.24 -633.87 0
1205.41 -580.54 0
1205.56 -627.407 0
1166.9 -528.872 0
1161.66 -531.666 0
1166.76 -526.25 0
1169.62 -539.029 0
1227.51 -589.076 0
1387.73 -612.951 0
1337.91 -553.747 0
1269.84 -537.122 0
1298.47 -527.676 0
1324.12 -533.703 0
1345.18 -531.056 0
1585.19 -637.537 0
1611.96 -650.315 0
1598.78 -649.445 0
1593 -644.1 0
1708.84 -991.586 0
1701.68 -1058.56 0
2214.15 -1201.28 0
2219.3 -1173.45 0
2198.13 -1159.29 0
2175.61 -1157.87 0
1753.53 -814.018 0
1803.47 -828.245 0
1857.8 -813.133 0
1801.32 -813.593 0
1763.39 -851.125 0
1679.88 -918.751 0
1573.45 -886.714 0
1524.56 -863.662 0
1425.8 -778.608 0
1401.23 -700.045 0
1378.4 -585.089 0
1379.45 -502.695 0
1443.31 -457.098 0
1515.13 -415.065 0
1553.38 -413.67 0
1604.13 -400.746 0
1608.47 -429.679 0
1688.63 -374.759 0
1564.82 -375.475 0
1629.02 -705.779 0
1767.23 -691.559 0
1922.93 -698.793 0
