-89.9365 135.572 0
-48.1753 155.404 0
-67.3493 195.073 0
48.9393 206.359 0
0.864712 246.902 0
13.6745 261.506 0
33.6214 254.112 0
274.59 131.363 0
308.086 79.8316 0
348.506 28.6577 0
378.949 -26.9606 0
411.917 -83.7641 0
413.623 -12.5668 0
365.414 72.8223 0
409.402 49.4907 0
437.619 144.16 0
455.472 230.208 0
437.922 277.42 0
432.915 332.877 0
432.941 383.229 0
441.913 431.461 1
446.788 557.44 0
384.317 517.987 1
285.974 7.39374 0
208.845 203.726 0
196.923 290.201 0
134.016 353.353 0
144.375 425.243 0
114.323 434.636 0
114.298 490.457 0
93.2666 497.955 0
59.0967 424.696 0
43.6771 468.599 0
68.9187 489.399 0
123.414 529.662 0
190.934 535.643 0
1006.94 59.4686 0
1023.82 45.9726 0
1248.44 -122.843 0
1251.13 -88.6612 0
1187.58 -11.2262 0
1003.22 489.198 0
938.731 508.014 0
981.828 709.466 0
947.076 702.646 0
939.383 690.668 0
860.142 675.439 0
816.345 723.21 0
779.495 753.132 0
777.861 744.027 0
693.34 1230.91 1
681.819 1235.95 0
627.842 1208.49 0
575.087 1258.31 0
529.528 1274.65 0
489.254 1309.72 0
466.785 1329.72 0
419.173 1407.48 0
452.882 1386.09 0
507.837 1343.63 0
496.192 1369.21 0
760.204 796.831 0
1032.91 535.336 0
1024.39 570.423 0
1069.54 597.147 0
1118.98 749.189 0
1182.19 822.672 0
1151.67 850.18 1
2249.04 1403.41 1
2371.42 1176.58 0
2425.87 1130.28 0
2263.15 944.518 0
2317.84 726.815 0
2299.15 741.879 0
2232.29 705.33 0
2259.17 710.653 0
2624.73 633.171 0
2622.31 637.218 0
2826.61 689.651 0
2623.83 1265.41 0
2598.61 1263.72 0
2550.67 1224.35 0
2499.42 1247.88 0
2451.12 1240.72 0
2333.91 1143.72 0
2319.25 1150.41 0
2299.34 1170.51 0
2294.07 1167.65 0
858.567 1530.21 0
650.228 1505.04 0
607.683 1499.2 1
536.99 1513.69 1
-377.279 2170.56 0
-259.033 1984.54 0
-286.338 1955.98 0
-298.675 1927.85 0
-300.714 1981.27 0
-310.67 2046.54 0
-355.688 2102.39 0
-398.454 2198.31 1
-837.631 2565.35 1
-911.956 2594.25 0
-888.249 2645.65 0
-851.204 2693.34 0
-820.608 2741.33 0
-865.598 2837.79 0
-308.29 2700.84 0
-348.149 2686.63 0
-392.401 2719.41 0
-453.128 2812.65 1
-579.268 3216.3 1
-607.221 3290.8 0
-639.327 3338.05 1
-729.679 3350.39 1
-723.046 3385.47 0
-831.935 3397.39 1
309.402 2614.08 1
327.7 2572.19 0
313.523 2501.49 0
384.705 2437.41 0
319.467 2541.91 0
440.101 2657.86 0
