86.071 -183.755 0
2.58153 -178.717 0
-10.158 -186.892 0
85.0997 -75.4757 0
150.781 177.564 0
57.2715 575.321 0
25.7973 587.775 0
66.8147 551.347 0
40.7936 532.449 0
9.12526 545.462 0
4.54187 531.955 0
-472.66 96.8513 0
-462.977 25.0145 0
-485.211 -34.4021 0
-529.018 -56.2772 0
-558.486 -131.339 0
-467.022 -102.927 1
255.376 -14.4648 1
225.52 40.1298 0
402.575 -271.735 0
381.101 -21.3579 0
418.82 -50.0356 0
441.98 -75.8584 0
390.735 -73.8341 0
438.674 -14.3697 1
395.144 -362.531 1
421.275 -347.852 0
475.676 -360.454 0
471.614 -318.619 0
519.849 -295.946 0
440.393 -261.71 0
429.273 -331.831 0
428.167 -348.23 0
383.113 -290.655 0
264.508 -3.6604 0
219.065 11.4324 0
124.137 -288.009 0
98.0184 -273.584 1
-360.88 -1058.45 1
-310.481 -1095.66 0
