-49.0586 64.983 0
12.9352 128.562 0
7.12434 117.651 0
-43.799 98.4735 1
168.602 -69.2591 1
129.826 7.10399 0
149.493 102.669 0
0.412308 139.991 0
-75.3631 259.526 0
-146.837 264.638 0
-166.644 286.089 0
22.5749 424.327 1
19.187 447.085 1
-3.31109 475.967 0
455.62 343.627 0
723.716 302.925 0
1688.06 -303.668 0
1654.55 -304.202 0
1637.2 -299.129 0
1614.67 -252.314 0
1536.31 -43.9859 0
1568.25 -62.9899 0
1551.59 -25.2391 0
1534.59 21.6845 1
1909.31 -242.218 1
1909.7 -214.431 0
1914.85 -154.411 0
1942.95 -113.587 0
1895.23 -117.583 0
1906.09 -123.986 0
1882.87 -111.975 0
1872.14 -101.483 0
1843.3 -92.722 0
1877.23 -95.013 0
1908.1 -76.0196 0
1780.78 -14.6299 0
1723.98 129.784 0
1740.12 237.091 0
1754.6 232.211 0
1739.88 199.522 0
2061.16 512.366 1
2345.11 331.892 1
2287.73 391.36 0
2376.14 373.492 0
2412.41 427.426 0
2556.44 430.149 0
2528.07 451.204 0
2508.71 454.789 1
2511.82 434.496 1
2804.34 -4.68442 0
