0.549023 16.4544 0
-52.8352 105.108 0
-55.6017 110.717 0
-57.5525 89.4818 1
-55.7198 -348.74 1
56.8324 -159.103 0
62.5269 -14.4774 0
98.2689 -176.743 1
90.9592 -328.663 0
124.002 -387.693 0
76.6144 -280.176 0
39.0893 -250.815 0
92.617 -187.749 0
67.1851 -223.008 0
380.441 -17.2786 0
368.923 -14.3911 0
353.247 -51.5603 0
322.359 -1.06297 0
355.315 41.4527 0
366.952 88.3081 0
382.541 129.755 0
446.592 63.849 0
466.212 15.8677 0
498.637 4.8827 0
549.644 -14.2768 0
510.65 -2.98226 0
439.408 5.89521 0
437.802 -14.649 0
461.587 -29.2049 0
477.918 17.5838 0
511.26 31.3259 0
684.194 -16.5366 0
629.118 -0.794574 0
1259.48 -791.719 0
1236.88 -740.417 0
1202.36 -820.493 0
1256.74 -839.467 0
1282.06 -808.099 0
1300.78 -812.374 1
1356.51 -934.447 1
1348.4 -950.572 0
1353.48 -956.925 0
1357.4 -951.533 0
1413.19 -1005.28 0
1383.83 -941.172 0
1344.56 -929.219 0
1296.19 -618.281 0
1406.53 -446.102 0
1548.23 -422.279 0
1578.26 -378.453 0
1463.67 -424.927 0
1678.2 -646.204 0
1718.33 -587.283 0
1690.08 -547.014 0
1749.55 -538.68 0
1786.11 -531.997 0
1852.59 -567.808 1
3479.43 -462.229 1
