16.4174 25.2069 0
4.97352 99.4714 0
-112.088 267.82 0
-136.938 354.943 0
-175.108 370.818 0
-157.503 342.288 0
-28.46 366.041 0
0.370598 391.628 0
-187.938 343.074 1
-166.562 343.07 1
-164.957 376.234 0
48.8408 206.86 0
52.5738 249.893 0
59.3117 307.179 0
94.6694 353.122 0
88.7396 378.015 0
90.0133 463.647 0
137.823 570.841 0
309.561 385.967 0
185.045 553.737 0
120.335 -392.734 0
291.219 -879.234 0
281.102 -923.521 0
279.887 -936.252 0
253.739 -532.749 0
-112.315 -457.613 0
-111.394 -387.919 0
-93.3246 -374.115 0
-85.7161 -394.32 0
-135.205 -350.742 0
-137.214 -375.173 0
-136.533 -414.066 0
-16.9025 -477.041 0
-39.3584 -416.429 0
-167.379 -341.432 0
-207.416 -292.87 1
-1303.42 483.131 1
-1315.2 431.794 0
-1351.12 375.646 0
-1327.59 398.239 0
-1372.32 397.517 0
-2249.45 404.96 0
-2295.62 417.417 0
-2322.44 377.245 0
-2321.74 362.589 0
-2291.09 380.113 1
-1410.95 -183.008 1
-1376.03 -105.574 0
-1365.97 -58.9162 0
-1409.42 -45.6148 0
-1593.46 120.731 0
-1510.99 133.922 0
-1389.64 83.2212 1
-1204.71 -27.0623 1
-1627.28 145.795 1
-1493.04 90.9851 0
-1396.58 66.5445 0
-1382.36 -102.025 0
-1295.74 -190.455 1
-1335.6 -159.383 1
-1318.21 -133.785 0
-1347.98 -89.9398 0
-1307.72 -74.1374 0
-1296.54 -115.54 0
-1310.69 -132.049 0
-1113.81 -205.87 0
-1179.21 -267.537 0
-1211.62 -314.85 0
-1203.1 -325.766 0
-1026.11 -285.644 1
-1017.16 -240.546 1
-1013.94 -238.371 0
-1421.43 -69.7228 0
-1435.35 -33.4821 0
-1442.59 -9.11635 0
-1422.52 -9.61035 0
-1385.39 -72.7699 0
-1362.27 -74.1833 0
-1389.76 -66.5357 1
-112475 -4171.89 1
-112521 -4119.42 0
-112565 -4113.52 0
-113497 -4252.98 0
-113504 -4238.03 0
-113599 -3916.32 0
-113635 -3845.21 0
-113234 -3772.8 0
-113177 -3807.5 0
-113177 -3925.68 0
-113819 -4399.86 1
-115342 -4162.68 1
-114852 -4205.33 0
-112630 -12321.3 0
-112578 -12870.8 0
-112630 -12994.7 0
-112592 -13270.1 0
-112576 -13303.9 0
-112616 -13375.5 0
-112610 -13428.8 0
-112560 -13449.6 0
-112590 -13425.9 0
-112591 -13387.2 0
-112576 -13331.1 0
-112690 -13266.9 0
-112740 -13184.9 1
-112673 -13093.1 1
-111890 -12545 0
-111746 -12969.6 0
-111753 -12992.8 0
-110958 -13675.4 0
