16.4698 66.995 0
12.5335 152.839 0
-18.7046 214.705 0
-51.2748 218.531 0
19.2067 224.894 1
-966.473 19.803 1
-948.146 4.54283 0
-995.045 -5.95816 0
-1031.51 -40.9027 0
-1062.55 -97.9657 0
-1047.21 -81.482 0
-1035.93 -55.3027 0
-1109.87 5.52189 1
136.878 -200.759 1
122.364 -226.833 0
111.975 -298.291 0
153.469 -344.662 0
196.406 -348.426 0
226.322 -383.132 0
277.722 -368.641 0
305.953 -345.428 0
270.24 -324.708 0
341.027 -302.396 0
-276.259 -379.736 0
-320.9 -360.013 0
-346.379 -306.575 0
-358.558 -261.008 0
-357.781 -275.428 0
-360.379 -259.694 0
-345.153 -252.978 1
-17200.5 1350.98 1
-16698.6 1642.84 0
-16436.5 1318.26 1
-16356.8 1323.47 0
-16316.4 1334.74 0
-16363.4 1347.59 0
-16387.8 1401.53 0
-16371.5 1479.08 0
-16388 1481.23 0
-16314.1 1293.24 0
-16268.7 1293.48 0
-16268.1 1268.59 0
-16273.8 1236.26 0
-16456.8 647.292 0
-16489.6 716.974 0
-16434.2 773.489 0
-16141.9 -25.4641 1
-16148.7 -112.248 0
-16324.4 -757.52 0
-16309.4 -791.92 0
-16300.3 -789.471 0
-16273.3 -828.987 0
-16223.1 -819.179 0
-16052.5 -1096.39 0
-16060.7 -1085.8 0
-16064.3 -1070.37 0
-16044.2 -808.421 0
-16078 -793.727 0
-16080.5 -703.23 0
-16101 -636.185 0
-16104.8 -544.447 0
-16093.4 -472.912 0
-16046.8 -441.034 0
-15995.2 -401.705 0
-16033.7 -303.144 0
-16045.6 -208.705 0
-16056.6 -118.9 0
-16094.9 305.006 0
-16107 691.372 0
-16254.7 295.556 0
-16342.5 958.232 0
-16450 876.153 0
-16529.6 884.719 0
-16580.3 1002.42 0
-16381.6 785.668 0
-16396.5 879.891 0
-16393.2 866.664 0
-16378.5 851.669 0
-16364.1 835.761 0
-16328.7 809.9 0
-16182.8 709.275 0
-16246.1 696.397 0
-16228.1 650.739 0
-16256.3 574.586 0
-16413.9 856.341 0
-16332.1 804.282 0
-15666.7 353.571 0
-15599 283.551 0
-15591.5 321.556 0
-15607.3 410.474 0
-15608.7 450.42 0
-16032.7 661.171 0
-16004.5 684.165 0
-15965.1 653.839 0
-15957.7 587.144 0
-15967.7 651.428 1
-16015.7 664.665 1
-15913.4 629.704 0
-15885.2 579.509 0
-15851.4 623.407 0
-15787.7 634.718 0
-15765.3 639.218 0
-15757.4 493.927 0
-15787.1 463.105 0
-15862.2 555.158 0
-15873.1 665.929 1
-16641.6 698.122 1
-16517.9 711.361 0
-16521.3 592.966 0
-16533.4 582.661 0
-15817.3 562.962 0
-15812.5 529.727 0
-15457 616.748 0
-15372.1 671.733 0
-15383.8 685.205 0
-15253.4 350.631 0
-16822.6 24.1715 0
-16812.4 45.0738 0
-16809.1 29.799 0
-16898.9 23.2906 0
-16981 103.575 0
-15191.7 148.361 0
