42.2017 -65.173 0
44.1138 -75.4527 0
21.5985 -54.396 0
121.665 -370.592 0
113.334 -383.758 0
193.094 -399.325 0
245.36 -497.497 0
200.514 -354.555 0
205.737 -394.552 0
218.919 -431.865 0
194.866 -417.673 0
184.893 -461.931 0
212.985 -415.351 0
185.83 -329.94 0
80.6979 -304.809 0
-15.9201 -198.3 1
1147.42 -389.024 1
1167.52 -285.703 0
1206.98 -285.357 0
1195.99 -258.197 0
1072.61 -177.697 0
1044.95 -56.1372 0
808.891 54.6826 1
158.986 -411.982 1
184.668 -467.054 1
189.756 -479.467 1
228.754 -465.175 1
1011.64 -935.503 1
1000.96 -926.212 0
1090.28 -850.293 0
1092.22 -689.972 0
1300.39 -279.432 1
1318.46 -331.139 1
1300.53 -321.927 1
520.886 -160.132 0
472.676 -176.092 0
472.128 -233.187 0
462.958 -256.664 0
436.885 -261.609 0
415.064 -124.747 0
338.957 -99.07 0
261.288 -39.2355 0
202.458 30.9731 0
221.256 43.6746 0
240.069 90.4574 0
274.915 108.204 0
316.629 81.7547 0
355.356 77.8169 1
5731.19 1024.86 1
5818.25 891.505 0
5769.2 948.317 0
5638.03 931.61 1
5256.72 1098.17 1
5304.65 1054.26 0
5317.35 1009.76 0
5347.87 966.07 0
5440.45 920.669 0
5476.46 912.365 0
5502.93 899.949 0
5911.11 906.805 1
5856.83 901.932 0
5805 941.722 0
5799.15 998.314 0
5877.2 1219.46 0
6126.59 1009.63 1
6139.97 1025.35 0
6148.77 1049.7 0
6214.79 1017.21 0
6199.56 1064.27 0
6190.88 1076.13 0
