5.22446 -12.5851 0
-39.9728 16.877 0
-78.6214 23.5908 0
-81.3693 -37.7068 0
-86.2197 -63.219 0
-124.744 -69.8411 0
-69.7803 63.3739 0
176.843 224.169 0
79.4805 305.156 0
153.881 331.189 0
-13.981 84.749 0
497.046 199.161 0
472.742 210.298 0
648.414 -2.80679 0
497.69 -94.3722 0
559.298 -94.0852 0
542.246 -56.2996 0
630.459 -27.1453 0
628.79 -8.67717 0
618.737 21.7841 0
852.286 104.931 0
804.145 162.581 0
800.462 164.287 0
934.77 171.964 0
998.241 273.172 0
975.332 304.288 0
990.438 319.159 0
950.188 303.931 0
925.757 177.162 0
975.542 88.222 0
979.74 133.3 0
983.745 287.712 0
942.107 310.014 0
882.279 284.807 0
753.299 367.374 1
653.032 556.895 1
645.951 540.918 0
852.595 499.57 0
298.12 953.224 0
246.516 952.771 1
930.019 412.81 1
942.899 374.581 0
893.786 283.724 0
878.399 336.409 0
872.154 371.136 0
869.117 415.007 0
869.816 445.619 0
1015.38 499.407 0
1065.17 479.546 0
1046.68 546.393 0
1089.43 504.059 0
1036.02 616.699 0
981.43 702.38 0
1110.47 611.638 0
1299.9 402.306 0
1318 401.651 0
1267.76 464.722 0
1303.25 481.344 0
1488.41 796.698 0
1431.03 802.163 0
1340.62 814.495 0
1349.12 830.878 0
1200.79 858.176 0
1278.75 812.286 0
1260.45 854.535 0
1304.54 872.364 0
1602.82 849.964 0
1656.18 882.017 0
1712.09 1003.74 0
1794.81 978.717 0
1824.99 950.197 0
1827.13 922.89 0
1807.85 940.811 0
1557.25 1002.32 0
1520.99 973.468 0
1447.68 1015.32 0
