86.9463 62.6541 0
68.1946 39.2789 0
158.693 -2.91539 0
223.76 57.8285 0
275.817 114.434 0
265.243 55.1666 0
292.511 -25.7877 1
153.562 409.682 1
253.271 631.205 0
20.2203 642.816 0
123.526 682.819 0
178.245 658.248 0
165.35 683.567 0
-161.188 815.251 0
-151.827 816.86 0
-53.4006 783.275 1
62.0807 802.684 1
47.6725 816.113 0
31.9364 825.107 0
88.8604 639.835 0
376.733 1611.15 0
423.987 1570.35 0
451.332 1503.99 0
487.068 1560.17 0
485.738 1625.41 0
458.968 1709.99 0
586.784 1721.72 0
594.411 1987.46 0
739.948 1318.94 0
669.187 1293.73 0
651.706 1297.82 0
734.037 1313.43 0
764.783 1328.75 0
769.54 1367.9 0
765.191 1401.72 0
