-3.72167 -0.59846 0
-136.276 96.9942 0
-145.759 149.236 0
-170.403 184.591 1
-32.5977 224.495 1
-70.195 249.735 0
-322.672 391.609 0
-337.134 555.697 1
1942.71 452.521 0
1975.11 402.221 0
2011.7 383.307 0
1944.28 368.452 0
1945.82 376.799 0
2261.06 269.852 0
2210.96 420.417 0
2204.72 489.843 0
2221.91 447.032 0
2265.11 447.137 0
2269.82 433.935 0
2307.17 495.47 0
2331.88 512.815 0
2337.79 540.13 1
2474.65 323.922 1
2491.65 291.046 0
2510.76 235.62 0
2490.77 218.47 0
2373.92 416.776 0
2371.78 451.342 0
2509.38 470.845 0
2574.57 765.839 0
2824.97 868.792 1
2837.21 803.058 0
2827.87 702.619 0
2863.39 484.729 0
2905.27 465.273 0
2952.69 325.708 0
2944.33 280.893 0
3085.99 539.982 0
3132.76 537.574 0
3103.76 561.833 0
3147.91 555.774 1
3212.26 518.293 1
