1.11819 36.2028 0
32.9983 -72.4319 0
-36.5134 -13.1986 0
-89.9092 80.4781 0
-138.619 107.345 0
-228.959 341.689 0
-307.211 358.301 0
-266.903 327.488 0
-237.219 274.553 0
-175.966 264.487 0
-178.639 362.04 1
1775.75 -186.108 1
1517.47 -676.445 0
1581.62 -732.118 0
1597.88 -725.308 0
1610.44 -768.582 0
1609.04 -831.184 0
1628.47 -790.284 0
1750.22 -657.167 0
1707.37 -572.864 0
1621.84 -476.635 0
1583.57 -488.519 0
1461.17 -335.889 0
1444.65 -198.847 0
1753.17 -308.046 0
1748.11 -309.246 0
1734.41 -270.608 0
1628.99 -186.127 0
1641.61 -252.226 0
1787.81 -71.0738 0
1799.1 -161.855 0
1813.81 -15.984 0
1802.74 160.983 0
1721.32 213.018 1
1428.27 307.598 1
1441.02 319.911 0
1408.74 316.069 0
1417.64 284.866 0
1444.1 260.59 1
1405.64 227.688 1
1428.58 224.399 0
1458.09 219 0
1842.94 56.9817 0
1834.83 -37.2997 0
1819.92 78.102 0
1856.61 5.79259 0
1936.87 111.901 0
2046.05 152.799 0
2055.66 121.233 0
2032.73 175.933 0
2097.14 -435.098 0
2035.09 -455.88 0
2056.09 -551.714 0
2032.27 -569.593 0
1979.75 -566.571 0
1924.19 -547.589 0
1926.09 -694.513 0
1971.08 -706.3 0
2048.38 -725.833 0
2085.91 -805.307 0
2067.34 -845.182 0
2078.54 -891.769 0
2117.02 -900.573 0
2050.43 -865.074 0
2073.64 -884.135 0
2109.43 -883.888 0
2076.77 -892.149 0
2172.64 -1006.9 0
2434.31 -662.191 0
2448.2 -609.797 1
2429.63 -526.587 1
2441.52 -467.157 0
2518.33 -461.234 0
2554.85 -536.314 1
2796.03 -281.217 1
