-2.73924 -14.0488 0
-132.002 39.8074 0
-215.361 123.641 0
-237.411 88.1502 0
-62.482 483.931 0
-131.686 544.147 0
-107.865 554.08 0
-84.9326 504.511 0
-209.504 1706.2 0
-227.524 1648.64 0
-237.383 1674.04 1
-212.361 1668.65 0
-155.528 1406.62 1
-143.278 1444.96 0
-143.883 1396.75 0
-113.562 1405.59 0
-134.517 1423.75 0
-92.8553 1439.71 0
-170.63 1482.16 0
-249.649 1496.56 0
-191.366 1480.43 0
-228.679 1440.03 0
-195.125 1422.53 0
-235.95 1409.7 0
-219.546 1409.67 0
-147.441 1442.02 0
-46.9347 1465.04 0
-62.1983 1500.45 0
-70.666 1595.36 0
-89.925 1641.83 0
-94.8826 1632.24 0
87.421 1765.23 1
48.5841 1751.65 1
113.182 1812.27 0
77.4962 1821.76 0
60.9246 1803.25 0
-159.755 1476.03 0
-142.342 1458.26 0
-194.23 1466 0
-239.955 1493.99 0
-262.306 1589.32 0
-431.153 1632.57 0
-486.717 1664.74 0
-776.394 1842.63 0
-799.335 1879.56 0
-779.18 1857.24 1
-839.06 1866.53 1
-836.626 1861.8 1
-853.778 1866.58 1
-1821.42 2122.78 0
-1817.82 2132.08 0
-1812.2 2176.01 0
-2622.27 2386.91 0
-2656.57 2368.77 0
-2683.27 2383.98 0
-2195.12 2207.52 0
-2059.32 1979.18 0
-1995.92 1926.65 1
-439.959 1885.18 1
-2782.16 3028 0
-2799.29 3057.17 0
-2794.29 3042.95 1
-2723.83 2990.72 1
-2683.16 3007.69 0
-2666.69 2976.53 0
-2827.06 3141.99 1
-30090.1 12179.7 1
-30219.7 12260.3 1
-30218.8 12340.7 1
-29810.6 12042.4 1
-29572.6 12008.7 0
-28943.9 12058 0
-29253.8 12133.2 0
-28898.8 12480.6 0
-29559.9 11793.8 1
-29539.6 11790.7 0
-29548.6 11759 0
-30160.9 11451.1 0
-29593.3 11712.8 0
-29532.3 11718.4 0
-29538.4 11701.7 0
-29534.2 11701.1 0
-29513.7 11699.4 0
-29504.4 11696.9 1
-31862.3 11893.9 1
-31876.5 11981.7 0
-31852.7 11920 0
-32636.1 12141.8 1
