17.488 14.4348 0
3.49261 11.8941 0
-4.30889 56.5735 1
-63.7208 104.769 0
-60.456 130.086 1
-35.297 107.362 0
91.4391 -58.2007 0
105.953 -100.354 0
-129.06 -115.189 0
-90.6579 -157.64 0
-91.6184 -246.882 0
-106.149 -233.111 0
-183.093 -117.749 0
-151.206 78.2622 1
556.751 3.97514 1
555.977 -70.546 0
584.341 116.133 0
557.533 219.606 0
591.351 317.94 0
629.785 174.05 0
690.544 73.744 0
719.882 125.057 0
728.076 36.5936 0
723.73 -37.3112 0
782.269 -44.1472 0
844.434 -32.2374 0
822.084 -52.5037 0
819.295 -4.67511 0
822.916 -0.362738 0
801.648 -61.1104 0
613.619 -1299.56 1
615.328 -1358.6 0
580.982 -1347.35 0
510.94 -1357.59 0
661.718 -1246.08 1
603.09 -1222.7 1
608.153 -1175.66 0
606.833 -1083.28 0
641.906 -1000.94 0
632.842 -954.601 0
654.422 -918.193 0
639.953 -876.914 0
604.897 -923.065 0
526.915 -884.426 1
524.581 -840.606 1
522.216 -840.612 0
431.874 -795.101 0
400.594 -736.165 0
449.411 -634.627 0
447.139 -608.618 0
409.409 -497.233 0
437.573 -402.874 0
501.742 -218.873 0
473.907 -232.154 0
456.958 -224.575 0
447.652 -245.653 0
240.688 -273.952 0
226.924 -269.975 0
254.112 -288.826 0
308.113 -293.216 0
337.77 -139.458 0
373.917 -470.305 0
427.824 -478.233 0
409.851 -493.977 0
372.389 -478.223 0
309.818 -437.734 0
361.668 -379.282 0
312.061 -299.233 0
323.246 -273.751 0
375.244 -302.155 0
278.773 -280.047 0
167.482 -390.452 0
672.846 -477.684 0
732.814 -570.793 0
897.333 -791.981 0
640.986 -1148.78 0
643.188 -1183.73 0
633.651 -1219.53 1
542.512 -1271.48 0
539.304 -1270.52 1
545.503 -1266.78 0
583.461 -1214.67 0
584.036 -1207.01 1
883.413 -1163.5 1
817.052 -1101.76 0
786.265 -1124.69 0
861.727 -1054.86 1
782.532 -1161.68 0
