46.0023 -17.6032 0
84.7644 -23.0041 0
98.8739 54.3565 0
95.0279 121.894 0
106.953 130.731 1
194.598 -263.791 1
183.487 -245.107 0
190.072 -240.802 0
155.205 -246.721 0
138.436 -204.712 1
113.413 -184.292 1
91.4361 -159.222 0
119.514 -171.238 0
90.0801 -184.966 1
-1389.55 70.1439 1
-1436.07 129.896 0
-1354.83 69.2856 0
-1335.29 55.4016 0
-1344.75 44.9332 0
-1357.24 28.9197 0
-1345.64 6.29909 0
-1612.99 256.205 0
-1564.45 289.484 0
-1623.4 455.485 1
-665.197 331.087 1
-662.271 340.411 0
-650.152 339.63 0
-733.914 313.58 0
-701.563 299.721 0
-594.202 271.98 0
-594.51 293.276 0
-529.491 294.868 0
-513.952 285.292 0
-450.241 238.458 0
-403.638 198.706 0
-306.884 197.801 0
-226.343 227.468 0
-271.569 278.116 0
-307.859 352.879 0
-326.407 356.782 0
-387.133 369.661 0
-331.844 403.35 0
-355.29 348.939 0
-281.673 268.858 0
-111.976 212.692 0
-52.4301 181.463 0
70.5798 -7.1508 0
83.6739 -52.2771 0
55.0862 -217.756 0
82.4908 -276.284 0
36.9882 -314.524 0
68.2058 -135.438 0
70.6128 -21.8085 0
63.5407 109.334 0
114.059 514.622 0
210.952 327.708 0
153.79 288.116 0
261.026 280.604 0
282.934 272.068 0
538.67 126.504 0
616.256 -188.895 0
608.911 -263.163 0
598.323 -331.537 0
522.796 -514.432 0
472.612 -539.608 0
435.108 -532.477 0
579.797 -445.339 0
93.8715 -211.135 0
-14.8235 -143.872 0
-297.034 7.25459 0
-396.529 135.575 0
-698.942 273 0
-527.153 340.243 0
-1678.95 -472.81 0
-1664.19 -443.717 0
-1670.3 -402.7 0
-338.107 -1776.23 0
