69.1856 74.9634 0
24.5065 2.36794 0
83.9834 37.4473 0
78.7252 -141.223 0
-423.711 -90.6586 0
-473.381 -68.9515 0
-452.93 -36.7387 0
-397.503 102.888 0
-402.901 125.905 0
-453.87 123.797 1
1364.46 526.755 1
1323.05 503.35 0
1295.98 474.677 0
1302.94 448.852 0
1307.41 387.795 0
1304.52 377.587 0
1289.79 338.753 0
1609.07 79.8833 0
1399.34 380.744 0
1407.21 368.917 0
1376.23 419.63 0
1375.42 533.583 0
1457.82 586.465 0
1296.77 662.081 0
1395.7 582.784 0
1426.9 594.46 0
1370.47 504.111 0
722.315 989.367 0
683.38 948.362 1
5950.85 174.342 1
5962.02 206.355 0
5904.8 258.469 0
5958.35 208.998 0
5988.53 204.751 0
6157.65 148.697 1
6029.64 357.712 1
6044.55 327.31 0
6067.45 257.606 0
6072.28 226.625 1
6246.07 210.915 1
