-26.4166 38.5887 0
63.3959 102.067 0
27.5849 181.07 0
0.158836 230.087 0
-81.2419 227.552 0
-89.7339 301.025 0
-33.8959 265.662 0
-52.3747 214.71 0
-66.7281 129.638 1
-79.6406 15.0939 1
-35.1434 -57.2199 0
-13.213 -58.1953 0
-145.463 88.1565 1
-515.001 615.044 1
-503.508 631.573 0
-529.76 638.021 0
-559.343 717.876 0
-673.475 1593.16 0
-498.119 1431.97 0
-535.005 1322.67 1
480.236 735.159 1
485.832 712.306 0
703.932 589.816 0
797.071 543.504 0
815.471 605.407 0
819.791 658.159 0
844.045 675.808 1
720.056 474.647 1
691.623 495.223 0
702.976 342.408 0
883.182 388.627 0
858.144 475.751 0
807.661 586.522 0
917.778 476.86 0
898.224 613.54 0
939.405 573.746 0
1006.95 522.025 0
1057.8 593.652 0
1009.73 670.122 0
1022.83 717.883 0
1061.44 703.937 0
1051.35 710.327 0
855.76 821.206 0
785.619 772.926 0
738.536 800.785 0
716.658 839.274 1
1922.96 789.597 1
1912.96 866.586 0
1898.87 933.656 0
1981.06 925.753 0
1991.78 1094.71 0
1974.48 1216.18 0
1940.5 1400.13 0
1826.41 1369.9 0
1825.57 1411.77 0
1820.42 1474.96 1
1476.46 215.019 1
1485.26 176.522 0
1467.25 193.656 0
1467.53 180.671 0
1483.37 160.587 1
1330.54 112.922 1
1312.98 221.974 0
1213.94 380.64 1
1167.72 409.197 1
-2264.72 1489.93 1
-2178.13 1549.18 0
-2075.52 1554.15 0
-1636.02 1374.12 0
-1621.56 1329.66 0
-1686.17 1350.54 0
-1708.27 1362.13 0
-1788.02 1387.07 0
-1648.37 1386.96 0
-1455.15 1488.43 0
-671.055 1877.48 0
-672.883 1889.62 0
-3448.45 3525.3 0
-3457.03 3574.86 1
-3497.83 3578.28 1
-3491.3 3487.93 0
-8291.76 4581.69 1
-8338.64 4568.95 0
17539.8 4863.88 0
