26.1262 9.65879 0
-36.7364 1.37096 0
-42.2365 186.45 0
-64.2955 220.53 0
-49.7961 264.361 0
-203.446 322.341 1
252.56 239.944 1
217.242 347.613 0
24.3198 431.544 0
-37.9997 485.248 1
736.051 -520.169 1
776.985 -557.819 0
765.832 -572.071 0
773.585 -618.162 0
652.54 -522.178 0
577.135 -550.646 0
627.609 -487.58 0
620.957 -436.339 0
619.511 -352.74 0
530.034 -332.164 0
371.708 -449.634 1
366.663 -454.559 1
281.99 -481.22 0
330.3 -483.132 0
292.706 -459.728 0
301.412 -458.501 0
1235.25 -1135.62 0
1222.06 -1102.27 0
1693.82 -1290.03 0
1590.8 -1237.01 0
1541.32 -1234.89 0
1531.9 -1180.69 0
1489.82 -1149.54 0
1438.34 -1114.06 0
1256.54 -1151.97 0
1270.99 -1103.44 0
1265.36 -993.7 0
1274.85 -916.953 0
1266.03 -892.037 0
1297.79 -873.578 0
1310.47 -883.015 0
1353.09 -878.651 0
1390.06 -910.113 0
1370.45 -878.804 0
1356.58 -870.644 0
1358.63 -787.89 0
1342 -503.066 0
1313.27 -456.064 0
1342.38 -396.287 0
1314.41 -354.815 0
1335.76 -281.911 0
1318.23 -256.75 0
1282.93 -220.031 0
1301.67 -336.006 0
1242.81 -435.992 0
1222.61 -465.133 0
1299.95 -457.586 0
1458.89 -358.75 0
1375.81 -335.998 0
1760.92 -758.539 0
1742.21 -697.459 0
1757.85 -771.015 0
1686.24 -1133.31 1
1636.63 -1218.27 0
1621.87 -1247.42 0
1643.39 -1244.7 0
1707.07 -1285.87 0
1707.35 -1293.63 0
1709.03 -1324.84 0
1690.9 -1359.88 1
1581.77 -1333.27 1
1522.6 -1341.85 0
1434.99 -1314.81 0
1413.4 -1279.85 0
1639.5 -1046.2 0
2673.73 -1097.58 0
9124.13 -8445.57 0
