32.841 11.1106 0
-72.3112 113.26 0
-12.4048 129.455 0
178.009 55.3357 1
196.224 23.3875 0
191.954 -28.0304 0
209.818 -46.0167 0
255.207 -66.3196 0
274.756 -70.183 0
282.849 -67.4933 0
288.843 -68.4413 0
307.998 -40.5069 0
300.845 -59.5215 0
307.928 -129.527 0
364.345 -182.934 1
408.647 379.828 1
434.657 352.327 0
549.734 146.228 0
561.461 217.979 0
496.938 259.652 0
518.522 215.464 0
529.033 258.802 0
570.284 269.789 0
404.753 201.708 0
443.57 96.8015 1
678.002 -287.657 1
695.223 -134.02 0
711.4 -187.204 0
723.832 -171.163 0
762.719 -145.916 0
756.676 -12.1714 0
752.79 21.2581 1
685.784 63.8891 1
696.102 60.1231 0
672.432 120.181 0
699.155 115.615 1
806.203 86.523 1
700.164 229.059 0
658.779 230.757 0
564.776 247.252 0
520.02 228.387 0
514.584 225.162 1
831.146 -8.20454 1
807.211 -37.1076 0
790.564 -80.4261 0
366.21 -176.262 0
725.634 -120.891 0
678.147 -37.1435 0
807.068 40.7696 0
1045.83 -6.40252 0
1104.97 -71.504 0
1152.28 -143.362 0
1181.28 -216.602 0
1157.47 -281.213 0
1124.77 -286.193 0
1102.4 -191.576 0
1046.95 -124.852 0
1046.88 -74.0704 0
1006.45 -172.838 0
946.785 -206.639 0
957.035 -212.904 0
968.963 -262.115 0
1011.87 -299.887 0
1201.66 -375.199 0
1828.84 -501.081 0
