20.7314 41.1425 0
6.56217 32.9291 0
-409.172 308.387 1
-402.894 276.043 1
-248.746 -194.687 0
-179.985 -119.807 0
-1.9649 -79.0774 0
2.89522 -53.8396 1
3.66449 -17.4707 1
131.65 -30.4605 0
65.0253 80.6262 0
36.1468 256.23 0
-61.0275 454.408 0
1.7197 400.168 0
13.1458 440.304 0
-27.0659 420.085 0
1378.92 -86.0734 0
1221.73 -64.8387 0
1326.04 72.733 0
1351.65 65.4887 0
1361.3 38.0393 0
1972.48 -6.6594 0
1959.76 11.7717 0
1947.01 101.516 0
1898.49 0.437622 0
1875.86 27.9667 1
2139.7 -249.166 1
2119.18 -188.439 0
2122.78 -115.146 0
2076.38 -99.1918 0
1999.05 -46.8918 0
1959.19 17.6149 0
2388.16 104.386 0
2400.43 97.5559 0
2409.91 84.9583 0
2458.38 112.719 0
2443.39 103.072 0
2400.02 84.5944 0
