56.8962 -16.0007 1
126.496 1.69022 1
120.02 -4.64396 0
98.1194 -3.01471 0
162.874 39.5271 0
173.854 66.7014 0
386.34 -163.891 0
384.93 -169.701 0
411.804 -257.384 0
394.166 -344.651 0
349.619 -355.909 0
326.815 -402.951 0
304.477 -420.404 0
273.158 -389.547 0
241.089 -84.0124 0
268.255 -24.8697 0
271.069 -8.82261 0
285.865 -27.6582 0
299.396 20.9518 0
288.472 -36.9704 0
303.934 37.0685 0
383.804 121.485 0
424.418 147.156 1
-517.239 217.35 1
-82.5351 29.8659 0
-105.172 12.8745 0
-71.8897 0.2715 0
-184.263 -40.0948 0
-170.786 17.8568 0
-133.867 119.168 0
-147.179 174.318 0
-149.559 215.46 0
-149.484 234.069 0
-115.573 267.141 0
69.347 113.539 0
6.36451 154.681 0
-347.563 -117.135 0
-354.644 -92.0393 0
-143.077 -130.778 0
82.1817 -305.557 0
92.1206 -265.623 0
70.1064 -254.454 0
38.4672 -152.583 0
49.9014 -93.9829 0
54.0316 -45.8145 0
55.0655 -12.6676 0
64.0255 12.3874 0
65.6805 13.6866 0
14.7393 8.81843 0
-43.9682 -82.8922 0
-106.995 -90.1839 0
-43.7214 -36.9971 0
-41.9932 -19.1113 0
-82.3492 -6 0
226.431 181.777 0
69.1642 139.89 0
56.0668 125.518 0
78.6884 156.313 0
89.0271 183.494 0
79.6905 239.86 0
42.5898 247.64 0
85.5508 241.451 0
120.3 207.059 0
187.969 137.619 0
233.172 55.8615 0
413.355 -430.55 0
518.1 -451.418 0
570.245 -458.181 0
541.23 -403.441 0
591.432 -556.267 0
580.383 -483.414 0
451.494 -393.439 0
468.105 -460.901 0
486.841 -458.512 0
510.026 -432.641 0
638.492 -184.404 0
519.724 42.5062 0
250.08 -1156.84 0
128.512 -1157.81 0
185.464 -1201.99 0
186.681 -1194.38 0
195.896 -1153.67 0
1016.06 -835.766 0
881.871 -41.4484 0
