58.1632 66.6415 0
248.224 54.9662 0
289.581 54.7629 1
913.072 15.6945 1
879.921 66.5306 0
844.901 12.1903 0
759.109 35.3853 0
725.142 -14.3392 1
703.767 -9.54401 1
680.825 20.3272 0
685.705 46.2413 0
647.415 55.9959 0
581.922 15.8577 1
722.183 -27.2098 1
797.267 104.123 0
871.015 113.529 0
891.662 70.0135 0
800.215 32.5596 0
944.476 14.9274 0
1024.14 -66.1077 0
1055.86 -64.0978 0
1098.9 306.045 0
1038.06 326.844 0
1081.95 351.237 0
1103.81 403.331 0
1062.17 416.415 0
1001.35 366.373 0
935.003 334.358 0
977.495 401.871 0
790.798 666.61 0
721.964 751.635 1
2928.96 935.006 1
2969.65 614.125 0
2989.4 595.052 0
3013.49 553.974 0
3018.6 516.779 0
3117.85 464.623 0
3025.23 552.141 0
2965.65 717.995 0
2978.24 765.923 0
3008.69 850.357 0
3057.22 823.999 0
3132.41 998.128 0
3023.14 998.991 0
3042.81 972.264 0
2995.83 937.017 1
3001.58 1032.94 1
3029.72 969.519 0
2967.91 1108.31 0
3039.9 1275.5 0
3061.75 1477.89 0
3030.74 1593.36 0
3003.8 1673.65 0
2977 1764.35 0
2974.52 1774.32 0
2977.65 1746.81 0
2962.02 1699.87 0
2960.07 1482.14 0
2959.53 1315.29 0
2974.55 1238.69 0
2977.88 1212.35 0
2978.56 1221.93 0
2985.71 1285.95 0
3075.13 1281.33 0
3024.81 1065.15 0
2988.82 993.176 0
3003.5 1009.41 0
2984.59 990.702 0
2947.93 986.199 0
2943.11 1006.77 0
2922.23 1002.72 0
2902.85 1005.51 1
2891.19 1546.41 1
3286.31 1242.49 0
3312.8 728.355 0
