37.1393 -242.6 0
43.8433 -248.454 0
28.0821 -237.26 0
16.7088 -207.337 0
20.2875 -149.214 0
42.2574 -45.7956 0
12.9953 -27.3694 0
4.72982 -72.6439 0
10.5698 -142.459 0
7.49674 -137.098 0
29.9204 -79.7393 0
85.7593 365.075 0
40.0841 382.122 0
32.6189 373.917 0
24.2274 384.909 0
36.1177 384.871 1
268.59 49.7334 1
267.552 9.24544 0
257.09 103.827 0
269.85 157.827 0
288.552 284.287 0
328.181 349.734 0
377.09 381.538 0
421.413 403.197 0
495.23 360.876 0
522.586 370.917 0
568.142 377.291 0
627.719 413.482 0
697.358 427.913 0
762.669 472.243 0
796.888 512.38 0
701.165 596.059 0
664.217 702.206 0
597.376 837.726 1
581.926 897.728 0
606.951 935.892 1
537.229 518.191 1
530.084 515.861 0
529.015 531.004 0
542.479 611.687 0
589.947 625.111 1
562.897 605.457 1
573.203 555.468 0
604.614 521.955 0
730.312 409.292 0
735.373 425.823 0
737.685 481.674 0
725.427 492.198 0
600.258 698.242 1
667.759 809.245 1
783.651 830.828 1
869.003 1093.29 0
968.074 1111.42 0
1047.02 964.834 0
1031.4 1065.6 0
1021.47 881.371 0
859.831 2068.31 0
781.319 1921.13 0
767.099 1832.46 0
731.153 1790.52 0
697.698 1788.31 0
684.697 1781.68 0
695.456 1755.6 0
701.727 1692.11 1
