36.9481 -51.7158 0
16.432 -149.89 0
-2.41384 -171.386 0
2.77955 -212.182 0
40.0351 -196.478 0
1031.63 -203.454 0
896.874 37.7445 0
867.342 56.0511 0
871.452 -5.60562 0
897.416 -111.716 0
912.76 -120.029 0
906.739 -91.1208 0
1025.25 -217.188 0
934.576 -272.457 0
898.774 -260.241 0
1182.7 -294.498 0
1814.17 -181.268 0
1804.07 -170.748 1
1416.72 -306.979 1
1419.75 -344.504 0
1378.63 -326.459 0
1391.86 -261.822 0
1330.05 -276.696 0
1292 -217.778 0
1332.17 -177.533 0
1478.48 -160.775 0
1531.19 -175.472 0
2234.23 -270.094 0
2372.08 -216.607 0
2536.89 32.4062 0
2508.43 72.1775 1
2528.36 22.547 1
2478.25 77.8932 0
2494.6 105.027 0
2582.88 168.158 1
2607.88 115.886 1
2593.27 57.8302 0
2906.67 -440.289 0
2869.83 -413.157 0
2889.85 -341.806 0
2877.74 -284.642 0
2893.51 -326.181 0
4305.12 -1123.96 1
4290.9 -1137.76 0
4137.56 -1091.31 0
4643.2 -1129.02 0
4509.61 -746.992 0
4593.73 -841.389 0
4360.51 -389.482 0
4386.71 -434.276 0
4427.02 -510.113 0
4429.62 -498.135 0
4547.64 -651.478 0
4558.98 -642.424 0
4553.73 -613.619 0
4537.13 -573.985 0
4528.02 -575.468 0
4532.08 -860.888 1
4700.36 -952.042 0
