-22.1634 -11.8281 0
8.72355 38.9874 0
45.2349 70.9038 0
36.4358 50.4595 0
86.8501 -59.2981 0
43.062 -43.5541 0
37.9076 -79.3745 0
53.4545 -128.434 0
-14.7815 -158.302 0
62.0824 -109.18 0
133.984 23.6715 0
208.247 33.7826 0
292.791 107.149 0
320.952 109.541 0
330.405 110.433 0
368.005 115.548 0
351.295 172.733 0
353.979 242.585 0
393.331 222.7 0
392.555 176.3 1
208.881 125.075 1
192.853 111.838 0
188.463 126.157 0
227.727 248.467 0
205.864 222.413 1
176.162 -39.4744 1
100.079 -52.5066 0
74.55 -33.0908 0
55.4968 -13.8927 0
29.1407 -0.818448 0
29.1227 -39.627 0
84.1343 -30.2866 1
232.428 16.3487 1
213.227 -24.2531 0
232.699 9.81271 0
213.076 10.7555 0
187.662 33.3447 1
419.201 192.452 1
466.962 219.118 0
485.793 234.469 0
511.543 172.08 0
534.43 149.752 0
674.856 162.98 0
287.274 589.032 0
373.96 596.532 0
807.258 901.92 1
988.404 696.75 0
1060.42 817.061 0
1020.86 819.442 0
1010.25 840.159 0
986.896 798.156 0
938.175 726.422 0
910.373 669.161 0
895.113 633.243 0
883.795 626.748 0
1279.04 576.142 0
1336.56 504.796 0
1359.7 405.874 0
1308.52 360.895 0
1299.76 446.341 0
1532.19 261.571 0
1570.54 244.648 0
