-8.39618 4.69868 0
61.8937 51.2028 0
56.1252 174.201 0
-10.4548 143.223 0
150.048 206.856 0
118.722 266.865 0
87.1306 270.665 0
58.1211 274.281 0
73.4281 290.694 0
27.903 292.353 0
31.5985 222.334 1
52.552 175.769 1
51.5765 169.372 0
162.265 76.7609 0
166.961 79.585 0
167.049 86.7342 0
154.066 109.013 0
9.78944 437.783 0
84.8426 417.35 0
100.366 504.803 0
158.999 365.705 0
204.378 426.346 0
246.515 477.667 0
306.071 602.527 0
285.165 605.501 0
276.623 591.883 0
285.948 595.138 0
290.309 643.389 0
252.837 688.282 0
252.487 650.482 0
-34.9581 545.2 0
-5.21454 526.471 0
194.516 446.942 0
670.754 203.12 0
702.683 119.125 0
700.032 86.7049 0
698.619 80.5739 0
742.105 84.7131 0
678.493 286.251 0
857.707 -5.35376 0
1195.68 -262.807 0
1148.57 -378.966 0
1094.04 -447.79 0
1018.07 -416.148 0
1020.38 -396.578 0
281.88 -82.5509 0
357.691 -63.2932 0
-132.326 85.789 0
-222.11 59.9499 0
-225.561 99.549 0
-467.653 99.4114 0
-523.601 107.499 0
-520.487 182.393 1
603.078 317.24 1
855.618 148.141 0
956.086 50.7086 0
868.226 158.836 0
873.995 106.319 0
780.596 112.37 0
743.321 71.2627 0
405.048 431.344 0
718.85 421.523 0
680.74 414.434 0
702.989 541.896 1
2130 -2908.13 1
2176.02 -3389.14 0
2094.57 -3328.28 0
2127.38 -3331.84 0
2232.24 -3386.71 0
1656.68 -2647.25 0
1751.11 -2591.83 0
1674.47 -2558.99 1
1682.27 -2588.13 1
1628.95 -2556.01 1
972.182 -2585.93 1
948.204 -2560.2 0
1001.77 -2440.98 0
1062.61 -2395.25 0
1089.93 -2385.43 0
1093.43 -2286.65 1
1049.59 -2222.49 1
1305.14 -2138.66 0
1335.51 -2162.38 0
1345.82 -2192.65 0
1487.56 -2462.6 0
1454.94 -2494.06 0
1470.92 -2456.82 0
1504.12 -2433.11 0
1506.65 -2400.85 0
1487.42 -2364.29 0
1526.89 -2332.37 0
1480.02 -2351.27 0
1527.88 -2283.74 0
1558.12 -2260.38 0
1576.85 -2245.11 0
1563.35 -2257.86 0
1646.95 -2204.59 0
2037.35 -2140.86 0
1991.98 -2179.69 0
1992.87 -2158.12 0
2564.55 -2273.2 1
