0.983074 -63.7825 0
-3.16112 -66.5498 0
-5.63834 -39.431 0
211.447 -117.404 0
208.418 -134.56 0
248.369 -184.036 0
252.664 -172.635 0
243.915 -94.1763 0
237.894 -191.284 0
269.669 -160.587 0
290.979 -162.341 1
259.011 -112.495 1
248.031 -114.433 0
240.457 -116.711 0
307.5 -91.9158 0
569.349 -4.60178 0
618.699 -78.6511 0
640.908 -93.5573 0
661.058 -283.911 0
677.821 -299.678 0
682.64 -298.17 0
653.916 -282.318 0
627.875 -262.252 0
567.706 -264.512 0
619.375 -363.128 0
590.615 -371.724 0
707.27 -24.6516 0
903.433 -1098.74 1
815.685 -911.953 1
848.816 -1306.35 1
869.805 -1260.22 0
815.522 -1271.86 0
791.355 -1223.64 0
793.869 -1191.35 1
950.419 -1292.13 1
917.296 -1278.57 0
901.135 -1270.49 0
901.81 -1283.21 0
885.708 -1260.75 0
900.563 -1270.58 1
920.704 -1293.65 1
832.619 -1289.59 0
762.176 -1303.94 0
741.926 -1210.4 1
6713.81 5086.7 1
