16.8319 -40.1116 0
0.481504 -21.4568 0
-8.64513 -19.5473 0
-6.17857 25.1834 0
18.3444 35.8407 0
152.463 20.1707 0
-432.109 247.013 0
-523.292 299.5 0
-597.998 282.573 0
-904.481 1.7731 0
-896.293 -12.8638 0
-964.22 -8.80796 0
-956.461 -11.7343 0
-911.521 -26.0351 0
-894.529 -57.6292 0
-960.166 -151.357 1
-143.079 466.602 1
-43.8189 489.975 0
46.6042 431.116 0
-1.39116 460.846 0
-96.9327 665.973 0
-184.307 697.782 0
-225.441 745.238 1
-595.488 712.371 1
-692.788 697.1 0
-998.049 633.063 0
-1288.58 588.883 0
-1280.49 638.352 0
-1267.72 640.304 0
-1289.15 814.032 0
-1199.7 842.04 0
-1195.51 933 0
-958.031 835.315 0
-4275.52 864.887 1
-3773.97 1404.8 0
-3737.8 1397.18 0
-3718.59 1349.18 0
-3819.14 1189.11 0
-3732.63 1183.7 0
-3722.25 1154.53 0
-3358.97 852.737 0
-2025.16 -356.188 0
-2040.36 -372.275 0
11566.9 -3248.77 0
11530.5 -3508.08 0
11531 -3403.76 0
11578.4 -3389.25 0
11620.6 -3395.29 0
11655.7 -3302.56 0
11652.4 -3222.03 0
11639.2 -3127.76 0
11664 -3074.22 0
11675.7 -3074.82 0
11704.7 -3158.3 0
11690.4 -3069.92 0
11679 -2884.65 0
11565.9 -2814.28 0
11492.7 -2873.7 0
11515.8 -2804.12 1
11518.9 -2807.54 1
11582 -2836.02 0
11586.9 -2880.16 1
11535.4 -2569.63 1
11545.9 -2553.81 0
11494.6 -2533.38 0
11388.5 -2565.48 0
11333.9 -2604.91 0
11310.3 -2655.01 0
11376 -2577.07 0
11383.4 -2557.48 0
11356.6 -2440.02 0
11305.8 -2462.71 1
12030 -2753.51 1
12053 -2791.51 0
12079.3 -2791.23 0
12068.1 -2784.25 0
