-2.04342 287.238 0
14.4746 173.172 0
55.1992 203.061 0
68.9863 243.653 0
2641.45 -339.492 0
2721.41 -309.237 0
2704.97 -244.327 0
2669.51 -241.787 0
2636.27 -220.267 1
2575.39 -126.183 1
2716.92 -153.906 0
2800.47 -273.127 0
2868.47 -394.866 0
2902.48 -523.162 0
2790.26 -606.666 0
2782.61 -565.773 0
2764.57 -301.728 0
2481.81 188.807 0
2934.84 200.036 0
3211.31 -36.3609 0
2243.87 27.2583 0
2302.03 63.0382 0
2427.43 -377.823 0
2453.05 -432.027 0
2500.71 -427.988 0
2500.31 -426.349 0
2625.32 -450.999 0
2559.77 -412.787 0
2571.63 -371.395 0
2568.61 -439.518 0
2560 -407.833 0
2566.51 -533.2 0
2540.36 -506.188 0
2802.42 -604.467 0
2657.46 -598.111 0
2386.5 -520.162 0
2373.94 -440.54 0
2372.55 -350.904 0
2366.17 -326.303 1
410.611 -496.171 1
390.902 -469.657 0
429.231 -489.501 0
384.031 -489.305 0
393.59 -549.142 0
431.303 -538.355 0
392.532 -544.407 1
49.5648 -661.182 0
62.4813 -559.601 1
-11.234 -508.677 0
-589.965 -250.018 0
-789.781 -70.5184 0
-1087.55 145.374 0
-1151.35 253.672 0
-1101.91 313.381 0
1198.85 561.197 0
