-7.44224 126.973 0
-51.9048 154.566 0
-17.3593 230.607 1
-184.103 214.824 1
-194.672 212.017 0
-136.516 151.518 0
-91.5712 132.406 1
-105.879 112.926 1
-50.081 85.6943 0
26.6614 102.034 0
45.6341 145.563 0
199.162 78.9594 0
226.386 9.02752 0
203.132 -42.2964 0
211.918 -2.61211 0
256.723 10.6088 0
241.717 106.042 0
267.413 141.279 0
275.996 170.479 0
412.495 91.4929 1
390.726 103.017 0
401.222 151.725 0
372.681 189.538 0
337.061 191.148 1
224.39 56.9097 1
172.906 37.8227 0
334.057 15.9359 0
337.658 7.12022 0
339.506 58.2044 0
257.093 139.144 0
194.853 187.795 1
27.8486 687.183 1
56.5815 609.316 0
32.3993 608.533 0
-56.6172 592.85 1
-109.808 533.718 1
-130.694 552.232 0
209.502 805.837 0
207.225 649.486 1
-566.03 -165.3 1
-643.358 -283.936 0
-480.52 -335.17 0
-399.838 -348.067 0
-267.637 -291.271 0
229.153 -289.704 1
719.633 -1019.42 0
702.34 -1066.84 0
677.367 -1086.8 0
648.468 -1098.01 0
638.152 -1088.33 0
601.439 -985.071 0
478.208 -453.392 0
473.01 -464.113 0
458.589 -505.276 0
1214.36 372.088 0
1199.15 322.804 0
1180.04 289.128 0
1034.76 221.591 0
1030.31 221.755 0
1154.92 50.0188 0
666.998 380.019 1
686.961 379.054 0
716.514 330.697 1
609.166 371.596 1
693.91 420.544 1
754.44 371.897 1
802.484 388.189 0
867.458 337.79 0
895.169 412.643 0
867.285 522.613 0
821.845 518.65 1
932.03 460.672 1
868.943 517.409 0
755.385 648.035 0
601.222 752.644 1
167.305 776.197 1
152.836 772.733 0
137.384 770.45 0
-176.379 833.364 1
-175.15 856.983 1
-284.941 857.279 1
-245.511 814.814 1
-131.166 677.499 1
-174.587 667.822 0
-160.991 687.142 0
-182.451 723.275 0
-285.172 733.788 1
9.58484 879.6 1
665.691 618.044 0
653.141 663.749 0
763.292 840.568 0
2186.1 1335.58 1
2115.22 1450.47 0
2032.95 1504.27 0
4055.87 1106.24 0
