6.84524 7.78274 0
-47.8943 29.2767 1
-28.3114 68.6893 0
-17.3889 -2.5592 1
50.6571 -32.2865 0
65.0245 -46.3283 0
117.401 -121.113 0
158.038 -223.078 0
126.181 -214.028 0
123.192 -207.449 0
111.004 -172.933 0
120.866 -142.928 0
70.9918 -26.0993 0
53.9529 -57.1604 0
129.742 -99.7498 0
93.0112 -87.5083 0
93.4545 -84.3242 0
95.1792 -67.8572 0
8.07563 -89.1697 0
-37.561 -113.332 1
1130.7 -70.5425 1
1091.23 -60.493 0
1061.96 -53.5463 0
1066.96 -26.679 0
1127.41 -2.59468 0
1392.74 -291.838 0
1403.18 -181.18 0
1499.83 -244.25 0
1464.48 -202.404 0
1431.33 -159.046 0
1433.64 -11.4584 0
1385.18 -36.3885 1
1359.04 -35.6829 1
1378.81 -37.1889 0
1399.88 -56.9629 0
1418.47 -110.347 0
1458.69 -107.799 0
1526.94 -84.7359 0
1550 -22.1662 0
1499.22 -31.139 0
1515.84 -27.8034 0
1532.53 -25.6785 0
1565.51 86.9907 0
1541.73 90.3237 1
1546.32 98.1281 1
1575.16 -12.4957 0
1668.81 -146.788 0
1648.4 -35.32 0
1507.29 9.94258 0
1537.02 26.9853 0
1288.07 20.6611 0
1219.85 100.237 0
1211.61 87.5886 0
1186.41 4.46862 0
1172.19 -25.1682 0
1169.51 -69.1975 1
1262.04 -30.4738 1
1258.86 -0.0548916 0
1290.59 42.5596 0
1310.6 74.1478 0
1318.16 94.666 1
1494.55 107.163 1
1517.58 96.4482 0
1529.77 65.7876 0
1513.09 101.311 0
1532.13 208.179 0
1514.03 231.646 1
1468.22 142.287 1
1471.64 144.656 0
1702.49 -63.0569 0
1823.37 -297.673 0
1908.71 -289.581 0
1880.83 -349.285 0
1904.67 -415.366 0
1920.3 -405.199 0
1939.26 -366.327 0
1910.27 -378.859 0
1723.96 -92.2575 0
1751.89 -31.3312 0
1727.35 -24.0009 0
1689.69 -88.7772 0
1651.68 -123.793 0
1708.99 -120.596 0
1641.49 -135.919 0
1573.21 -132.342 0
1082.32 -148.799 0
1028.28 -139.547 0
984.513 -151.78 0
901.991 -125.928 0
936.326 -60.7238 1
765.35 100.335 1
312.019 187.253 0
564.943 213.011 0
929.379 91.2975 0
853.302 2.74708 0
860.016 -59.4316 0
872.26 -115.233 0
836.746 -125.517 0
817.851 -162.904 0
