15.6377 59.8043 0
81.0101 135.088 0
37.8181 242.581 0
163.418 221.519 0
200.299 195.625 0
395.458 -121.013 0
256.562 -27.2762 0
288.121 -33.1611 0
394.481 -25.5101 0
403.763 -42.9873 0
489.546 -96.5605 0
520.078 -154.529 0
488.716 -142.92 0
472.055 -125.949 0
367.98 -93.2312 0
635.556 -224.175 0
693.818 -302.184 0
763.553 -333.624 0
781.584 -398.867 0
784.319 -447.362 0
735.675 -186.637 0
594.782 50.1277 0
494.591 138.765 0
-24.9335 753.797 1
1226.5 137.588 0
1158.67 135.145 0
1251.88 -153.505 0
7131.25 -1824.73 0
7164.81 -1944.53 0
7107.4 -2053.06 0
6631.86 -2618.44 0
6585.63 -2661.3 0
6723.71 -2563.77 0
6770.16 -2499.96 0
6809.59 -2565.64 0
7365.26 -2444.5 0
7311.8 -2384.67 0
7284 -2473.27 0
7263.05 -2499.97 0
7130.41 -2456.22 0
7143.45 -2478.38 0
7206.01 -2514.69 0
7181.12 -2483.89 0
