19.5569 43.5625 0
-25.2516 113.685 0
-61.721 145.186 0
-70.0829 115.079 1
86.468 -155.861 1
101.988 -236.439 0
118.409 -244.894 0
113.188 -229.663 0
123.241 -182.491 0
113.928 -159.87 0
119.656 -111.489 0
169.848 54.4848 0
181.047 17.9456 0
190.663 -48.1928 0
204.291 -75.3484 0
186.95 -76.7774 0
201.426 -106.599 0
170.952 -57.5117 0
157.801 -27.1618 0
164.013 22.1143 0
188.804 39.5388 0
217.636 14.1808 0
346.915 -136.684 1
342.847 -91.2556 1
372.921 -43.6364 0
374.707 -3.33912 0
304.408 -41.2762 0
282.844 -1.54807 0
278.118 67.14 0
222.543 117.131 0
199.442 162.118 1
618.981 -169.993 1
612.577 -114.678 0
623.306 -68.6394 0
723.066 -81.7426 0
754.874 -49.4132 0
762.75 -29.2693 0
628.319 56.3218 1
-86.4099 -145.787 1
1100.65 -79.9224 0
1074.71 -67.2309 0
1074.78 -84.2995 0
1089.35 -160.326 0
1083.75 -157.716 0
982.902 -72.1018 0
978.613 -63.6209 0
991.958 -49.5358 0
896.844 -51.3717 0
1230.34 -84.148 0
1727.01 -369.225 0
1733.04 -378.167 0
1364.42 -133.899 0
1366.3 -82.8329 0
1347.03 -81.9691 0
1315.78 -87.0788 0
1304.44 -78.7935 0
1268.61 -108.684 0
1239.53 -114.562 0
1223.41 -107.522 0
1223.12 -111.32 0
1216.61 -110.915 0
1181.88 -98.3375 0
1157.08 -89.5236 0
1606.12 -165.687 0
1608.93 -175.846 0
1598.52 -219.418 0
1533.06 -231.63 0
1437.62 -116.623 0
1529.57 -42.6965 0
1570 -13.9503 0
1610.65 17.8224 0
1643.82 15.0398 1
6653.1 -1407.83 1
