6.84856 -49.2055 0
40.1091 -50.8245 0
43.2461 -32.2464 0
35.382 -5.66858 0
27.5717 23.2305 0
17.616 31.9911 0
10.9724 55.8219 0
0.764082 -26.2681 0
133.169 -811.542 0
145.047 -881.987 0
162.974 -948.285 0
183.803 -935.898 0
176.426 -901.634 0
171.499 -817.545 0
186.754 -764.791 0
200.433 -698.883 0
105.481 -695.025 0
83.6627 -637.185 0
31.7569 -665.077 0
42.9308 -740.878 0
48.1451 -691.46 0
75.6049 -631.344 0
118.448 -535.9 0
263.266 -350.749 0
333.349 -379.998 0
470.902 -465.679 0
162.699 -228.483 0
-237.204 -301.377 0
-375.818 -100.793 0
-222.444 -238.622 0
-707.238 -509.814 0
-745.364 -515.606 0
-509.069 -604.542 0
-489.364 -1199.59 0
-473.264 -144.12 0
-260.8 -156.787 0
-385.405 -323.862 0
-298.728 -242.446 0
-302.577 -242.097 0
-798.712 -259.837 0
-811.781 -224.898 0
-787.839 -236.417 0
-749.83 -303.321 0
-719.484 -278.129 0
-697.281 -284.443 1
-1915.56 -468.128 1
-1857.86 -433.274 0
-1804.93 -459.967 0
-1780.98 -489.409 0
-1771.93 -478.615 1
-8557.42 1653.09 1
-7947.75 1596.48 1
-8085.1 1628.36 0
-8100.69 1660.49 0
-8101.04 1701.35 0
-8123.18 1763.27 0
-8150.93 1862.74 1
-7182.73 2792.46 1
-7174.92 2817.66 1
-7115.75 2900.35 1
-7623.23 2758.78 0
-7637.92 2746.55 0
-7639.95 2705 0
-8568.6 2867.54 0
-8622.36 2858.62 0
-8646.96 2871.94 0
-8703.15 2864.63 0
-8754.7 2884.35 1
-8680.15 2877.28 1
-8651.95 2852.26 0
-8622.42 2961.55 0
-8663.19 3019.11 0
-8687.99 3046.62 0
-8702.4 3050.06 0
-8787.71 2994.75 1
-16988.8 1558.81 1
-17021.7 1554.96 1
-11897.4 2608.9 0
-11820.1 2439.04 0
-11777 2365.35 0
-11855.6 2308.53 0
-11869.6 2266.78 0
-11791.3 2105.76 0
-11746.3 2099.93 0
-11771.2 2105.31 0
-11792.3 2130.14 0
-11780.6 2155.86 0
-11790.1 2104.83 0
-11782 2066.22 1
-11782.8 2081.99 1
-11776.2 2062.55 0
-11778.1 2037.85 0
-11738.4 2001.47 0
-11571.4 2108.09 0
-11430.5 1985.24 1
-11422.9 1977.88 0
