-19.126 25.431 0
-90.1793 24.3077 0
-98.1375 35.7494 0
-116.643 86.6143 0
-32.4401 124.941 0
-47.9518 167.405 0
-196.686 283.913 0
-190.838 288.481 0
-159.177 318.226 0
-167.133 349.143 0
-71.1845 333.597 0
-51.2696 338.685 0
38.8378 273.493 0
91.798 290.839 0
121.605 312.737 0
89.1464 352.581 0
48.8953 341.279 0
10.1132 319.412 1
-24.6437 284.893 1
14.3109 201.381 0
50.339 122.949 0
62.2936 70.1915 0
40.4965 31.2923 0
326.03 -102.161 0
329.134 -44.8813 0
317.714 -77.617 0
-23.7087 -77.0994 0
-45.73 6.54538 0
-159.009 190.475 0
7.64749 220.547 0
54.8117 606.29 0
85.4998 1157.03 1
94.402 1328.84 0
195.616 1484.12 0
169.732 1513.49 0
29.7865 1483.11 0
42.568 1509.95 0
46.2903 1414.33 1
-25.3496 1331.2 1
13.0893 1223.9 0
-29.1584 1205.32 0
83.1108 1196.18 0
977.504 -268.173 0
888.949 -192.389 0
1430.65 -2213.46 0
982.325 -502.935 0
929.221 -444.905 0
753.886 -1560.94 0
670.491 -1606.83 0
635.804 -1606.58 0
654.105 -1636.26 0
645.937 -1633.22 0
292.799 -2115.28 0
279.601 -2189.53 0
249.235 -2207.89 0
239.112 -2194.07 0
230.23 -2136.92 0
187.254 -2053.64 0
211.354 -2054 0
270.429 -2086.14 0
267.956 -1980.93 0
317.055 -1981 0
1801.58 -3251.66 1
1745.59 -3157.69 0
1725.44 -3221.36 0
1743.07 -3193.61 0
1692.26 -3181.49 1
1654.24 -3150.58 1
1613.67 -3069.77 0
1601.94 -2953.04 0
1181.85 -2934.71 0
1114.44 -2886.35 0
