14.0158 74.1816 0
69.9359 132.046 0
44.8894 173.382 0
-124.854 248.745 1
-276.403 234.869 1
-70.3991 -119.728 0
-144.857 -393.217 0
-149.562 -394.169 0
-173.826 -472.639 0
-167.104 -528.698 0
-157.744 -539.974 0
-207.875 -552.036 0
-226.568 -566.18 0
-327.801 -571.352 0
-308.127 -607.847 0
-218.269 -640.798 0
-216.667 -615.816 0
-250.634 -562.394 0
-293.993 -604.376 0
-301.802 -570.245 0
-188.759 -405.55 0
-34.9655 -369.368 0
-38.5434 -359.82 0
-94.8315 -277.099 0
-127.9 -286.472 0
-125.309 -278.042 0
232.75 -194.972 0
214.9 -164.616 0
217.716 -168.213 0
224.409 -175.937 0
162.495 -180.947 0
181.865 -129.838 0
154.245 -103.215 0
195.859 -107.998 0
212.065 -113.49 0
236.753 -80.2098 0
328.425 -74.4009 0
219.879 31.9125 0
173.393 43.6519 0
208.379 48.1643 0
247.746 53.9295 0
215.326 59.0178 0
160.123 29.4369 0
146.638 3.68567 0
59.6061 -42.8794 0
187.688 -44.7172 0
249.279 -177.665 0
261.635 -184.597 0
236.827 -135.085 0
448.969 -115.483 0
431.935 -168.982 0
431.594 -215.859 0
482.453 -277.625 0
476.03 -236.057 0
472.572 -250.42 0
517.206 -465.423 0
522.332 -538.395 0
471.63 -536.676 0
544.506 -540.716 0
657.63 -481.892 0
638.361 -469.888 0
524.185 -431.591 0
594.606 -479.544 0
570.586 -426.399 0
534.855 -455.389 0
531.453 -451.335 0
536.409 -448.662 0
550.823 -492.935 0
449.779 -388.743 0
521.831 -471.168 0
589.521 -482.461 0
634.518 -491.045 0
707.418 -565.458 1
799.178 -692.184 1
802.205 -787.445 0
822.719 -889.644 0
800.84 -857.054 0
786.939 -855.31 0
950.107 -1144.37 0
959.707 -1180.23 0
965.688 -1209.66 0
986.446 -1266.06 0
1007.75 -1238.26 0
500.617 -685.115 0
545.757 -666.228 0
479.306 -527.962 0
466.008 -446.051 0
492.854 -657.256 0
523.409 -653.244 0
534.705 -615.899 0
504.289 -574.149 0
478.13 -550.998 0
530.07 -471.16 0
522.343 -438.439 0
502.545 -503.55 0
500.567 -495.208 0
544.61 -475.034 0
459.627 -419.608 0
441.725 -465.174 0
592.378 -534.733 0
598.129 -579.77 0
600.69 -575.055 0
623.215 -543.324 1
1803.66 -425.714 1
