-9.34314 -11.4146 0
-38.3019 -8.01373 0
-54.8893 52.8286 0
-61.0962 56.8015 0
-125.21 74.3058 0
-165.777 159.93 0
-195.587 198.099 0
-182.051 195.621 0
-193.035 214.255 1
887.308 -15.611 1
900.571 -21.9733 0
989.579 290.909 0
997.368 311.779 0
1018.26 315.372 0
1070.51 150.242 1
1093.92 68.3417 1
1067.28 32.9067 0
1071.15 -33.7492 0
889.418 -30.5722 0
891.878 -89.2446 0
816.616 -112.286 0
1169.37 -241.365 0
1201.66 -333.861 0
1207.32 -470.841 0
1175.7 -216.469 0
1167.83 -67.789 0
1108.41 1.32105 0
1420.31 208.035 0
1458.15 -7.77399 0
1498.81 47.4517 0
1549.99 13.8094 0
1536.79 -9.81284 0
1550.3 -60.0537 0
1561.62 -113.067 0
1561.96 -148.814 0
1521.84 -104.524 0
1490.53 22.5517 0
1472.19 -231.452 1
1476.15 -232.279 0
1475.35 -238.183 0
1464.91 -258.664 0
1465.87 -292.409 1
1521.17 -286.466 1
1523.86 -186.476 0
1552.58 -173.357 0
1561.92 -140.492 0
1574.53 -121.92 0
1602.21 -112.11 0
1631.61 -114.254 0
1623.19 -107.464 0
1580.16 -65.4863 0
1585.99 -44.962 1
869.26 391.426 1
879.609 456.099 0
866.06 493.996 0
1075.98 446.365 0
1131.94 486.449 0
1123.2 482.935 0
1154.24 504.644 0
1168.05 490.531 1
1225.35 543.768 1
1265.75 607.668 0
1279.84 614.773 0
1284.25 611.947 1
1226.8 494.892 1
1273.91 547.51 0
1264.19 716.834 0
1201.56 769.982 1
3953.4 63.6117 1
