2.07702 -4.32882 0
-20.2797 -65.9372 0
-18.7311 -115.159 0
-59.3407 -164.261 0
5.3924 -198.054 0
-11.9816 -226.76 0
16.8019 -254.657 0
47.8766 -308.104 0
63.2269 -322.035 0
45.9477 -373.567 0
79.3657 -300.814 1
120.263 -234.182 1
-15.7444 -250.862 0
31.5897 -181.009 0
-97.9578 -160.097 0
98.3642 -189.003 0
74.0035 -130.733 0
70.1291 -140.916 0
74.4875 -80.0301 0
31.0977 -181.696 0
12.5808 -265.744 0
-0.77048 -370.695 0
-0.214239 -454.873 0
98.5335 -509.79 0
109.873 -599.442 0
180.875 -539.155 0
164.081 -516.928 0
149.119 -495.335 0
171.991 -522.087 0
179.601 -507.776 0
164.495 -497.943 1
135.275 -526.343 1
201.458 -536.729 0
199.033 -651.421 0
198.517 -638.788 0
205.937 -641.494 0
202.431 -645.852 0
162.483 -679.539 0
64.5956 -601.878 0
-39.6788 -611.356 0
249.26 -1161.8 0
263.265 -1148.26 0
258.864 -1157.98 0
250.916 -1043.8 0
345.774 -995.403 0
346.208 -997.176 0
305.907 -935.406 0
337.325 -918.027 0
358.537 -941.549 0
284.753 -837.794 0
281.407 -861.63 0
339.968 -891.369 0
379.565 -736.456 0
430.049 -792.733 0
829.73 -1388.04 0
794.516 -1422.93 0
756.24 -1456.08 0
734.73 -1484.56 0
684.96 -1324.29 0
718.672 -1307.31 0
699.43 -1314.85 0
699.968 -1293.58 1
373.557 -1374.14 1
358.424 -1378.61 0
292.698 -1456.66 0
531.377 -1268.9 0
545.825 -1304.58 0
780.903 -1239.6 0
948.587 -1301.96 0
1045.71 -1446.67 0
1015.44 -1433.79 0
996.499 -1428.64 0
994.807 -1360.35 0
1031.73 -1410.77 0
441.374 -1361.24 1
489.17 -1335.95 0
545.844 -1327.45 0
573.208 -1320.72 0
620.776 -1270.74 0
1214.55 -988.285 0
934.288 -1243.24 0
756.935 -1246.34 0
679.396 -1241.16 0
