-51.9418 13.5662 0
-32.5655 -187.037 0
-81.3363 -276.846 0
386.551 -337.917 1
404.666 -242.545 0
381.717 -121.154 0
393.941 -70.0224 1
374.346 170.553 1
419.261 148.003 0
492.637 48.2658 0
672.088 181.887 0
680.12 193.154 0
752.482 198.891 0
753.068 187.405 0
753.332 190.537 0
745.794 202.348 0
738.732 265.716 0
724.03 265.716 0
771.284 278.499 1
626.408 235.708 1
692.518 200.273 0
739.24 184.161 0
701.081 361.892 0
742.759 454.086 0
677.217 410.214 0
646.343 328.934 0
829.892 117.439 0
866.288 113.171 0
846.662 122.531 0
851.094 153.711 0
842.188 195.764 0
808.844 241.127 0
907.09 265.184 0
953.798 199.745 0
1008.32 175.737 0
1004.46 196.526 0
1033.58 246.443 0
1119.09 287.366 0
1165.33 205.445 0
1105.86 221.053 0
1142.23 282.216 0
1137.3 295.429 0
1089.65 287.605 0
941.374 320.424 0
904.556 313.923 1
972.765 88.7132 1
1007.55 384.607 0
1083.59 408.141 0
1062.02 404.882 0
1020.95 368.601 0
1019.09 365.964 0
1010.86 146.999 0
1067.46 163.871 0
1119.56 93.5202 0
1500.8 -40.463 0
1494.63 -51.6619 0
1468.59 -61.3839 0
1566.02 -80.9057 0
1547.81 -114.009 0
1522.58 -186.148 0
1523.18 -135.766 0
1526.46 -120.523 0
1533.1 -130.456 0
