41.5606 -44.8694 0
-4.47712 -14.9495 0
-26.7665 -4.29514 0
-35.6954 1.15826 0
-30.4015 61.7849 0
-36.0057 171.715 0
-58.943 269.288 0
-213.999 285.593 0
-190.177 294.852 0
-228.797 232.611 0
211.802 200.626 0
265.415 216.485 0
2188.8 474.513 0
2136.72 574.608 0
2165.83 626.934 0
2190.6 596.05 1
2241.74 141.742 1
2246.32 191.59 0
2307.37 218.774 0
2365.9 227.687 0
2302.26 563.902 0
2276.43 585.213 0
2418.3 552.372 0
2414.33 576.608 0
2406.92 661.861 0
2412.47 605.487 0
2407.05 858.943 1
2407.13 838.987 1
2534.91 670.936 1
2571.6 704.898 0
2525.5 659.33 0
2574.07 737.148 0
2571.44 777.857 0
2539.99 813.288 1
2674.51 371.317 1
3011.62 48.0414 0
3067.32 59.8394 0
3027.69 80.9842 0
3014.42 121.096 0
2982.95 164.42 0
2965.98 259.503 0
3012.31 570.536 1
3176.17 724.945 1
3645.99 -711.632 0
12320.4 10014.4 0
