-14.6276 18.5019 0
-37.999 64.9404 0
-107.068 188.608 0
-244.591 230.293 0
-238.677 227.673 0
-235.59 215.405 1
10.2842 -5.4021 1
25.3218 -74.2399 0
156.357 -280.208 0
207.237 -277.455 0
206.994 -267.504 0
241.456 -246.905 0
659.532 527.489 0
207.515 1540.78 0
86.4932 1333.11 0
70.2327 868.673 0
35.2082 878.672 1
3.76874 987.414 1
184.41 752.505 1
44.8847 796.067 0
111.322 153.906 1
218.899 160.974 0
229.526 180.702 0
397.141 206.391 0
443.91 224.494 0
41.7576 -602.943 0
43.4029 -576.463 0
55.4902 -593.025 0
168.354 -646.943 0
213.021 -657.138 0
1324.03 -177.349 0
1281.22 -157.018 0
669.926 296.389 0
