-435.332 51.8366 0
-490.3 116.646 0
-445.588 240.33 0
-545.85 327.342 0
-533.102 317.461 1
922.475 -2230.17 1
888.091 -1732.13 0
583.497 -1594.57 0
625.243 -1591.43 0
671.214 -1582.66 0
327.741 -1667.4 0
312.298 -1702.77 0
300.81 -1767.05 0
333.376 -1746.34 0
417.248 -1749.47 0
586.548 -1629.46 0
761.211 -1608.84 0
739.399 -1868.49 1
636.377 -1891.68 0
706.055 -1940.85 0
785.423 -1995.2 0
779.37 -2067.19 0
798.183 -2119.17 0
563.308 -2247.92 0
588.218 -2285.75 0
652.492 -2282.8 0
675.939 -2260.21 0
647.975 -2226.66 0
511.274 -2171.92 0
423.814 -2171.7 0
428.513 -2121.44 1
704.903 -2560.01 1
723.166 -2535.38 0
736.623 -2490.96 0
805.897 -2513 0
773.54 -2475.67 0
759.603 -2430.5 0
739.015 -2383.6 0
811.062 -2344.58 0
806.026 -2185.42 0
774.848 -2066.75 0
749.685 -1757.63 0
815.249 -1869.45 0
834.097 -1892.57 0
793.699 -1830 0
788.406 -1810.03 0
803.77 -1797.22 0
420.346 -1381.38 0
385.79 -1427.14 0
376.844 -1439.78 0
425.75 -1437.28 0
415.711 -1371.61 0
463.531 -1381.84 0
524.994 -1436.41 0
997.304 -1790.64 0
1022.21 -1846.06 0
1037.42 -1954.01 0
1070.35 -1983.3 0
1067.47 -1953.08 0
1082.95 -1991.42 0
2509.46 -2685.14 0
2557.06 -2581.59 0
2541.97 -2512.29 0
2506.21 -2437.02 0
2502.64 -2354.42 0
2532.6 -2235.81 0
2525.46 -2274.38 0
2463.34 -2303.72 0
2433.01 -2319.2 0
2333.69 -2330.24 0
2393.09 -2362.15 0
2486.36 -2403.17 0
2627.13 -2427.6 0
2603.28 -2449.32 0
2638.35 -2488.23 0
2057.53 -2043.68 0
2168.9 -1905.8 1
2159.36 -1883.06 1
2138.25 -1691.64 0
2713.54 -2371.57 0
2696.53 -2394.7 0
2687.9 -2388.6 0
2622.74 -2388.63 0
2644.86 -2306.63 0
2652.61 -2302.03 0
2684.26 -2330.92 0
2719.54 -2423.31 0
