-25.6955 214.722 0
6.2651 308.003 0
76.9499 171.469 0
70.8522 120.331 0
8.98778 192.988 1
-49.1999 -811.917 1
136.451 -909.155 0
214.771 -919.697 0
277.243 -936.416 0
205.003 -858.888 1
2212.56 -113.829 1
2220.29 -108.095 0
2211.54 -41.9376 0
2306.53 31.8728 0
2295.08 74.4508 0
2269.99 130.219 0
2234.07 255.563 1
2232.56 233.459 1
2225.48 105.047 1
2252.37 459.271 1
2158.79 302.54 0
2627.25 -476.456 0
2613.81 13.6177 0
2720.49 140.054 0
2658.53 915.775 0
2542.64 934.603 0
2576.89 969.618 0
2456.19 887.289 1
2866.04 411.221 1
3003.5 325.578 0
3019.57 304.056 0
2990.86 281.117 0
3063.43 319.93 0
3087.42 410.918 0
3632.47 582.972 0
3552.43 614.463 0
4966.89 -35.807 0
5855.05 48.7966 0
5833.91 105.485 1
5735.47 -18.1644 0
5589.91 63.2425 0
5410.35 660.068 0
21693.3 -9047.72 0
