-72.1219 38.2809 0
-149.352 67.0485 0
-79.4269 103.593 0
-118.554 68.3986 0
-83.2737 55.355 0
-120.825 45.6272 0
-103.494 48.0016 0
-34.3599 82.2817 0
54.4893 120.825 0
39.576 162.24 0
32.027 260.915 0
15.384 309.542 0
11.9879 297.056 0
201.69 324.506 1
166.842 310.497 1
247.872 359.533 0
208.463 364.968 0
197.588 331.179 0
145.674 187.126 0
168.545 164.865 0
141.471 167.035 0
99.4892 200.617 0
79.8276 288.579 0
-63.7761 331.507 0
-116.399 361.752 0
-320.63 451.302 0
-341.725 484.245 0
-335.869 478.148 1
-392.697 492.073 1
-387.877 489.438 0
-380.93 480.064 0
-579.011 526.113 0
-570.362 556.057 0
-562.036 608.299 0
-1268.1 647.92 0
-1278.46 669.102 0
-1299.43 690.561 0
-669.696 569.647 0
-628.554 471.156 0
-589.639 430.107 0
-547.694 403.101 0
-614.308 613.773 0
-608.555 652.26 0
-634.133 643.034 0
-604.297 603.911 1
-597.196 619.139 1
-625.82 664.14 0
-741.77 794.186 0
-810.281 780.517 0
-856.648 828.778 0
-868.459 890.641 1
-840.879 874.245 1
-589.716 854.157 0
-61.431 696.689 0
-409.055 885.66 0
78.7327 1721.47 0
4.74818 1679.82 1
-31.6146 1635.19 1
-195.95 1511.24 1
-606.648 1249.2 0
-372.986 1286.93 0
135.166 1220.11 0
130.413 1193.48 1
265.322 1205.83 1
283.263 1206.51 0
291.296 1206.23 0
-27.205 1299.84 0
