-6.33374 66.8298 0
-14.6101 61.8268 0
-2.00555 84.0658 1
81.0512 68.8403 1
124.31 125.023 0
145.433 104.101 0
185.827 50.1775 0
189.046 95.2436 0
215.303 116.547 0
204.924 88.9922 0
253.563 78.2606 0
269.635 56.1353 0
266.805 3.27391 0
152.722 -34.5331 1
372.601 -59.7875 1
102.429 -628.928 0
167.175 -547.517 0
264.369 -467.266 0
329.051 -419.208 0
383.515 -379.405 0
396.941 -315.102 0
459.104 -281.831 0
317.053 -442.171 0
346.859 -410.49 0
352.657 -394.827 0
320.169 -377.441 1
-3747.07 -313.221 1
-3728.94 -181.268 0
-3723.13 -131.917 0
-3682.57 -68.4392 0
-3560.33 -7.22121 0
-3583.41 -11.7944 0
-2191.31 69.2206 1
-2205.86 0.432251 0
-2214.05 -6.47986 0
-2216.34 -38.6015 0
-2243.84 53.182 0
-2231.38 36.6345 0
-2191.98 40.8083 0
-2202.95 -16.4846 0
-2208.97 -66.041 0
-2141.01 -214.647 0
-2138.52 -175.419 0
-1947.48 -13.8691 0
-1909.14 9.40594 1
-1898.88 -20.7973 1
-1896.83 -1.2059 0
-1903.72 -19.501 0
-1884.93 -44.7259 0
-1905.95 113.428 0
-1835.08 273.931 1
-1572.08 14.6809 1
-1541.62 -16.9074 0
-1606.1 -117.359 0
