54.2441 45.2567 0
-37.7202 62.6832 0
35.8234 93.9672 0
14.2502 94.669 0
-15.27 21.2242 0
-70.9504 16.1137 0
-61.3236 -26.3829 0
62.8827 -83.2084 0
44.7902 -83.824 0
248.641 -200.169 0
200.434 -229.939 0
497.494 -207.97 0
438.618 -190.477 0
548.85 -273.266 0
559.32 -289.947 0
1416.38 -1138.41 0
1527.58 -1266.69 0
1496.7 -1219.51 0
1473.98 -1185.76 0
1453.72 -1200.33 0
1632.74 -1415.27 0
1652.9 -1445.75 0
1685.08 -1526.41 0
1676.42 -1508.58 0
1546.79 -1281.86 0
1563.87 -1223.26 0
1521.71 -1143.11 0
1499 -1057.91 0
1605 -794.372 0
1603.89 -785.778 0
1559.97 -822.423 0
1542.66 -822.067 0
1529.68 -819.808 0
1516.95 -832.251 0
1532.46 -916.825 0
1626.77 -1038.9 0
1493.84 -1005.47 0
2145.22 -1197.35 0
2292.42 -1364.64 0
2299.92 -1367.11 0
2361.61 -1291.02 0
2310.92 -1245.2 0
1625.25 -959.435 0
1624.36 -867.665 0
1793.65 -847.666 0
1785.14 -783.472 0
1206.61 -553.524 0
1100.43 -486.88 0
1049.53 -493.216 0
993.097 -467 1
1015.09 -468.971 1
1012.81 -477.511 1
1460.19 -1125.02 1
826.489 -1431.31 0
755.913 -1391.03 0
763.191 -1368.8 0
761.911 -1370.63 0
779.212 -1358.18 0
818.457 -1308.57 1
842.96 -1156.12 1
742.467 -1168.89 0
3141.99 -889.632 1
3112.44 -902.986 0
