64.9164 63.0463 0
79.1653 102.884 0
71.3392 88.9179 0
145.069 58.0244 0
169.745 43.601 0
175.276 26.0266 0
278.721 -129.947 0
299.774 -188.567 0
319.038 -234.873 0
298.202 -265.591 0
274.183 -311.214 0
264.595 -314.739 0
285.081 -319.54 0
279.322 -308.321 0
252.246 -314.552 0
295.654 -349.16 1
231.431 -465.49 1
217.802 -507.103 0
227.617 -568.193 0
240.976 -601.783 0
256.889 -682.13 0
195.444 -713.216 0
188.126 -688.56 0
177.734 -643.979 0
143.481 -650.187 0
160.031 -636.391 1
184.118 -631.033 1
195.609 -595.366 0
200.761 -558.856 0
215.608 -482.503 1
174.91 -455.647 1
173.587 -402.575 0
204.991 -532.959 0
242.525 -626.074 0
-46.9402 -115.907 0
-63.8112 -50.1903 0
-48.8828 30.0226 0
-26.9611 27.834 1
372.309 -25.8601 1
569.198 -122.809 0
640.793 -92.8013 0
541.68 -52.1195 1
571.521 -71.7126 1
746.929 -202.807 0
792.814 -26.8177 0
795.219 36.0597 0
803.511 130.346 0
794.494 205.077 0
770.568 299.984 0
-9.99219 947.248 0
78.7205 960.541 1
144.345 325.753 1
141.394 263.252 0
170.865 283.969 0
175.452 282.471 0
181.623 292.284 1
-4186.65 -726.492 1
-3665.55 -618.167 0
-3544.97 -694.993 0
-3420.37 -515.043 0
-3433.69 -522.529 0
-3423.57 -470.182 0
-3417.97 -409.467 0
-3446.49 -491.499 0
-3446.89 -417.48 0
-3531.89 -489.818 0
-3488.46 -498.597 0
-3507.4 -57.1331 0
-3550.33 125.534 0
-3998.14 -1243.18 0
-3995.25 -1313.32 0
-4063.56 -1330.85 0
-4082.62 -1342.54 0
-4037.4 -1289.86 1
-4041.48 -1272.41 1
-2502.59 -1129.64 0
-3158.19 318.425 0
