-20.3226 -97.1622 0
-34.0437 -164.818 0
280.289 122.626 0
286.86 191.032 0
265.131 84.6616 0
284.666 24.5833 0
294.967 14.3799 0
322.922 -40.2395 0
299.872 -18.6265 0
311.579 -8.60864 1
657.037 40.6999 1
663.537 51.0423 0
665.77 101.524 0
637.938 149.334 1
323.182 409.07 1
316.048 443.285 1
325.498 487.206 1
360.175 486.499 0
399.539 499.518 0
438.422 512.793 0
635.104 611.116 0
620.038 653.385 0
544.976 734.887 0
519.908 544.476 0
448.999 541.575 0
364.377 608.673 0
688.462 555.31 0
715.352 515.359 0
685.982 468.149 0
697.542 570.819 0
616.397 1084.88 0
599.334 1140.77 0
582.4 1149.13 0
751.467 1211.12 1
1394.46 468.907 1
1388.03 467.406 0
1383.2 426.641 0
1402.82 406.933 0
1392 439.934 0
1348.12 560.948 0
1336.61 693.483 0
1351.55 804.71 0
1327.14 967.099 0
1236.76 1358.6 0
1192.77 1442.61 0
1140.86 1488.96 0
1218.49 1431 0
1467.43 1086.23 0
1991.82 446.568 0
1974.17 513.705 0
1960.42 584.712 0
1938.65 612.907 0
1934.24 617.548 0
1917.48 703.033 0
1972 733.015 0
1961.79 712.656 0
1945.79 799.137 1
2042.05 791.264 1
2102.07 775.721 0
2339.3 918.055 0
2525.74 813.63 0
2537.9 837.625 0
