4.83349 31.8816 0
67.3285 73.1797 0
201.344 125.765 0
209.125 157.755 0
-1426.28 -461.876 0
-998.076 -303.912 0
-997.477 -319.477 0
-1635.91 -164.744 0
-1626.22 -78.5171 0
-1639.11 -93.7206 0
-1587.65 -132.887 0
-1577.03 -110.521 0
-1593.1 -101.7 1
-641.006 -817.22 1
-646.433 -802.436 0
-669.972 -775.73 0
-758.847 -684.072 0
-432.835 -1300.27 0
-258.012 -1386.16 0
-275.281 -1375.02 0
-275.446 -1421.75 0
-270.837 -1283.53 0
-294.089 -1155.52 0
-349.789 -1100.18 0
-395.639 -986.145 0
-434.813 -807.359 0
-524.466 -721.216 0
-493.52 -687.078 0
-418.263 -692.358 0
-470.724 -647.012 0
-460.575 -655.469 0
-407.055 -597.621 0
-395.632 -573.825 0
-365.402 -591.248 0
-366.766 -562.466 0
-417.492 -512.194 0
-442.291 -520.468 0
-265.458 -638.647 0
-286.196 -690.676 0
-310.283 -669.334 0
-331.952 -645.834 0
-329.089 -725.203 0
-378.5 -703.928 0
-253.7 -844.764 0
-213.139 -846.714 0
-181.532 -832.82 0
-249.241 -694.511 0
-293.939 -649.498 0
-133.718 -579.241 0
-140.247 -584.91 0
124.444 -569.552 0
154.602 -574.188 0
191.587 -550.961 0
194.414 -620.472 0
150.578 -582.392 0
114.613 -431.765 0
145.075 -422.219 1
151.029 -466.799 1
133.09 -470.312 0
135.305 -426.08 0
185.339 -489.276 0
14.378 -344.569 0
-12.6527 -471.213 0
-42.4678 -459.737 0
7.39895 -490.548 0
27.5128 -459.668 0
29.4495 -437.402 0
53.1634 -457.775 0
104.075 -498.436 0
125.275 -508.581 1
169.205 -552.698 1
130.595 -570.382 0
50.0947 -502.73 0
109.526 -620.098 0
164.786 -460.264 0
228.85 -480.726 1
-418.288 171.78 1
-401.045 89.0273 0
-1192.99 588.781 0
-1276.53 650.777 0
-1083.49 349.217 0
-1382.02 85.2204 0
-1377.66 101.099 0
-1517.91 470.571 0
-1531.39 456.982 0
-1533.01 448.636 0
-1501.83 394.806 1
-1463.78 385.914 1
-1451 245.056 0
-669.802 285.29 0
-622.397 242.033 0
-467.465 308.1 1
33.8719 -378.973 1
23.5136 -386.15 0
92.698 -341.567 0
82.5181 -338.898 0
128.895 5.70709 0
123.256 84.5989 0
