63.1903 35.8768 0
128.24 36.9557 0
100.84 -49.0019 0
1146.69 -1186.42 1
1154.83 -1210.12 0
537.692 -1478.58 0
520.899 -1494.36 0
439.057 -1409.74 0
379.611 -1457.74 0
487.506 -1424.69 0
449.237 -1422.64 0
364.775 -1444.5 0
136.454 -1478.45 0
1463.19 -1927.9 0
1412.31 -1957.11 0
1310.77 -1792.47 0
1352.76 -1744.41 0
1400.27 -1971.56 0
1403.15 -1987.25 0
1395.83 -1956.33 0
1352.07 -1861.94 0
1486.24 -1971.2 0
1496.66 -1986.47 0
1444.99 -1923.93 0
1731.56 -1920.1 0
1738.4 -1797.99 0
1690.2 -1889.8 0
1812.69 -1740.42 0
1772 -1691.07 0
1094.89 -1039.47 0
1189.74 -1014.09 0
1107.97 -963.22 0
1097.58 -1046.9 0
1222.64 -1187.76 1
1256.08 -1263.73 1
1652.21 -1074.05 1
1646.45 -1021.05 0
1739.99 -816.41 0
1709.07 -859.632 1
1714.64 -868.885 1
2086.72 -778.582 0
2087.6 -787.917 0
2108.5 -762.241 0
2103.82 -755.751 0
2223.36 -802.798 0
2210.32 -654.391 0
2269.91 -477.12 1
2321.76 -357.769 1
3094.71 213.431 0
11152.6 892.466 1
