173.307 31.959 0
589.369 24.4627 0
620.606 141.062 0
544.705 97.1361 1
573.542 45.9714 1
582.592 63.1193 0
628.388 8.23015 0
670.227 66.0092 0
706.996 133.736 0
788.455 158.958 0
940.981 988.87 0
987.316 1042.17 0
1044.21 984.626 0
1071.66 968.002 1
1077.55 929.236 1
1027.09 864.425 0
944.135 1369.09 0
940.102 1430.41 0
960.745 1510.65 0
999.118 1557.07 0
934.864 1609.71 0
907.349 1653.37 0
904.457 1539.59 1
1637.92 919.273 1
1654.07 984.452 0
1722.03 1007.03 0
1729.22 786.658 0
1716.66 758.533 0
1804.68 837.155 0
1789.99 819.922 0
1737.66 780.734 0
1751.19 763.249 0
1829.12 800.261 0
1778.44 805.669 0
1765.47 851.858 0
1607.11 890.564 0
1677.11 961.993 0
1699.98 975.952 0
2027.25 1047.48 0
2109.94 1047.9 0
