5.37466 -6.03431 0
-73.001 -35.1823 0
-119.932 -78.635 0
-62.1545 -50.7103 0
-42.151 -24.0144 0
-26.0046 17.2181 0
100.388 228.025 0
213.473 219.877 1
191.749 49.1996 1
181.347 47.0404 0
129.712 50.8556 0
103.209 76.0783 0
65.3316 132.133 0
62.9897 159.318 0
39.5853 179.71 0
81.8975 214.953 0
307.179 226.647 0
195.893 337.587 0
247.029 318 0
295.772 338.355 1
988.14 -395.19 1
989.78 -336.545 0
991.782 -292.594 0
1004.26 -293.679 0
1076.44 -443.219 0
1140.03 -399.524 0
1135.06 -386.853 1
1121.74 -451.963 1
1122.87 -459.051 0
1139.97 -471.547 0
1104.86 -420.848 0
1081.13 -373.978 0
1131.64 -334.898 0
811.124 -288.476 0
801.906 -259.864 0
818.461 -81.8052 1
-1380.84 909.978 1
-1157.09 697.444 0
-951.25 634.851 1
41.6559 625.275 0
177.534 495.551 1
184.054 605.944 1
305.673 762.712 1
277.962 830.946 0
226.874 850.233 0
