-15.1929 -2.19206 0
-275.711 -205.666 0
-358.989 -207.615 0
-349.363 175.171 0
-352.667 251.638 0
-415.275 233.742 0
-423.783 222.462 0
-416.711 264.101 1
-75.2766 106.845 1
-34.8478 96.607 0
-11.0938 151.877 0
-94.0191 135.765 0
-96.8975 123.584 1
-159.721 293.597 1
-152.711 286.955 0
-198.387 309.338 0
14.4123 206.577 0
56.5326 227.015 0
83.5667 233.761 1
247.23 288.993 1
263.048 278.415 0
331.456 215.581 0
288.571 230.013 0
284.448 275.966 0
326.987 265.63 0
56.6276 202.686 0
259.906 441.476 0
272.035 367.208 0
252.128 333.469 0
310.608 232.689 0
444.778 163.107 0
628.641 183.568 0
134.634 138.487 0
152.121 117.903 0
711.478 53.8871 0
711.123 67.9769 0
669.033 51.3773 0
-28.7164 449.403 0
77.8774 367.816 0
75.0057 233.457 0
104.472 197.261 0
99.3248 167.167 1
368.393 29.7625 1
318.742 51.0273 0
285.524 52.4394 0
294.036 68.9791 0
308.117 141.471 0
377.139 171.98 0
321.215 215.863 0
277.443 302.636 0
275.646 358.429 0
313.461 359.938 0
286.302 371.853 0
212.15 368.625 0
162.536 437.356 0
-0.340027 614.504 0
27.3743 655.306 1
368.812 48.6286 1
384.296 27.527 0
548.848 -166.745 0
645.094 -193.783 0
616.851 -166.442 0
638.438 -200.362 0
662.283 -250.208 0
730.409 -293.605 0
764.946 -298.303 0
753.143 -305.132 0
687.028 -275.774 0
724.512 -309.779 1
690.065 -297.874 1
1084.9 -469.983 0
1062.96 -509.057 0
1071.29 -426.24 0
