74.4097 -4.70168 0
120.268 -58.7486 0
68.5185 82.9004 0
43.0748 140.47 0
65.461 163.803 0
51.2469 180.298 0
66.2564 189.916 0
158.712 187.285 0
181.758 223.702 1
239.391 232.511 1
210.16 288.598 0
240.844 311.847 0
268.137 289.005 0
653.842 -201.871 1
599.917 -221.096 0
-28.5992 -600.07 0
-314.824 -804.861 0
-301.323 -810.423 0
-302.278 -809.506 0
-301.209 -808.319 0
-340.434 -846.411 0
-375.583 -909.783 0
-422.256 -920.989 0
-360.693 -915.338 0
-372.972 -964.421 0
-388.136 -981.603 1
-355.117 -972.265 1
-310.32 -914.708 0
-249.116 -974.827 1
-15918.9 -865.471 1
-16029.6 -823.222 0
-15586.5 -814.595 0
-15591.4 -783.926 0
-15604.6 -767.874 1
819140 3548.92 1
819149 -38493.2 0
