-10.64 -4.29225 0
-50.8699 5.27527 0
-67.0842 -12.9389 0
-52.2786 -40.7686 0
-7.72061 13.5997 0
16.4031 15.6675 0
30.9214 -9.57309 0
19.2912 -37.7222 0
17.906 -54.8606 0
-3.06621 -69.2872 0
-55.9194 -22.1657 0
-112.11 83.7762 0
-146.729 41.0087 1
-111.739 20.8852 1
-117.985 10.6 0
-117.165 -7.31003 0
-137.662 -49.7222 0
-122.958 -123.283 1
-106.967 -89.6732 1
-141.281 -81.6986 0
-88.3908 -34.35 0
-99.038 -37.2592 0
-132.74 -7.18687 0
-114.604 -17.8627 0
-140.915 -5.08107 0
-174.891 -3.63046 1
-74.8984 46.0346 1
-34.8155 51.5697 0
-118.838 68.5851 0
40.0684 143.255 0
117.752 191.331 0
174.064 185.495 0
233.094 148.756 0
266.957 103.452 0
282.886 76.6479 0
282.998 109.123 0
254.77 93.8523 0
325.862 128.392 0
341.753 152.976 0
821.397 -60.9352 0
797.527 -40.3523 0
766.771 -6.38744 0
818.198 -5.80413 0
866.544 -48.1112 0
869.742 8.04152 0
883.774 55.4285 0
927.222 64.9478 0
40.5031 -225.086 0
-8.86998 -209.621 0
-16.6767 -200.632 0
2.2261 -239.764 0
107.249 -240.175 0
116.001 -230.884 0
93.7409 -239.627 1
2499.96 190.999 1
2528.51 158.119 0
2503.72 221.656 0
2459.74 283.696 0
2828.74 318.384 0
2822.63 356.406 0
2848.57 367.249 1
2648.53 71.6982 1
2647.24 45.2846 0
2662.03 20.3246 0
2575.24 111.306 0
2707.74 285.643 1
2769.89 334.583 1
1532.81 320.705 0
1528.48 334.068 0
1676.72 286.43 0
1695.76 280.193 0
1716.51 284.169 0
2232.45 51.5877 0
2013.76 267.829 1
2203.85 53.2527 0
2125.84 -124.874 1
2116.52 -186.832 0
2094.99 -280.391 0
1820.27 -214.012 0
1820.3 -180.48 0
1815.11 -143.229 0
1849.38 -153.298 0
1956.79 -35.7694 0
1990.95 -7.73031 0
2076.86 22.3513 0
2201.83 12.0914 0
2119.15 2.91339 0
2326.81 -78.9503 0
2358.68 -68.8159 0
2348.7 -69.3133 1
1975.59 867.671 1
