-61.3579 86.6981 0
-97.8833 114.954 0
-171.238 239.345 0
-149.313 289.998 0
-278.597 392.8 0
-229.267 403.568 0
-205.961 402.578 0
-254.804 468.001 0
-120.234 376.72 0
-209.998 347.545 0
-215.186 345.603 0
-355.029 254.529 0
-380.359 160.146 0
-370.83 147.464 0
-436.854 423.402 0
-107.121 148.676 0
-187.498 195.379 0
-200.891 120.013 0
-199.532 48.0208 0
41.2422 -262.605 0
30.2232 -243.222 0
63.9996 -186.561 0
46.9532 -200.949 0
46.5038 -232.619 0
10.1348 -178.739 0
30.4093 -351.41 0
-74.5836 -408.24 0
48.2405 -391.191 0
92.3692 -420.497 0
-304.233 -215.852 0
-380.422 -198.5 0
-352.425 -214.731 0
-407.044 -256.374 0
-291.547 -258.766 0
-263.681 -260.549 0
-233.245 -238.551 0
-218.669 -187.613 0
-205.656 -29.6445 0
-224.307 -12.4161 0
-200.654 19.5426 1
1943.96 21.8999 1
1919.11 -56.647 0
1905.32 -118.779 0
2028.38 -130.949 0
1804.47 24.6125 0
1723.44 1.83018 0
1542.01 107.439 0
1616.87 147.941 0
1615.76 119.39 0
1624.86 71.6915 0
1676.17 116.267 1
1730.92 109.429 1
1920 -560.076 0
1961.65 -532.836 0
1932.12 -461.842 0
1942.8 -435.07 0
2145.38 -369.597 0
2213.04 -351.578 0
2165.15 75.8784 0
2298.73 82.1414 0
2267.51 113.723 0
2291.43 163.704 0
2299.39 160.445 0
2335.29 137.594 0
2380.18 152.321 0
2403.33 142.713 0
2424.51 153.469 0
2397.69 153.627 0
2354.96 85.4405 0
2571.47 103.441 0
2605.62 43.0458 0
2562.11 61.8213 0
2541.26 55.6229 0
2635.63 51.4943 0
2345.78 -287.531 0
2414.71 -341.212 0
2473.22 -400.368 0
2466.38 -351.812 0
2523.56 -360.602 0
2533.93 -358.281 0
2480.11 -261.784 0
2478.17 -206.884 0
2449.69 -165.516 0
2496.8 -160.598 0
2523.04 -157.409 0
2517.07 -155.58 0
2523.14 -142.189 1
2629.12 -282.381 1
5608.56 -1412.26 0
