5.42555 82.373 0
-2.53201 209.658 0
-34.3519 542.395 0
-25.5162 586.555 0
-54.6141 616.094 0
-31.5955 688.822 0
-53.3864 752.156 0
-80.2704 807.675 0
-84.0124 858.471 0
96.0033 319.34 1
108.46 219.586 0
107.259 168.596 0
97.7033 174.107 0
90.3446 130.472 0
173.268 218.502 0
181.974 344.899 0
-912.433 -22.8644 0
593.49 -20.6685 0
466.327 -409.112 0
343.424 -463.462 1
301.027 -348.71 1
389.063 -324.178 0
387.129 19.6625 0
485.471 52.444 1
321.518 358.159 1
288.138 452.778 0
333.398 640.703 0
359.271 655.74 1
-177.752 580.299 1
-151.883 543.999 0
-217.995 605.817 1
2404.54 401.765 1
2391.26 445.085 0
2397.35 476.305 0
2232.73 490.815 1
3743.4 685.313 1
3749.68 676.164 0
3756.58 756.139 0
3838.36 810.341 0
3834.01 843.758 0
3877.55 804.318 0
3965.77 699.517 0
3937.83 993.029 0
3829.74 988.911 0
3799.71 871.732 0
3824.66 913.741 0
3824.49 930.777 0
3955.79 927.305 1
3941.07 973.341 1
3886.71 991.415 0
3972.55 854.429 1
3892.09 912.696 1
3835.82 911.895 0
3864.81 956.858 0
3803.95 980.21 0
3783.98 971.608 0
3891.72 882.838 0
3922.92 585.784 0
4154.49 166.392 0
3961.42 50.8177 0
3940.32 2.0045 0
3943.86 103.413 0
3909.3 -179.449 0
4038.13 -322.06 0
4072.72 -167.813 0
4055.11 -87.52 0
4267.52 -433.672 0
4216.56 -402.093 0
4209.26 -388.922 0
4224.48 -346.251 0
4199.7 -353.139 0
4089.35 -278.027 1
4932.21 320.023 1
