9.65597 -23.5302 0
17.0654 -26.6517 0
-48.7107 17.3728 0
-9.41493 22.7857 0
-206.256 29.8705 0
-297.953 1.06573 0
-329.903 -0.342088 0
-249.612 -15.8507 0
-347.75 -394.323 0
-381.412 -352.947 0
-395.051 -325.056 0
-237.308 -238.539 0
812.025 -108.137 0
833.994 -108.647 1
896.913 -306.074 1
824.708 -199.321 0
840.126 -156.422 0
807.076 -110.135 0
803.546 -96.3303 0
809.188 -100.821 0
829.851 -125.622 1
565.036 -185.613 1
630.078 -191.783 0
713.206 18.0091 0
700.686 65.984 1
749.336 121.934 1
721.383 98.3942 0
732.521 97.6651 0
788.204 102.121 0
612.718 114.494 0
763.229 -37.5833 0
804.82 45.0563 0
797.335 69.626 0
854.065 95.9491 0
740.816 192.121 0
742.844 228.448 0
626.27 133.622 1
331.816 -707.841 1
356.161 -735.571 0
305.731 -756.258 0
299.262 -716.865 0
286.94 -684.674 0
254.156 -591.233 1
1129.42 -397.462 1
1106.63 -254.437 0
1140.19 -88.4052 0
1033.23 -1.64634 0
1058.09 26.5401 0
1036.38 16.8176 0
1034.6 -23.8776 1
1030.93 -52.6932 1
999.985 -97.003 0
989.094 -102.494 0
1036.4 -226.741 0
1027.75 -217.37 0
1087.51 -305.282 0
1085.47 -262.951 0
1100.06 -181.164 0
977.4 -152.709 0
943.543 -117.6 1
928.723 -31.6492 1
896.982 -109.505 0
928.491 -425.996 0
1105.27 148.37 0
1064.09 164.406 0
1060.37 172.229 0
1125.45 179.546 0
1116.36 176.055 0
1072.3 66.6868 0
1088.92 41.3502 0
1125.18 113.088 0
1121.01 143.148 0
1040.69 339.051 1
1410.92 -129.464 1
1399.36 -134.575 0
1363.36 -163.983 0
1402.89 -181.055 0
1437.38 -212.666 0
1393.46 -271.293 0
1636.32 -467.892 0
1668.07 -422.419 0
