324.312 67.236 0
398.709 -13.6954 0
633.445 -77.5192 0
597.928 -114.9 0
637.496 -110.245 0
858.231 135.081 0
942.484 83.1061 1
1021.09 197.656 1
1092.91 101.77 0
1274.12 87.5258 0
1044.31 63.0874 0
1094 184.691 0
1096.17 223.767 0
1465.98 494.218 0
1450.36 491.644 0
1398.58 505.784 0
1350.14 429.321 0
1372.53 365.032 0
1259.65 342.443 0
1256.88 387.488 0
1200.42 418.773 0
1204.64 425.258 0
1190.93 447.803 0
1107.9 432.877 1
-612.277 142.312 1
-688.469 139.757 0
153.292 -107.082 0
168.13 -46.9729 0
179.339 -5.77911 0
209.664 46.634 0
340.385 204.424 0
358.268 221.163 0
334.777 213.676 1
332.978 307.574 1
354.13 357.735 0
397.115 380.582 0
339.251 401.35 0
561.955 306.073 0
528.382 208.928 0
160.96 153.621 0
159.422 169.571 0
308.31 365.763 0
668.703 233.678 0
626.339 295.144 0
897.589 -361.228 0
448.448 5871.95 0
613.415 5856.17 0
617.154 5834.84 0
612.579 5731.54 0
595.823 5653.56 1
2082.69 21473 1
2074.12 21649.8 1
1995.68 21660.1 0
2045 21565.3 0
2034.19 21423.1 0
1983.6 21113.4 1
1993.51 21076.6 1
1988.4 21112 1
1960.5 21210.4 0
1934.59 21269.8 0
1937.09 21292.1 0
1913.66 21304.3 0
2016.13 21328.6 0
1663.87 21420.8 0
1701.32 21373.5 0
1666.42 21006.7 0
1613.11 21008.7 0
1679.42 20962.4 0
1603.37 21041.8 0
1608.8 21029.4 0
1439.72 21128.5 0
1568.67 21112.5 0
1922.82 21022.1 0
1939.75 21022.3 0
2002.49 20745.6 0
2093.93 20729.1 0
2154.24 20770.5 0
