17.0339 10.0141 0
22.6004 11.3122 0
28.5685 6.10946 0
66.0278 -71.0481 0
164.909 -139.58 0
202.074 -74.5486 0
286.432 -46.0372 0
313.308 -44.4742 0
314.916 -55.0688 0
232.587 -111.364 0
363.332 -210.249 0
355.295 -270.545 0
405.316 -200.948 0
424.804 -199.766 0
461.607 -177.879 0
522.786 -113.799 0
617.661 -37.3161 0
592.355 -9.64173 0
648.381 -13.7265 0
610.062 50.8145 0
908.985 -37.4771 1
918.838 24.9333 0
913.115 62.6875 0
916.517 92.308 0
940.377 146.684 1
869.453 -168.617 1
860.224 -176.895 0
858.722 -174.389 0
875.872 -127.553 0
834.583 -80.1628 1
-1669.49 150.131 1
-1668.07 159.569 0
-1482.96 139.333 0
-1452.54 150.728 0
-1374.89 181.622 0
-941.938 125.809 1
-915.598 61.8278 0
-872.147 7.13986 0
-878.938 19.8632 0
-837.222 -54.1599 0
-802.762 -149.719 0
-836.971 -86.1253 0
-879.049 -40.0484 0
-891.777 -5.649 0
-1050.48 36.0925 0
-1038.8 73.7472 0
-1028.77 91.6314 0
-820.181 157.051 0
-715.615 -9.14418 0
-722.269 -14.8569 0
-720.472 25.2833 0
-610.625 186.157 0
-580.857 234.754 0
-567.567 232.048 1
-602.45 272.941 1
-606.727 286.901 0
-606.61 287.273 0
-658.967 261.078 1
-503.905 197.901 1
-515.285 182.244 0
-526.467 191.596 0
-595.247 202.187 0
-587.275 283.88 0
-677.993 183.354 0
-707.029 146.11 0
-720.105 121.52 0
-655.376 92.4691 0
-468.069 174.824 0
