3.51259 5.14862 0
119.987 -98.6325 0
152.043 -130.61 0
5.6566 -70.6763 0
-13.1204 -8.78265 0
32.2974 1.17495 0
-48.6648 72.9111 0
-6.86518 -56.1422 0
-33.6583 -56.6561 0
-147.063 -55.9007 0
-126.025 42.1685 0
-74.9253 97.4804 0
99.4664 145.424 0
89.7109 197.304 0
61.0889 254.343 0
-2.73069 321.864 0
-41.6688 345.326 0
-257.782 393.576 0
-278.104 407.225 0
-288.483 389.257 0
-281.727 338.155 0
-267.828 285.487 0
-216.486 251.147 1
-159.424 454.181 1
-125.441 716.412 0
-152.097 804.094 0
-168.536 866.575 0
-193.387 862.653 0
562.722 970.961 0
572.384 958.542 0
563.119 897.91 0
587.046 771.98 0
599.89 661.641 0
779.419 313.552 0
739.084 284.71 0
721.154 291.343 0
707.362 317.97 0
658.845 397.466 0
594.289 481.432 0
626.97 508.86 0
620.969 525.436 0
618.3 531.118 0
609.413 540.452 0
504.721 645.677 0
635.249 169.048 0
649.348 185.524 0
890.238 158.882 0
799.128 240.173 0
846.145 105.363 0
829.723 56.1486 1
707.093 -62.0046 1
679.378 -53.158 0
641.934 -55.7765 0
590.155 -14.4755 0
597.922 -42.1582 0
659.101 125.213 1
849.289 128.073 1
1440.73 -196.638 0
1452.11 -221.812 0
1373.35 -228.13 0
1250.34 -146.291 0
1158.13 -101.547 0
675.029 -43.8739 0
760.378 4.33325 0
934.456 896.088 0
941.718 961.668 0
580.247 351.806 0
514.519 499.546 0
519.044 524.828 0
476.435 771.257 0
463.553 807.526 0
460.638 842.881 1
446.202 830.75 1
373.543 630.006 0
-165.429 976.698 0
-152.949 1029.39 0
9.14346 1074.46 0
-316.264 999.995 0
-525.566 1140.25 0
-594.146 1160.53 0
1133.95 1120.41 0
1189.95 1164.12 0
1190.79 1190.4 1
1830.91 1123.64 1
1925.94 1122.21 0
