36.6587 70.8504 0
194.727 105.406 0
368.243 69.2476 0
383.098 17.4242 0
391.474 -31.8284 0
394.068 -78.3894 0
403.278 -101.413 0
442.068 -224.902 0
463.313 -255.294 0
464.403 -236.205 0
495.236 -0.599213 0
464.003 20.7137 0
400.121 24.6192 0
425.164 -298.16 0
343.374 -111.22 0
622.882 -138.486 0
654.632 -134.928 0
616.72 -755.082 0
584.839 -809.091 0
535.383 -890.8 0
524.07 -837.695 0
507.05 -563.3 0
423.192 -513.471 1
192.836 -456.921 1
209.816 -438.772 0
213.184 -447.842 0
229.233 -521.555 1
242.675 -527.759 1
318.4 -626.185 0
392.072 -681.37 0
359.074 -677.627 0
389.074 -628.945 0
436.736 -566.298 0
346.616 -420.726 0
296.017 141.162 0
1061.77 -389.558 0
1075.75 -717.449 0
