-15.596 -22.3316 0
198.45 -585.176 0
241.103 -498.524 0
218.927 -455.133 0
280.404 -433.41 0
312.465 -409.314 0
371.334 -434.857 1
414.181 -385.34 1
238.994 -263.967 0
140.574 20.2896 0
95.6517 96.4053 1
63.9211 395.117 1
-90.3934 119.178 0
-139.956 119.658 0
-175.034 129.682 1
-235.185 145.743 1
-200.273 138.82 0
-216.543 126.065 1
-275.358 144.608 1
-297.357 218.849 0
-130.837 277.912 1
-1035.22 201.009 1
-678.707 252.129 0
-712.328 294.709 1
-1654.27 437.291 1
-1525.86 317.608 0
-1528.05 332.634 0
-1500.79 347.638 0
-1519.91 342.888 0
-1513.41 351.9 0
-1473.33 366.734 1
-1444.07 394.325 1
-2383.22 885.848 0
-2443.91 862.425 1
-1425.3 160.935 1
-1217.05 117.745 0
-1381.19 73.3431 0
-1383.15 63.4414 0
-1398.16 113.549 0
-1134.14 276.083 0
-950.578 -115.671 0
-1246.22 85.4824 0
-1286.5 84.1317 0
-782.61 -302.642 0
-886.782 -205.662 0
-752.074 -592.65 0
-858.26 -666.714 0
-813.136 -633.413 0
-874.03 -499.598 0
-861.903 -473.956 0
-909.824 -484.267 0
-959.053 -463.424 0
-959.107 -338.361 0
-959.599 -329.949 0
-547.663 207.632 1
-394.339 215.352 0
-407.335 222.23 0
-425.99 222.614 0
-299.454 116.395 0
-353.189 152.436 0
-553.209 326.62 0
-340.274 263.7 0
-266.005 114.493 0
-274.894 -2.85713 0
-172.086 -172.773 0
-191.699 -230.881 0
771.769 -583.361 0
749.35 -677.365 0
775.967 -637.399 0
874.326 -714.487 0
728.825 -544.071 0
771.371 -472.808 0
755.993 -416.739 0
743.539 -361.384 0
753.85 -240.626 0
833.97 -202.91 0
775.687 -213.972 0
760.262 -234.924 0
747.415 -267.094 0
750.054 -330.074 0
778.534 -396.889 0
785.589 -425.303 0
653.793 -275.151 0
727.129 -312.117 0
805.3 -319.756 0
766.07 -317.112 0
916.479 -333.426 0
404.09 -113.044 0
615.118 -212.286 0
618.753 -308.075 0
599.491 -347.748 0
597.876 -370.646 0
596.285 -417.423 0
796.925 -396.54 0
777.206 -342.387 0
