4.0943 -38.2246 0
-9.36426 -10.5116 0
278.738 -5.26306 0
241.428 -65.7365 0
266.584 -33.8944 0
259.486 25.2574 0
349.827 17.0024 0
369.44 5.89312 1
410.011 -43.7532 1
-899.728 1172.29 0
-947.691 1235.13 0
-1737.29 1418.79 0
-1752.61 1449.29 0
-1698.33 1401.74 0
-1698.15 1405.58 0
-1250.07 869.282 0
-1280.25 1396.1 0
-1346.61 1432.2 0
-1386.55 1503.03 0
-1438.74 1502.65 0
-1408.78 1501.85 0
-1006.69 1401.6 1
-952.671 1310.44 0
-910.98 1253.65 0
-829.053 1273.97 0
-805.543 1301.9 0
-791.837 1299.69 0
-789.798 1326.29 1
4438.31 2253.02 1
4301.51 1795.75 0
4385.1 1830.2 0
4479.35 1910.38 0
4279.37 2064.29 0
4478.54 2010.3 0
4247.44 2404.99 1
4287.34 2470.01 1
4296.14 2451.09 1
4278.03 2457.62 1
4294.46 2426.32 1
4417.25 2516.51 0
4420.49 2521.55 0
4684.65 2537.09 1
4758.82 2447.55 1
4753.34 2429.32 0
4776.34 2285.85 0
4761.98 2276.13 0
4649.5 2490.54 0
4665.72 2501.44 0
4694.65 2558.84 1
4765.14 2375.32 1
4736.78 2354.51 0
4733.75 2353.02 0
4474.16 2251.93 1
4481.35 2349.69 1
4459.13 2325.91 0
4704.62 2225.89 0
4705.51 2291.81 0
4692.22 2341.76 0
4724.06 2330.23 0
4713.28 2336.08 0
4966.64 2249.49 0
