-9.04354 12.5703 0
-58.4067 55.1014 0
-128.692 160.184 0
-111.705 160.625 0
-90.0186 156.504 0
-39.0808 205.006 1
-16.0489 189.457 1
-38.6399 262.473 0
-134.036 290.271 0
-167.294 361.477 0
-163.697 363.057 0
-28.9187 319.515 0
-7.56862 278.533 0
-187.553 225.411 0
-376.649 483.488 0
-328.624 517.897 0
-27.9416 489.409 0
-42.0118 484.197 0
-55.2423 544.4 0
3.66341 466.467 1
-873.07 910.345 1
-831.716 825.506 0
-818.287 807.357 1
-849.309 812.521 1
-885.975 874.131 0
-796.71 806.078 0
-1045.26 863.123 0
-967.121 877.158 0
-949.402 781.846 0
-1800.3 819.54 0
-1750.09 884.206 0
-1652.9 732.449 0
-1608.63 726.656 0
-1563.34 704.774 0
-1504.26 729.755 0
-1499.57 762.92 0
-1405.65 780.321 0
-1374.92 803.951 0
1671.78 1274.62 0
1656.85 1263.31 0
1647.1 1196.03 0
1667 1188.42 0
1635.05 1076.97 0
1687.49 1098.81 0
1697.03 963.132 0
1740.02 954.433 0
1743.14 936.792 0
1748.88 1000.25 0
1777.6 1174.94 0
1759.55 1211.89 1
1687.35 1292.04 1
1876.56 1050.83 0
1886.55 986.034 0
1856.7 982.024 0
1830.79 983.419 0
1840.01 1006.91 0
1817.72 1059.89 0
1808.37 1034.62 0
1820.86 1029.54 0
1801.83 1007.48 1
1789.36 1042.32 1
1744.13 1071.75 0
1730.65 1086.64 0
1703.44 994.352 0
1689.75 963.725 1
1734.64 1015.2 1
1755.85 1034.51 0
1969.45 1120.69 0
1951.18 1101.01 0
1923.87 1068.69 0
1832.09 1063.64 0
1804.8 1058.51 0
1797.3 1072.53 0
1820.12 1170.07 1
1959.04 1301.32 1
2679.42 1627.23 0
2671.56 1581.84 1
2831.09 1621.89 1
2863.9 1659.63 0
