-33.7663 -55.949 0
-64.5225 -62.1443 0
-99.4818 -38.9818 0
-44.006 77.7964 0
-72.8221 121.144 0
-94.0719 93.2968 0
-25.6338 110.629 1
-99.3649 175.789 1
-97.1476 170.073 0
-14.6928 218.395 0
25.1547 237.024 0
-61.3354 329.545 0
-78.726 337.725 0
-54.3659 379.321 0
-99.104 371.861 0
-103.311 338.346 1
-66.821 296.289 1
-39.9899 292.325 0
-55.5139 391.363 0
-28.8885 335.631 0
52.5993 269.578 0
119.291 133.775 0
51.1975 283.747 0
-8.08336 211.039 0
72.6569 163.386 0
150.31 185.339 0
92.3312 236.671 0
-184.826 222.626 0
-771.435 265.684 0
-814.511 321.581 0
-863.507 316.758 1
-877.194 -180.148 1
-897.458 -161.552 0
-901.141 -138.016 0
-823.501 -94.4654 0
-822.648 -132.557 1
-800.18 -178.582 1
509.563 -1051.4 0
453.472 -993.556 0
677.521 -1544.88 0
664.106 -1676.11 0
713.996 -1717.35 0
747.599 -1727.1 0
749.939 -1688.75 0
706.844 -1578.08 0
899.721 -1354.23 0
863.763 -1032.54 0
877.743 -984.189 0
730.65 -931.256 0
721.325 -872.783 0
717.169 -853.801 0
660.933 -832.092 0
601.033 -869.231 0
704.29 -1064.57 0
719.147 -1083.92 0
922.107 -973.023 0
956.002 -1002.4 0
964.119 -990.616 0
1019.23 -1456.98 0
1011.89 -1536.97 1
570.667 -1783.2 1
690.76 -1871.9 0
620.04 -1868.38 0
628.927 -1863.01 0
579.451 -1838.85 0
564.566 -1833.52 0
409.432 -1743.75 0
411.407 -1743.98 0
666.904 -1468.77 0
8922.42 -1418.27 0
