10.1498 40.2295 0
5.44577 90.5986 0
-5.28954 112.835 0
-16.5462 131.885 0
9.17959 141.604 0
27.671 132.952 0
38.4793 132.792 0
75.4905 20.6686 0
90.5524 -82.4052 0
59.8821 -62.437 0
20.6478 -25.8815 0
-45.3132 23.444 0
-61.7339 36.1212 0
-88.3125 -75.4013 0
-125.153 -104.329 0
-126.531 -102.738 0
-114.317 -71.993 1
-153.167 4.81902 1
-79.4291 -6.99178 0
-93.6816 25.6161 0
-18.6783 43.451 0
-49.8211 60.8305 0
-52.344 114.168 0
-72.6456 172.282 0
-23.3203 222.505 0
58.8598 224.035 0
63.9275 246.995 0
71.8691 251.295 1
64.0171 150.455 1
71.9837 205.583 0
121.405 230.206 0
218.768 106.913 0
176.555 63.6752 0
238 89.1887 0
501.134 88.0915 0
-144.852 759.382 0
-192.452 932.603 0
-211.9 1007.97 0
-225.073 1071.44 0
-18.4289 892.768 1
-11.0548 665.222 0
-77.3676 634.776 0
-181.288 634.19 0
-239.338 635.693 0
-312.58 583.524 0
-330.57 535.596 1
-248.882 533.721 1
-227.354 641.662 0
-147.614 828.883 0
141.234 514.638 0
1964.23 -281.709 0
1947.01 -190.653 0
1886.36 -5.82185 0
2742.14 -389.285 0
2721.99 -318.902 0
2709.27 -251.263 0
2706.15 -187.2 0
2691.41 -185.156 0
2782.65 -72.0127 0
2804.91 -12.6268 0
2863.55 -24.478 0
2852.11 11.9925 0
2942.59 -40.1604 1
1994.28 -700.048 1
2017.17 -705.394 0
2063.24 -661.879 0
1904.78 -593.965 0
1863.25 -585.709 0
1827.51 -558.674 1
2786.37 -694.429 1
2776.26 -672.175 0
2761.6 -640.097 0
2675.3 -695.46 0
2671.52 -485.594 0
2703.9 -423.348 0
2749.23 -465.954 0
2773.88 -555.122 0
2764.01 -564.921 0
2731.33 -548.251 0
2791.62 -407.529 0
2813.35 -388.763 0
2829.97 -365.864 0
3289.25 -1073.94 0
3225.54 -1104.46 0
3149.32 -1105.51 0
