70.9723 -42.0023 0
-17.8462 -126.035 0
110.516 -77.0551 0
194.616 -196.138 0
190.697 -243.819 0
29.2998 -295.166 0
53.2547 -284.585 0
113.12 -292.063 0
87.7666 -266.761 0
117.181 -278.675 0
152.487 -454.109 0
179.224 -449.583 0
224.168 -432.559 0
237.168 -429.806 0
71.8775 -387.943 0
149.465 -319.957 0
151.89 -356.866 0
164.775 -371.782 0
-50.8302 -402.026 0
-41.3858 -396.871 0
194.655 -467.211 0
158.729 -448.98 0
143.427 -443.705 0
174.193 -500.117 0
212.765 -488.205 0
237.453 -498.712 0
254.465 -492.633 1
219.7 -446.911 1
225.118 -420.38 0
268.366 -515.369 0
310.418 -619.535 0
293.858 -664.706 0
311.024 -573.907 0
385.278 -553.065 0
392.278 -626.645 0
421.163 -635.492 0
285.515 -617.042 0
367.543 -773.047 0
387.044 -781.711 1
558.172 -319.509 1
578.522 -346.277 0
506.808 -381.351 0
498.982 -373.421 0
481.965 -325.384 0
477.682 -238.454 0
544.914 -221.173 0
659.883 -262.048 0
1796.45 -646.964 0
1847.41 -838.821 0
1822.58 -425.325 0
1798.97 -371.484 0
1818.41 -428.164 0
1745.88 -367.118 0
1744.61 -379.422 0
1743.57 -410.978 0
1696.99 -482.946 0
1622.34 -481.727 0
1935.78 -507.252 0
2020.1 -515.702 0
2878.82 -474.647 0
