36.755 17.7093 0
338.538 283.042 0
578.02 192.124 0
868.104 93.2473 0
898.736 19.5047 0
931.074 -27.7032 0
935.775 -25.049 0
884.745 33.4714 0
809.55 41.3027 0
811.926 120.962 0
863.51 113.782 0
848.821 167.555 0
910.986 214.601 0
1139.23 222.812 0
1141.27 204.609 0
1121.94 259.835 0
1065.64 252.138 0
1023.68 312.572 0
992.154 348.448 0
984.651 370.089 0
1060.27 214.39 1
1110.88 105.913 1
1118.3 133.72 0
1138.74 134.399 0
1089.38 265.504 0
1110.61 256.302 0
1092.57 280.286 0
1073.84 286.001 0
1077.32 305.442 0
1072.54 315.616 0
1117.54 326.182 0
1545.8 322.895 0
1412.49 511.005 0
1481.67 542.143 0
1531.95 550.742 0
1584.27 587.548 0
1648.83 630.127 0
1651.64 753.144 0
1579.78 1056.8 1
1475.1 1495.42 1
1504.92 1470.12 0
1496.1 1466.5 0
1119.36 1464.38 1
1145.57 1457.61 1
1262.5 1489.04 1
1230.87 1506.29 0
1260.34 1457.91 0
1293.41 1431.79 0
1334.58 1407.63 0
1520.1 1243.65 0
1722 963.501 0
1697.66 1022.44 0
1686.68 1110.78 0
1738.02 1060.85 0
1917.62 1108.28 0
1853.87 1056.53 0
1843.17 1052.7 0
1922.19 1243.3 0
1922.76 1270.35 0
1939.11 1374.16 1
2150.69 1242.53 1
2089.47 1257.06 0
2086.74 1248.73 0
2051.4 1244.19 0
2091.93 1163.83 0
2071.48 995.089 0
2072.26 967.236 0
2110.87 1011.4 0
