-12.2441 41.5768 0
-10.1864 125.592 0
51.0819 224.573 0
157.401 279.786 1
329.008 50.3192 1
582.315 83.4167 0
661.385 142.201 0
544.878 194.075 0
286.867 153.171 1
273.067 91.6463 1
142.163 83.4333 1
260.714 70.7915 1
400.15 9.85621 1
438.091 -27.0119 0
581.835 -83.6137 0
573.456 -77.2109 1
2009.85 -526.27 1
2006.34 -530.422 0
1985.4 -557.725 0
1962.26 -571.683 0
1020.74 -1170.62 0
1026.78 -1185.38 0
1018.7 -1187.86 0
972.727 -1211.09 0
983.369 -1269.72 0
956.138 -1302.59 0
1251.76 -1341.48 0
1252.39 -1391.87 0
1220.65 -1382.16 0
1383.25 -1976.48 0
1398.46 -1620.43 0
2619.77 -1655.32 0
2624.78 -1681.23 0
2587.04 -1767.4 0
2582.52 -1791.85 0
2575.38 -1846.59 0
2569.61 -1834.66 0
2547.16 -1859.13 0
2484.08 -1927.3 0
2421.85 -1901.43 0
2197.22 -1760.15 1
2446.04 -1751.97 1
2426.28 -1729.11 0
2530.59 -1791.73 0
2505.12 -1733.95 0
2478.16 -1672.43 0
2501.08 -1605.16 0
3225.38 -1900.67 0
3202.67 -1680.51 1
2963.99 -1593.43 1
2980.91 -1609.34 0
3000.08 -1638.7 0
3007.12 -1593.15 0
2992.82 -1561.44 0
3035.02 -1495.36 0
2935.86 -1325.17 0
2963.25 -1270.95 0
3010.69 -1224.71 1
2803.16 -1711.79 1
2758.88 -1657.61 0
2737.36 -1626.74 0
2710.81 -1672.56 0
2691.63 -1698.41 1
3661.64 -1767.85 1
3659.49 -1664.14 0
3627.95 -1575.47 0
3449.69 -1624.13 0
3985.77 -1550.99 0
4038.31 -1616.07 0
4018.73 -1667.36 0
4009.49 -1648.65 0
3933.61 -1612.5 0
3932.18 -1600.95 0
3894.08 -1607.33 0
3875.92 -1622.73 0
3867.27 -1639.72 0
3870.28 -1671.49 0
4108.67 -2278.29 1
4139.29 -2195.12 0
4261.7 -2180.94 0
4289.26 -2292.26 0
4247.34 -2369.51 0
5001.71 -3298.63 0
3417.53 -3063.93 0
3508.89 -3143.81 0
3111.01 -3189.84 0
3045.82 -3182.98 0
3004.19 -3170.52 0
2952.49 -3126.09 0
3051.58 -3134.4 0
3104.99 -3163.17 0
