50.3732 14.8128 0
44.6565 41.0149 0
14.4521 55.0074 0
46.8603 36.1011 0
81.429 21.262 0
83.6301 -8.34101 0
-1168.03 226.517 0
-1130.92 169.019 0
-1088.24 134.29 0
-1041.91 130.769 0
-1012.78 89.3655 0
-980.614 69.4205 0
-951.672 76.6108 0
-934.874 69.6587 0
-898.547 38.6118 1
-927.583 -14.4892 1
-966.516 33.8171 0
-1010.79 78.2695 0
-982.099 107.414 0
-874.535 131.549 1
-950.534 177.785 1
-615.043 155.406 0
-605.259 167.986 0
-633.974 221.38 0
-894.669 339.253 0
-907.754 230.858 1
-899.638 227.187 1
-897.316 266.627 0
-602.722 154.699 0
-609.857 143.807 0
-235.388 -6.02861 0
-213.361 40.4659 0
-217.388 122.481 0
-221.684 33.4591 0
-162.579 64.1061 0
-146.774 63.0643 0
-169.299 100.989 0
-217.535 119.845 0
-229.305 117.933 0
-134.041 116.199 0
337.443 141.044 0
380.765 78.2821 0
412.693 73.4505 0
444.431 -91.0836 0
461.467 -104.51 0
465.317 -103.57 0
431.508 -108.444 1
413.225 -94.1717 1
390.215 -96.4275 0
435.614 -184.586 0
408.851 -194.27 0
