-44.4721 98.5787 0
-53.3688 138.575 0
-46.7423 167.316 0
-11.2877 165.616 0
11.5469 164.929 0
97.8843 205.906 0
103.666 243.783 0
98.1009 262.919 0
90.0142 301.823 0
105.308 340.368 0
210.361 573.518 0
243.657 507.644 0
343.91 345.301 0
360.926 287.603 0
-134.567 376.795 0
47.562 352.955 0
96.1145 356.378 0
224.179 225.455 0
271.451 200.739 0
302.075 209.577 0
258.706 233.936 0
263.108 199.675 0
268.751 172.874 0
281.076 191.624 0
381.975 150.715 0
366.527 23.1035 0
385.916 39.1294 1
539.244 -61.3574 1
-2262.11 -2111.65 0
-2260.63 -2098.2 0
-2699.74 -1735.32 0
-2733.59 -1657.14 0
-2775.55 -1584.73 0
-2849.4 -1523.92 0
-2888.51 -1453.16 0
-3793.06 -668.86 0
-3716.87 -645.796 0
-3136.88 -856.787 0
-3115.97 -803.764 0
-3143.5 -759.288 0
-3055.39 -751.488 0
-3063.55 -744.783 1
-3027.32 -710.536 1
-2614.99 -919.701 0
-2282.26 -1283.55 0
-2258.63 -1266.55 0
-2200.96 -1195.38 0
-2285.39 -1095.14 0
-2303.25 -1077.19 0
-2264 -1100.9 0
-2589.74 -1037.76 0
-2641.75 -1034.64 0
-2695.88 -1042.88 0
-2958.68 -1241.1 0
-2995.29 -1283.64 0
-3029.07 -1316.63 0
-3688.94 -971.768 0
-3637.77 -913.109 0
-3626.55 -919.004 0
-3699.23 -996.809 0
-3763.83 -1050.71 0
-3757.17 -1070.49 0
-3741.97 -1104.41 1
-3772.8 -1061.17 1
-4997.38 -1053.87 0
-5050.83 -1056.01 0
-4606.39 -1236.86 0
-4587.17 -1235.39 0
-4621.31 -1333.1 0
-4544.06 -1278.54 0
-4121.36 -1093.69 0
-4079.57 -1120.3 0
-3815.41 -1326.08 0
-3820.96 -1265.46 0
-3749.22 -1143.81 0
-3787.92 -1145.11 1
-3718.33 -1223.18 1
-3723.38 -1172.2 0
-3768.08 -1108.24 0
-3719.19 -1060.3 0
-3998.35 -915.046 0
-4013.54 -888.754 0
-4011.17 -868.981 0
-4077.64 -865.434 1
-4074.23 -732.748 1
-4070.15 -734.268 0
-4064.79 -805.162 0
-3950.15 -943.265 0
-3856.37 -1021.91 0
-4501.52 -1177.09 0
-4480.65 -1229.84 0
-4458.25 -1231.64 0
-4451.58 -1266.18 0
-4596.11 -1610.09 1
-4492.6 -1588.11 0
-4467.68 -1541.55 1
-4489.27 -1470.43 1
-4667.17 -1544.65 0
-4692.06 -1560.78 0
-4708.08 -1109.08 0
-4794.55 -1042.04 0
-4798.15 -1038.08 0
-4960.31 -859.869 0
-4989.35 -800.099 0
-5085.13 -565.682 1
-5086.73 -526.315 1
-4608.01 -504.489 1
-4163.94 -690.844 0
-4329.71 -727.841 0
