-12.2991 10.7352 0
244.282 136.921 0
416.388 208.132 0
440.49 276.407 0
409.001 416.96 0
431.595 587.942 1
371.806 -320.134 0
360.762 -236.494 0
365.319 -235.612 0
363.112 -283.9 0
411.626 -1144.96 0
398.528 -1287.21 0
417.995 -1340.17 0
412.707 -1264.84 0
432.579 -1231.29 1
650.295 -931.406 1
671.46 -862.296 0
752.105 -722.539 0
699.605 -738.932 0
469.915 -885.001 0
458.541 -895.039 0
521.036 -841.487 0
714.967 -841.662 1
780.065 -890.226 1
760.704 -903.532 0
756.065 -967.324 0
735.215 -935.2 0
709.423 -916.451 0
693.525 -917.921 0
726.058 -912.183 0
737.8 -924.363 0
784.433 -834.945 0
840.993 -854.569 0
980.496 -1005.63 0
1026.36 -1027.62 0
1053.62 -1046.06 0
1747.11 -823.287 0
2939.88 -1411.68 0
2914.03 -1274.12 0
2822.02 -1201.07 0
2864.83 -1275.21 0
2886.96 -1273.5 0
3199.36 -1802.68 0
3220.12 -1839.7 0
3282.3 -1807.94 0
3304.11 -1706.26 0
2889.55 -1071.19 0
2987.73 -1616.94 0
