51.8422 21.686 0
53.4788 41.75 0
89.1433 85.0113 0
115.954 83.3559 0
137.055 52.3136 0
397.073 14.7783 0
403.081 83.6215 0
484.997 -93.0723 1
424.958 -110.353 0
386.338 -55.2672 0
457.298 31.2329 0
486.41 72.6195 0
502.059 127.271 0
523.208 128.314 0
557.906 76.0017 0
594.099 71.474 0
539.39 91.889 0
486.889 87.4355 0
493.319 29.7466 1
481.825 -55.463 1
485.058 -59.2963 0
483.896 -64.3548 0
519.6 -56.1218 0
466.338 -67.1745 0
582.488 -127.962 0
611.499 -180.249 0
611.459 -290.597 0
603.18 -213.56 0
693.355 -242.83 0
422.016 -424.588 0
475.149 -420.348 0
440.286 -400.153 0
430.878 -363.677 0
419.787 -255.283 0
413.725 -154.44 0
466.669 -72.7275 0
499.037 -101.232 0
475.284 -106.285 0
483.64 -149.733 0
541.75 -224.336 1
511.501 -194.041 1
533.369 -207.076 0
529.929 -198.166 0
605.621 -225.481 0
649.718 -239.468 0
599.836 -223.575 0
573.262 -227.702 0
585.456 -181.208 0
589.67 -140.711 0
598.124 -154.551 0
709.948 -191.581 0
720.255 -186.184 0
835.322 -328.748 0
908.202 -351.815 0
925.771 -403.305 0
981.554 -798.973 0
995.913 -818.021 0
1021.97 -822.251 0
-1150.58 196.943 0
-1224.46 145.247 1
-1268.25 170.88 1
-1164.56 194.222 0
-868.598 66.5522 0
-772.259 124.432 0
-758.6 84.6654 0
-766.539 19.631 1
-718.005 -19.3743 1
-730.408 -37.0247 0
-731.158 -86.2571 0
-755.418 -153.372 0
-731.405 -230.657 0
-716.426 -251.322 0
-576.898 -294.449 0
-717.312 -233.441 0
-755.675 -160.399 0
-695.884 -39.792 0
-715.979 -30.0366 0
-767.234 -3.72168 0
-756.094 -24.8169 1
764.44 312.438 1
716.484 139.324 0
789.092 204.374 0
836.302 235.257 0
863.627 287.997 0
818.435 375.101 0
793.043 424.551 0
