3.5481 46.3117 0
41.5341 46.9037 0
32.5517 14.2025 0
25.0913 -11.3397 1
35.1583 68.2311 1
25.0955 40.7788 0
99.0153 234.728 0
291.489 120.987 0
320.309 -22.1689 0
334.415 -70.1627 0
344.491 -121.142 0
354.009 -174.761 0
339.003 -212.403 0
358.901 -213.392 0
363.354 -201.004 0
397.586 67.1324 0
343.185 163.41 0
346.604 208.41 0
354.637 284.777 0
360.999 288.788 0
382.567 317.237 0
408.338 281.538 0
487.03 200.17 0
488.979 255.492 0
522.28 275.075 0
576.029 215.266 1
1166.11 100.836 1
1612.69 45.1981 0
1554.7 -36.1115 0
1595.63 -66.5247 0
1681.93 -125.612 0
1444.67 -296.634 0
1371.45 -401.198 0
1308.6 -511.477 0
1419.1 -398.573 0
1435.7 -426.809 0
1298.61 -6.7067 0
1397.29 -40.9188 0
1346.2 -35.7039 1
1317.8 -9.8391 1
1097.75 -168.476 0
1108.76 -125.949 0
1034.69 -74.8205 0
927.333 -49.325 0
870.964 66.6478 0
881.256 57.7582 0
845.991 104.778 0
886.736 69.9325 0
894.234 41.2203 0
982.749 -181.375 0
1179.17 -277.563 0
1193.72 -332.795 0
3585.73 -819.94 0
3630.61 -1164.8 0
3595.1 -1159.44 0
3576.26 -1116.3 0
3599.19 -1049.95 0
3587.97 -1000.26 0
3481.8 -1024.18 0
3413.3 -1042.21 0
3391.39 -1013.5 0
3795.64 -798.093 0
3768.91 -816.526 0
3754.18 -786.291 0
3710.53 -737.75 0
3611.49 -728.288 0
3526.89 -621.972 0
3771.86 -636.172 0
3916.29 -993.489 0
3728.88 -858.365 0
3732.16 -780.621 0
3848.65 -899.522 0
3927.76 -924.253 0
3930.89 -920.253 0
