147.401 39.4185 0
258.092 74.2659 0
-98.4749 226.009 0
103.026 172.601 0
247.387 319.649 1
284.511 401.884 0
368.177 298.218 0
352.78 335.027 0
419.531 269.561 0
574.401 73.8716 0
938.385 366.657 0
875.189 144.303 0
924.014 164.009 0
941.103 169.118 0
995.602 179.304 0
970.161 243.147 0
951.283 227.547 0
936.998 202.364 1
1726.46 -337.74 1
1694.38 -282.118 0
1632.94 -375.153 0
1690.58 -418.775 0
1741.92 -466.785 0
1629.8 -227.68 0
1638.58 -179.194 0
1642.67 -223.906 0
1741.52 -31.8808 0
1767.61 28.1834 0
2063.52 358.494 0
2069.75 379.009 0
2041.32 459.633 0
1962.43 426.263 0
1925.97 370.865 0
1932.86 382.348 1
2070.8 327.691 1
2034.43 240.553 0
1980.33 288.97 0
1954.96 307.549 0
1925.42 328.58 0
1929.95 359.752 1
1994.42 258.007 0
2053.88 264.077 1
1783.36 80.0653 0
1800.8 80.0555 0
1912.01 33.6423 0
1896.39 61.9753 0
1386.5 562.864 0
1364.62 593.531 0
1352.99 575.517 1
-1381.47 932.684 1
-1427.02 902.018 1
-1456.72 823.471 0
-1125.61 899.02 0
-1148.15 967.689 0
-1179.03 1011.65 0
-1171.43 1017.65 0
-1201.69 978.798 1
1759.37 843.876 1
