-33.3065 22.3494 0
-69.936 62.1211 0
-95.0661 94.3299 0
-87.623 91.4254 0
-77.8314 94.1277 0
20.5903 8.05103 0
24.7353 27.2713 0
28.373 57.3788 0
49.4668 124.585 0
50.4233 159.759 0
-49.1459 131.004 0
-193.256 190.729 0
-190.499 234.345 0
-222.159 292.692 1
-230.931 259.563 1
-269.499 538.241 0
-309.908 573.994 0
-220.918 588.281 0
14.3038 264.438 0
10.9954 361.468 0
-28.2409 426.326 0
-176.513 626.84 0
-227.118 623.683 0
-291.398 596.316 1
-290.738 535.755 1
-249.285 525.457 0
-214.863 525.155 0
-157.283 493.594 0
-148.028 521.023 0
-152.036 515.671 0
-146.411 516.051 1
171.592 396.016 1
174.635 388.642 0
185.498 391.356 0
187.977 389.574 0
200.321 432.559 1
3298.93 -112.282 1
3206.12 0.868187 0
3140.81 80.8684 0
3351.29 284.067 0
