-43.038 3.61319 0
-79.6517 27.5866 0
-106.105 51.6932 0
71.129 99.8631 0
-827.376 351.552 0
-730.786 440.65 0
-732.976 497.498 0
-729.359 577.457 0
-735.164 549.464 0
-1070.54 838.029 1
-1003.98 898.166 0
-1017.76 900.459 0
-1429.84 1025.58 1
-1440.78 991.54 1
-2355.12 1261.91 1
-2356.79 1271.65 0
-2284.64 1232.47 0
-2237.21 1106.55 0
-2341.65 1210.84 1
-2506.72 1724.53 1
-1806.93 988.765 0
-2451.07 -2926.16 0
-2401.27 -2931.52 0
-1796.23 -3026.68 0
-1787.11 -2977.54 0
-1149.91 -2205.9 0
-1220.67 -2202.54 0
-1186.79 -2182.97 0
-1232.04 -2185.55 0
-1215.67 -2203.4 1
-1246.29 -2212.74 1
-1265.18 -2221.22 0
-1225.31 -2263.65 0
-1280.9 -2327.82 0
-1285.07 -2374.23 0
-1369.07 -2400.02 0
-1439.58 -2353.63 0
-1395.11 -2379.15 0
-1346.16 -2361.03 0
-1352.82 -2291.3 0
-1447.73 -2120.9 0
-1517.87 -2304.81 1
-892.844 -2353.89 1
-895.512 -2346.93 0
-943.341 -2270.44 0
-1001.67 -2213.33 0
-1212.47 -2326.45 1
-1237.53 -2257.75 1
-1199.29 -2221.94 0
-961.9 -2356.41 0
-951.289 -2412.67 0
-970.63 -2415.76 1
-864.294 -2695.51 1
-841.487 -2702.27 0
-695.532 -2617.77 0
-929.703 -2684.9 0
-975.804 -2774.62 0
-1017.96 -2721.52 0
-1031.17 -2694.56 0
-1038.06 -2696.78 1
-972.201 -2687.53 1
-982.493 -2668.16 0
-970.471 -2650.75 0
-928.257 -2632.69 1
-470.462 -2451.05 1
-525.437 -2335.72 0
-495.428 -2376.41 0
-479.461 -2374.13 0
-480.134 -2379.61 0
-483.805 -2394.76 0
-1196.15 -1003.29 0
-1255.76 -1186.6 0
-1257.62 -1275.16 1
-2021.61 -3595.49 0
-2008.04 -3596.71 0
-2001.97 -3619.46 0
-1757.13 -3431.09 0
-2094.09 -3282.43 1
-2095.56 -3270.74 1
-2144.17 -3194.38 1
-2981.63 -3152.04 1
-2995.79 -3113.42 0
-2843.04 -3137.53 0
-2816.46 -3158.14 0
-1836.35 -3570.27 0
-1836.16 -3571.24 0
-1912.85 -3576.31 0
-1900.95 -3600.27 0
-1895.17 -3642.62 0
-1820.85 -3660.36 0
-1798.88 -3688.54 1
-1750.06 -3683.32 1
-1780.86 -3740.46 0
-1752.23 -3776.01 0
-1768.8 -3706.42 0
-1624.04 -3655.13 0
-1611.94 -3704.83 1
