-51.6908 4.19721 0
22.0846 99.9169 0
22.2349 77.6662 0
24.1281 176.632 1
-3.68695 147.372 1
-62.448 5.24683 0
-92.0727 -6.17077 0
165.431 -46.0166 0
128.847 -2.53847 0
94.4038 41.0731 0
222.211 246.563 0
148.848 275.46 1
166.251 325.381 1
166.287 361.287 0
141.92 399.444 0
59.6239 381.828 0
49.2433 265.577 1
84.8301 181.897 1
59.5058 221.039 0
35.2676 195.662 0
39.7033 177.312 0
59.0112 150.559 1
207.977 319.149 1
234.366 240.677 0
129.55 429.576 0
-36.9335 791.055 0
-405.515 1855.74 0
-418.77 2042.06 0
-466.89 2079.04 1
-886.283 1739.54 0
-954.622 1703.93 1
-792.612 1955.51 1
-770.162 1953.18 1
-819.602 1940.11 1
-1340.69 1364.83 1
-1262.11 1311.25 1
-857.778 1458.55 1
-862.764 1451.34 0
-810.947 1481.6 0
-310.008 1220.42 0
-275.852 1219.16 0
-281.664 1346.18 0
-365.203 1335.93 1
-448.679 1349.89 1
-381.655 1299 0
-358.468 1238.31 1
1745.44 1277.53 1
1725.16 1174.59 0
1678.45 1192.53 0
1645.24 1196.53 0
1597.45 1165.53 0
1589.68 1195.02 0
1552.73 1226.08 0
1525.73 1267.21 0
1522.66 1325.68 0
1541.57 1496.72 0
1428.87 1494.82 1
1474.08 940.738 1
1446.76 908.216 0
1507.68 901.035 0
1506.86 865.163 0
1503.31 869.286 0
1576.27 825.215 0
1444.58 964.574 0
1422.69 951.099 0
1460.09 947.054 0
1622.41 899.408 0
1615.08 931.109 0
1560.77 995.318 0
1555.33 1123.79 1
1692.51 1210.44 1
1634.58 1187.31 0
1626.06 1187.01 0
1590.09 1251.33 0
1634.68 1295.44 0
1698.24 1340.45 0
1694.01 1233.9 0
1489.11 1181.5 0
1434.24 1233.87 0
1424.6 1218.4 0
1531.72 1260.76 0
1530.38 1285.61 0
1687.32 1285.29 1
1656.78 1295.95 1
1672.92 1313.98 0
1665.73 1393.19 0
1632.57 1387.9 0
1608.15 1335.05 0
1514.84 1307.69 0
1430.83 1470.82 0
1431.19 1507.1 0
1303.86 1507.92 1
1238.49 1500.62 1
1753.51 1497.27 1
1710.51 1532.86 0
1682.42 1532.8 0
1686.86 1583.02 0
1700.55 1587.34 0
1688.22 1607.57 0
1819.48 1556.39 0
1866.98 1593.93 0
1912.37 1575.04 1
1979.46 1656.19 1
1968.23 1691.7 0
1965.1 1712.24 0
1968.43 1703.11 1
1880.1 1744.02 1
-342.91 2911.77 0
-830.74 2921.76 1
-265962 -51242 1
-265963 -51121 1
-184201 -51342.8 0
