99.1659 97.8956 0
85.5659 209.857 0
112.835 165.839 0
153.447 121.396 0
122.372 79.6403 0
134.572 75.1789 0
14.8864 -148.219 0
5.62612 -212.906 0
-23.3705 -246.002 0
4.48144 -325.411 0
-1.00772 -352.369 0
-12.3524 -330.331 0
-28.2619 -309.28 0
-10.4802 -229.977 0
-47.2031 -448.365 0
-68.6441 -436.62 0
-18.5376 -490.247 0
-60.005 -697.743 0
-13.6523 -656.178 0
18.9638 -640.827 0
-160.204 -668.724 0
152.151 -653.735 0
137.384 -558.543 0
167.252 -543.674 0
32.8715 -458.499 0
-106.339 -573.325 0
-138.463 -658.802 0
-135.929 -622.744 0
-143.07 -589.104 0
-135.757 -514.192 1
-167.872 -438.285 1
391.754 -299.039 0
370.325 -341.532 0
586.563 -393.527 1
600.416 -473.191 0
616.015 -580.282 0
673.686 -569.592 0
921.24 -589.246 0
914.036 -507.766 0
794.011 -474.638 0
754.001 -470.986 0
733.894 -462.015 0
740.598 -458.71 0
733.52 -486.755 0
763.535 -495.52 1
926.142 -386.018 1
957.797 -338.663 0
956.474 -300.092 0
969.446 -254.154 0
1016.4 -308.203 0
1031.54 -297.309 0
1034.48 -291.772 0
1084.51 -345.679 0
513.499 -224.277 0
633.398 -238.736 1
240.511 -953.876 1
330.936 -960.776 0
233.032 -909.057 0
218.229 -790.179 0
204.789 -718.987 1
203.797 -691.293 1
220.109 -713.23 0
135.837 -633.813 0
153.796 -626.317 1
1563.67 -278.118 1
1579.42 -362.183 0
1599.66 -438.855 0
1635.53 -650.959 0
1618.48 -613.481 0
1679.1 -650.006 0
1749.69 -809.062 0
1728.05 -795.509 0
1705.05 -767.808 0
1646.94 -730.741 1
