-81.5563 -2.54704 0
-127.991 10.2646 0
-164.72 38.3142 0
-172.538 70.496 0
-162.529 84.5621 0
-143.973 92.996 0
-145.161 77.8652 0
-44.7356 30.7896 0
-58.1369 71.7361 0
-82.2282 157.876 0
-62.2553 204.008 0
-37.6178 227.498 0
-12.1745 219.388 0
-25.0962 173.601 0
60.4765 8.96085 0
48.7689 34.2763 0
-95.3533 100.361 1
5092.72 130.839 1
5057.3 121.563 0
4975.74 244.301 0
5001.33 169.966 0
5059.3 39.6852 0
5037.89 -41.017 0
5172.96 -213.12 0
5226.29 -154.638 0
5093.67 61.1759 0
5074.82 156.325 0
5120.7 162.872 0
5068.67 232.799 0
5100.08 178.492 1
4961.53 243.547 1
4908.81 263.43 0
5564.96 140.129 0
5572.88 141.135 0
5575.59 140.868 1
5470.49 32.9643 1
5160.22 414.712 0
4778.14 530.826 0
4725.83 507.011 0
4797.08 495.334 1
4858.74 520.431 1
4765 398.924 1
7879.53 1230.79 1
7872.87 1263.57 0
7912.38 1278.6 1
8006.96 1264.5 1
7875.39 1245.34 1
8109.89 926.288 0
8190.03 815.945 0
8108.55 669.374 0
8125.84 696.147 0
8175.43 812.81 0
8167.93 819.422 0
8160.12 825.367 1
8040.42 556.236 1
8052.96 602.95 0
8006.81 611.549 0
8054.88 622.55 1
8812.23 848.873 1
8837.32 979.946 0
8822.97 1045.19 0
8835.63 1097.67 1
8906.97 1141.57 1
