-7.11895 9.61209 0
14.4753 14.5656 0
349.685 -163.927 0
403.202 -205.392 0
321.322 -170.478 0
320.107 -151.506 0
304.93 -141.626 0
220.708 -99.5245 0
204.924 -50.721 0
173.404 -50.4956 0
104.098 -12.9327 0
52.7558 7.50098 0
12.3682 59.1492 0
-20.8484 143.086 0
31.8317 65.332 0
-56.9026 98.8483 0
-63.7573 100.417 0
-53.7247 87.6926 0
-18.3841 133.301 0
21.5352 151.99 0
30.4427 84.026 0
85.6688 137.559 0
151.446 194.123 0
187.812 258.901 0
455.217 413.688 0
505.757 403.657 0
442.417 393.342 0
436.527 417.943 0
453.741 481.207 0
432.16 489.849 0
482.851 475.877 0
454.809 482.563 0
455.43 463.238 0
442.682 402.039 0
474.1 409.486 0
445.986 165.409 0
260.881 158.681 0
262.036 152.146 0
263.788 186.298 0
276.178 100.918 0
287.385 145.458 1
301.458 94.8872 1
276.883 109.378 0
229.89 140.022 0
236.602 221.825 0
243.529 299.086 0
294.94 479.381 0
373.391 453.401 0
300.126 455.409 0
301.082 474.459 0
217.523 498.699 0
223.829 549.853 0
244.293 536.24 0
237.898 595.081 0
314.474 666.015 0
309.747 678.098 0
246.285 687.631 0
235.434 772.074 0
324.524 775.52 0
385.123 812.983 0
397.395 852.441 0
377.568 767.47 1
375.926 743.094 1
376.846 747.712 0
359.639 745.342 0
328.634 748.789 0
368.762 766.362 1
100.149 -125.982 1
97.9621 -102.222 0
100.131 -88.1037 0
109.215 -52.1888 0
70.3806 -60.8161 1
7.14387 -62.0473 1
-25.4937 -18.9577 0
-52.5441 3.47025 0
-95.6932 52.6325 0
-27.4601 118.997 1
2.78463 138.457 1
-15.4652 187.848 0
-2.345 235.741 0
-71.57 206.724 1
-111.264 249.846 1
436.398 -214.157 0
441.807 -238.103 0
719.659 -244.941 0
1408.91 1177.88 0
1391.32 1099.96 1
1402.31 1123.16 0
1417.15 1159 0
1485.2 1204.85 0
1446.45 1246.63 0
1380.81 1304.77 0
1428.77 1366.06 0
1388.56 1357.46 0
1218.22 1234.85 0
1274.5 1218.85 0
1316.67 1119.23 0
1460.97 1047.84 0
