20.9544 26.7732 0
31.2815 51.3759 0
39.7711 11.0424 0
20.5281 -101.319 0
-37.568 -74.8407 1
271.383 -319.524 1
232.845 -314.659 0
243.83 -274.388 0
223.404 -181.992 0
186.248 -123.61 0
191.854 -94.4565 0
168.232 -90.1837 0
164.925 -23.8187 0
152.391 1.39966 0
160.017 4.01032 0
167.269 -9.29373 0
231.217 -18.8576 0
277.974 8.30974 0
333.561 27.8759 0
374.221 53.6519 0
422.166 -12.6277 0
434.529 -120.176 0
407.544 -180.507 0
381.053 -260.522 0
359.876 -282.764 0
316.802 -259.762 0
307.299 -205.794 1
202.189 -214.241 0
282.508 -187.731 1
266.485 -103.694 0
275.673 -63.9224 0
273.848 -80.6981 0
540.672 -142.948 1
591.09 -72.1897 0
575.351 -23.7713 0
544.719 42.061 0
568.214 116.876 0
571.01 134.421 0
586.214 -127.135 1
650.289 -223.635 0
640.983 -259.024 0
659.09 -302.9 0
718.868 -380.718 0
724.687 -439.303 0
797.5 -453.386 0
769.411 -437.06 0
904.802 -355.706 0
880.009 -377.185 0
942.325 -405.107 0
964.012 -497.084 0
996.371 -366.402 0
947.061 -288.708 0
918.431 -314.514 0
813.099 -278.652 0
835.614 -292.214 0
1070.65 -419.943 0
1258.53 -431.896 0
1287 -471.456 0
1701.8 -1023.98 0
