-53.1876 2.78882 0
-56.3515 61.1131 0
-12.0471 112.381 0
369.338 15.2833 0
403.73 -19.0994 0
403.777 -10.2408 0
441.211 -14.9552 0
449.582 -45.8958 0
381.541 -17.0527 0
328.43 68.709 0
367.999 101.36 0
310.827 140.415 0
244.698 110.569 0
278.175 102.933 0
112.044 10.5394 0
124.481 -83.1404 0
167.143 -113.766 0
360.713 -80.8803 0
350.982 -82.2575 0
329.294 -74.5204 0
331.02 -107.718 0
345.554 -155.932 1
1709.03 -645.09 1
1709.69 -658.715 0
1693.58 -694.246 0
2040.77 -1139.94 0
2021.47 -1142.02 0
2031.08 -1139.86 0
2019.61 -1136.15 0
2071.7 -1117.99 0
2021.99 -1043.11 0
2035.01 -1010.36 0
2005.92 -1001.76 0
2030.19 -931.107 0
2019.33 -894.121 0
2068 -755.47 0
2068.02 -712.501 0
2080.7 -662.241 0
2048.48 -588.293 0
2248.91 -507.731 0
2260.77 -550.955 0
2168.23 -491.736 0
2136.18 -441.438 0
2040.94 -375.028 0
2377.7 -316.139 0
2131.34 -339.839 0
2385.26 -457.059 0
2686.09 -669.975 0
2679.34 -629.956 0
2681.18 -604.484 0
2649.7 -579.897 0
2639.64 -539.525 0
2616.92 -503.649 0
2583.47 -503.518 0
2562.67 -537.898 0
2542.76 -645.292 0
2499.22 -633.896 0
2456.7 -594.595 0
2485.74 -579.1 0
2492.53 -262.896 0
2524.06 -483.195 0
2522.32 -409.405 0
2489.78 -356.705 0
2738.54 -376.727 1
2746.25 -382.475 0
2751.81 -386.876 0
4505.33 -1272.15 0
-45426.7 -73465.9 0
-45432.5 -73482 0
-45361.2 -73503.6 0
-45358.6 -73457.2 0
-45388.4 -73433.1 1
-45354.9 -73428.6 1
-45351.2 -73399.5 0
-45313.2 -73599.1 0
-45272 -73598.3 0
-45282.3 -73572.3 0
-45355.2 -73446.7 1
-45162.8 -73546.4 1
-45238.9 -73513.7 0
-45260.7 -73512.8 0
-45349.9 -73402.1 0
