14.034 -37.8556 0
-22.5155 -59.2006 0
-17.6984 -103.937 0
-19.4148 -146.899 0
-27.8527 -201.407 0
-12.5268 -360.646 0
14.5762 -382.368 0
21.5373 -360.693 0
54.588 -261.126 0
115.835 -209.653 0
112.613 -183.856 0
154.183 -162.811 0
48.1401 -124.572 0
-12.8386 -102.719 0
135.232 -26.4282 1
651.287 -282.085 0
390.548 -39.0004 1
428.878 50.6226 0
352.056 124.976 0
376.624 175.378 0
382.167 346.213 0
372.373 360.642 0
296.296 389.733 0
253.247 421.008 1
732.962 -518.74 1
746.517 -571.461 0
676.528 -522.299 0
559.339 -704.213 0
518.221 -760.031 0
521.629 -754.071 0
495.22 -760.367 0
470.164 -720.321 0
433.919 -682.676 0
672.124 -398.995 0
915.671 -130.209 0
908.823 -177.328 0
912.7 -193.542 0
704.917 8.16443 0
766.864 126.126 0
860.822 59.2503 0
925.473 -95.6938 0
1007.85 -296.538 0
981.619 -375.388 0
942.699 -343.945 0
924.625 -269.697 0
1007.74 -235.384 0
959.146 -241.033 0
965.932 -219.119 0
1154.41 -235.644 0
1177.76 -180.028 0
1110.81 -187.549 0
1190.28 -152.319 0
1441.95 -265.873 0
1439.76 -298.369 0
1415.74 -362.164 0
1366.51 -287.969 0
1408.34 -218.744 0
1447.86 -221.818 0
1448.39 -276.32 0
1493.73 -328.299 0
1542.56 -385.034 0
1683.52 -760.926 0
1646.01 -649.721 0
1693.73 -571.081 0
1696.4 -507.547 0
2199.14 -251.678 0
2127.63 -287.315 0
2046.03 -286.282 0
2024.19 -323.898 0
2051.81 -326.091 0
2162.95 -402.203 0
2117.65 -485.553 0
2202.38 -463.712 0
2293.33 -433.048 0
2296.67 -395.661 0
2285.33 -367.313 0
2235.91 -361.137 0
2237.15 -341.812 0
