-39.3032 5.45111 0
-72.5033 44.5681 0
-74.3353 82.9899 0
-64.439 97.637 0
-42.6039 91.3303 0
-10.6966 62.005 0
24.2691 43.7019 1
77.7507 51.3364 1
73.5731 73.6176 0
82.1414 110.945 0
126.246 126.44 0
-2.02901 196.199 1
-148.462 -1.62959 1
-280.591 11.6694 0
-270.847 58.2841 0
-257.729 51.5557 0
-259.823 65.6435 1
-2352.07 410.458 1
-2340.56 439.13 0
-2287.61 450.464 0
-2269.42 457.079 0
-2052.14 466.886 0
-1456.98 276.115 0
-1436.47 348.599 0
-1421.97 396.15 0
-1418.52 398.507 0
-1434.12 344.704 0
-1450.26 378.757 1
-1562.54 451.709 1
-1409.6 433.113 0
-1279.11 389.645 0
-1226.81 331.868 0
-1133.69 304.026 0
-1153.94 322.124 0
-1190.87 318.763 0
-1214.51 375.19 0
-1259.8 382.955 0
-1301.79 375.497 1
-257.034 132.465 1
-304.098 166.599 0
-342.287 201.437 0
-394.565 239.432 0
-386.247 240.491 0
-773.507 456.5 0
-741.306 362.959 0
-692.852 333.312 1
196.757 572.056 1
193.04 510.521 0
186.682 426.522 0
172.262 428.153 0
254.487 224.802 0
219.759 211.874 0
222.484 208.394 0
210.65 201.113 0
222.476 210.577 0
164.476 269.507 0
249.503 266.536 0
271.499 495.922 0
297.388 529.25 0
306.467 545.384 0
262.893 513.079 1
234.659 511.114 1
193.98 535.289 0
167.281 555.394 0
197.132 484.038 0
259.461 333.882 0
231.076 366.33 0
214.972 365.451 0
354.542 348.21 0
337.28 325.078 0
222.219 345.546 0
119.811 419.566 0
703.174 407.229 0
908.285 964.373 0
