37.6226 24.7648 0
-13.9944 66.3128 0
-18.5321 106.296 0
-86.1853 107.733 0
-138.843 133.597 0
-46.2376 70.416 0
-113.428 -203.242 0
-125.829 -214.502 0
-104.548 -275.108 0
-197.451 -297.082 0
-90.0245 -306.674 0
-285.384 -190.014 0
-299.764 -55.6215 1
714.175 117.184 1
681.154 89.506 0
681.616 93.5437 0
664.276 163.524 0
776.304 194.207 0
751.736 282.799 0
763.764 369.299 0
734.407 270.921 0
282.685 -141.147 0
365.08 -142.444 0
353.369 -177.491 0
304.242 -216.451 0
280.718 -199.974 0
263.084 -197.529 0
261.108 -154.546 0
177.788 -31.0714 1
303.381 -41.2048 1
-2160.6 -1218.91 0
-2247.63 -1241.81 0
-2230.61 -1181.68 0
-2178.64 -1161.25 0
-1910.93 -1211.22 0
2968.16 -2860.67 0
2978.84 -3187.31 0
2954.32 -3167.16 0
2956.44 -3131.8 0
2899.26 -3142.94 0
2836.86 -3071.12 0
2782.28 -2982.56 0
2770.14 -3048.63 0
2848.01 -3102.03 0
2865.15 -2915.09 0
2906.65 -2883.71 0
2931.66 -2926.43 0
3015.85 -2716.97 0
3071.78 -2699.46 0
3026.14 -2766.32 0
3132.73 -2864.67 1
3129.04 -2764.21 1
3109.11 -2759.26 0
3090.05 -2761.5 1
3235.34 -2832.89 0
3233.52 -2817.14 1
3418.18 -2908.11 0
3413.77 -2867.88 0
3676.67 -2758.48 0
3690.7 -2808.65 0
3668.45 -2922.87 0
3620.97 -3172.18 0
