-40.5266 29.0072 0
-37.3258 -37.7785 0
61.9505 -3.09145 0
200.221 79.6804 0
152.146 163.759 0
143.961 208.645 0
204.108 239.212 0
214.614 288.377 0
204.194 272.999 0
207.788 338.09 1
189.506 421.095 1
165.393 402.218 0
174.587 449.984 0
132.868 392.383 0
129.614 357.889 0
148.235 322.473 0
172.835 345.359 0
170.118 334.523 0
262.143 326.907 0
81.616 338.297 0
122.732 382.909 0
239.665 175.197 0
210.675 133.083 0
537.461 73.9255 0
491.184 37.9446 0
482.283 180.476 0
515.655 225.189 0
429.774 198.84 0
442.859 206.591 0
527.386 175.352 0
436.98 123.979 1
479.289 189.38 0
460.315 240.457 1
426.022 278.359 0
460.839 286.095 0
272.208 401.98 0
229.45 476.809 0
162.342 743.688 0
105.212 917.668 0
188.9 1007.28 0
2209.77 509.11 0
978.136 631.562 0
1275.12 578.412 0
2095.7 279.744 0
2072.41 276.488 1
2214.58 -48.4338 1
2291.27 51.3698 0
1938.59 73.8921 0
1937.15 57.9594 0
1116.65 116.718 0
1073.88 162.288 0
1018.15 160.796 0
1011.51 142.559 0
957.143 162.52 0
1053.65 159.325 0
1139.89 171.801 0
1082.74 24.3331 0
1114.81 -6.89412 0
1115.67 -26.9813 1
1055.91 -8.69153 1
1076.17 -36.1467 0
1069.8 -31.3069 0
1059.82 -1.49531 0
1098.36 1.1647 0
1329.94 -83.0383 1
-3922.86 -406.033 0
-4123.44 -289.714 0
-4040.86 -199.235 0
-4032.25 -342.048 0
-3809.4 -258.566 1
-1486.23 -869.475 1
-1470.96 -901.038 0
-1458.99 -973.839 0
-1507.58 -937.475 0
-1567.17 -864.158 0
-1566.11 -865.032 0
-1554.64 -865.995 0
-1542.05 -1037.47 0
-1475.54 -1063.14 0
-1423.41 -1101.79 0
-1457.57 -1040.81 0
-1424.99 -1106.47 0
-1386.33 -1065.61 0
-1294.05 -1067.61 0
-1285.87 -1097.07 0
-1304.46 -1117.7 0
-1336.56 -1158.66 0
-1373.17 -1179.48 0
-1362.24 -1121.57 0
-1322.37 -1090.88 1
-3235.35 1525.82 1
-3313.92 1575.86 0
-3317.54 1594.21 0
-3263.14 1581.43 0
-3211.08 1485.26 0
-3064.86 1369.13 0
-3026.46 1323.07 0
-3013.19 1252.27 0
-3013.95 1199.37 0
-3018.9 1175.71 0
-3040.48 1133.66 0
-3089.3 1090.86 0
-3061.71 1109.38 0
-3055.07 1136.61 0
-2986.83 1358.3 0
-2927.66 1435.55 0
-2860.57 1378.3 0
-2878.51 1489.5 0
-2920.36 1487.97 0
-2978.47 1376.56 0
-3041.39 1245.11 0
-2992.76 1288.52 0
-3042.53 1355.07 0
-3610.88 1681.95 0
-3696.2 1762.38 1
-3667.66 1817.63 1
-3589.87 1825.12 1
-3630.45 1864.82 1
