87.2935 -33.0847 0
-375.078 301.088 0
-242.62 207.566 0
-242.154 187.965 0
-253.101 142.726 0
-176.914 90.5678 0
-108.225 73.674 0
-112.072 58.6282 0
-131.405 65.5627 0
-153.546 -98.62 0
-345.71 -216.373 0
-349.11 -229.403 0
-439.125 -278.044 0
-1200.69 -274.079 0
-1173.95 -219.71 0
-437.547 0.974289 1
-51780.4 13146 0
-51333.5 12949.1 0
-51393.8 12939 0
-51374 12930.6 0
-51392.4 12923.6 0
-51362.6 12874.9 0
-51365.2 12875.1 0
-51332.7 12919 0
-51352.2 12983.9 0
-51337.4 13045.4 0
-51329.3 13068.8 0
-51339.5 13212 0
-51364.7 13175.2 0
-51356.9 13076.4 1
-51472.9 12381.5 1
-51482.8 12376.5 0
-51482.3 12367.8 0
-51512.4 12465.8 0
-51529.9 12588 0
-51576.2 12692.5 1
-51594.5 12712.1 1
-51623.9 12719.9 0
-51640.7 12776.9 0
-51649.2 12810.6 0
-51654.2 12864.3 1
-51708.4 12871.2 1
-51659.8 12870.5 0
-51604.4 12788 1
-51318.4 13076.2 1
-51258.9 13185.1 0
-51255.5 13232.8 0
-51252.1 13257.3 0
-51264.3 13270 0
-51243.4 13290 0
-51015.3 13003.4 0
-51008.6 12973.5 0
-51064.8 12906.7 0
-51015.7 12830.9 0
-51035.6 12861.5 0
-51062.2 12884 0
-51054.1 12942.7 0
-51124.7 12883.9 0
-51088 12950.2 0
-51072.3 12929.8 0
-51071.1 12991 0
-50763.8 12880.8 0
-50714 12942 0
-50766.1 12859.4 0
-50822.8 12713.8 0
-51642.9 13313 0
-51554.2 13229.3 1
-51531.5 13197.5 0
-51493.3 13185 0
-51463.5 13223.8 0
-51441.4 13206.2 0
-51461 13231.5 0
-52940.4 13557.6 0
-52812.2 13381.5 0
-52783.2 13419.1 0
-52598 13307.3 0
-52560.6 13290.9 0
-52547.9 13272.4 0
-52570.5 13303.5 0
-52507.6 13375.7 1
-52487.1 13351.9 1
-52308.5 13513.5 0
-52337.4 13535.8 1
-52243.7 13501.4 1
-52350.6 13453.4 0
-52335.5 13408.7 0
-52308.2 13548.9 0
-52280.8 13758.5 0
-53134.5 15785.2 0
-53126.6 15862.8 0
-53159.5 13215 0
-53444.6 13165.3 0
-53457.4 13096.6 0
-53425.6 13057.8 0
-53515.6 12882.4 0
-53397.5 12921.8 0
-53285.7 12880.2 1
-52982 12696.1 1
-52919.1 12274.9 0
-52995 12290.3 0
-52971.4 12409.2 0
-52956.2 12449.9 0
