5.03758 -0.375544 0
57.0731 10.1638 0
148.168 -23.2529 0
209.416 -53.2348 0
232.962 -16.8734 0
107.52 -128.595 0
60.8977 -123.207 0
64.4555 -131.646 0
166.946 -179.293 0
143.625 -173.174 0
106.86 -151.649 0
79.2818 -119.963 0
45.4011 -110.151 0
307.309 84.698 0
366.285 188.272 0
469.133 343.203 0
497.233 272.221 0
462.756 292.039 0
355.597 236.188 0
361.796 272.487 0
410.655 431.86 0
337.167 448.429 0
347.523 542.338 0
505.97 765.065 0
539.331 1034.78 0
512.118 1097.83 0
521.167 1188.07 1
517.8 -13.4348 1
412.206 8.74987 0
369.404 4.8468 0
343.384 28.9737 0
309.808 59.3803 0
330.714 64.9146 0
596.878 59.145 0
671.39 46.4815 0
689.434 33.0687 0
755.763 42.2021 1
567.417 72.4766 1
679.115 124.651 0
676.7 184.768 0
634.623 225.45 0
587.427 236.782 0
783.488 194.404 0
774.151 151.911 0
1011.28 344.354 1
1271.17 215.905 1
1264.34 205.874 0
1239.3 204.632 0
1273.89 218.121 0
1282.12 238.96 0
2383.93 -1073.9 0
2383.05 -1110.4 0
