-91.4055 183.159 0
-153.689 149.85 0
-20.1013 255.449 0
-6.73799 163.382 0
-20.2542 148.283 0
79.5938 34.3882 0
204.419 175.496 0
235.202 218.759 0
278.2 283.001 0
-1091.99 -937.934 0
-1186.17 -924.384 0
-1202.86 -917.209 0
-1012.3 -1142.29 0
-1044.59 -1129.09 0
-1060.67 -1101.86 0
-1007.62 -1100.9 0
-1071.6 -1083.69 0
-1032.18 -1085.28 0
-1035.49 -1054.7 1
1214.02 -175.665 1
1346.92 -229.76 1
1301.33 -403.181 0
1308.87 -606.642 0
1382.98 -598.035 0
1233.78 -602.502 0
1159.53 -549.916 0
1080.26 -501.04 0
1091.87 -471.304 0
1050.79 -489.997 0
1105.48 -443.346 0
1100.8 -438.116 0
1185.51 -390.025 1
1603.89 -241.971 1
1672.42 -294.162 0
1692.85 -260.648 0
1547.56 -337.868 0
1505.74 -393.761 0
1485.43 -437.846 0
1456.03 -460.12 0
1498.26 -443.921 0
1479.41 -462.019 0
1462.43 -435.029 0
1433.9 -407.807 0
1154.93 -353.785 0
1078.14 -376.159 0
1064.88 -391.092 1
1099.92 -327.812 1
1146.3 -289.031 0
1877.5 -227.601 0
4152.63 -1097.45 1
4079.13 -1116.63 0
4011.17 -1112.14 0
3939.59 -1313.3 0
3866.41 -1296.96 0
3773.15 -1265.03 0
3726.5 -1262.42 0
3740.66 -1253.96 0
4055.75 -1224.37 0
3991.52 -1233.11 0
4537.3 -1385.52 0
