5.0125 -39.423 0
97.7733 -101.856 0
90.4334 -141.039 0
3.24976 -178.729 0
-173.02 -218.676 0
115.022 -132.309 0
2.0035 -86.6873 0
-16.2642 -72.0026 0
-35.3365 -78.8232 0
-62.1736 -171.626 0
-94.1909 -212.623 0
-105.973 -205.278 0
-55.9523 -103.15 0
367.004 30.5662 0
399.838 35.072 0
555.771 -58.2233 0
544.684 -46.6084 0
598.688 -82.6566 0
629.406 -190.812 0
660.254 -148.622 0
695.353 -208.309 0
604.457 -380.546 0
436.611 -266.272 0
464.599 -281.164 0
228.847 -94.759 0
214.809 -65.6747 0
150.086 -51.3287 0
105.973 -331.919 1
70.3208 -379.517 0
53.8279 -420.773 0
42.96 -406.476 0
32.9366 -372.292 0
23.9016 -397.565 1
-11.4788 -404.92 1
-61.9699 -360.279 0
-70.3166 -360.275 0
-72.2059 -302.597 1
1717.24 -12555.2 1
1758.7 -12613.5 0
1806.03 -12780.3 0
1880.44 -12648.6 0
1913.44 -12614.4 0
1958.37 -12582.7 1
1969.78 -12629.4 0
1891.65 -12629.1 1
