-7.91985 55.9592 0
43.5784 109.915 0
30.2256 65.8374 0
22.6678 96.2912 0
59.6751 150.003 0
73.1306 177.58 0
71.2982 159.963 0
-40.5973 350.845 1
-65.7297 433.503 0
-37.5429 436.744 0
385.16 337.487 0
456.7 280.149 0
506.846 266.514 0
530.214 221.526 0
506.783 272.219 0
497.512 284.72 0
518.549 276.692 0
535.148 185.092 0
530.203 272.866 0
508.328 276.492 0
519.329 274.9 0
681.659 174.64 0
670.357 237.367 0
641.538 307.424 0
630.164 342.26 0
619.737 346.689 0
612.043 336.878 0
599.029 307.576 1
-4494.97 1620.7 1
-4526.14 1653.8 0
-4451.8 1645.74 1
-4050.06 1194.79 1
-4084.82 1159.41 0
-4078.71 1131.44 0
-3891.77 1049.91 0
-3837.12 1042.9 0
-3768.2 1122.05 0
-3898.14 1414.82 0
-3923.01 793.461 0
-3998.5 745.582 0
-4028.42 752.264 0
-3949.92 805.04 0
-4540 102.492 0
-4461.26 374.616 0
-4435.48 465.284 0
-4470.56 486.061 0
-4478.29 477.632 0
-4508.24 444.669 0
-4445.3 460.373 0
-4440.53 482.788 0
-4436.32 479.399 1
7708.11 2339.6 1
7763.85 2207.77 1
7749.89 2147.36 0
7751.1 2126.42 0
7712.84 2161.57 0
7701.03 2124.79 0
7481.74 2173.86 0
7630.13 2129.93 0
7529.4 2175.25 0
7513.55 2178.46 0
7609.11 2321.74 0
7785.4 2276.17 0
7784.03 2257.52 0
7773.77 2249.85 0
7816.59 2176 0
7829.58 2129.53 0
7901.39 2192.27 0
7921.15 2240.25 0
7963.77 2270.41 0
7946.42 2268.98 0
