7.80194 42.707 0
11.0718 78.6102 0
8.73903 114.637 0
16.4269 159.936 0
3.81769 219.719 0
11.4433 221.746 0
7.26922 168.119 0
16.8221 158.433 0
61.2244 157.491 0
138.975 193.273 0
-181.652 -26.3961 0
-109.966 107.512 0
10.4822 139.275 0
-15.9538 201.732 0
-57.0968 441.974 0
52.0918 394.121 0
131.48 320.716 1
155.624 333.939 1
305.603 175.677 0
303.935 205.647 0
481.69 389.797 0
445.885 320.042 0
432.993 313.038 0
378.481 324.58 0
369.805 353.764 0
312.953 377.845 0
313.566 383.242 1
488.517 376.968 1
470.362 447.949 0
483.822 437.678 0
552.922 386.204 1
576.169 383.863 1
560.109 367.779 0
586.704 327.261 0
443.868 462.902 0
475.639 509.584 0
496.438 548.434 0
516.483 397.352 0
516.911 328.861 0
635.998 256.508 0
621.339 199.403 0
654.305 187.518 0
844.894 194.321 0
841.45 181.127 0
1334.44 450.161 0
1320.39 478.585 0
1329.62 451.217 0
1241.49 402.864 0
1260.4 382.563 0
1324.15 408.658 0
1250.71 415.785 0
1235.78 402.928 1
1285.16 410.361 1
1318.67 399.505 0
1324.77 378.083 0
1318.65 335.213 0
1302.32 284.211 0
1266.14 280.489 0
1282.8 295.887 0
1247.59 269.387 0
1246.91 344.479 0
1244.77 371.133 1
