9.43135 41.635 0
123.927 114.594 0
151.64 70.9041 0
273.717 114.916 0
361.754 122.576 0
410.489 112.444 0
433.719 123.58 0
444.904 103.39 0
408.928 -58.7815 0
386.483 -48.7052 0
378.335 0.17802 0
327.97 39.6091 0
283.233 31.801 0
301.546 100.148 0
331.18 118.671 0
388.338 106.802 0
392.202 68.8395 1
361.184 106.687 1
375.271 119.845 0
298.592 186.822 0
246.872 242.731 0
203.907 267.702 0
185.146 258.737 0
247.508 340.901 0
239.932 359.773 0
87.9169 636.684 0
70.6509 567.528 0
462.135 327.34 0
480.818 288.222 0
509.852 282.815 0
477.308 282.465 0
593.051 297.77 0
585.322 312.133 0
678.012 399.439 0
721.554 436.826 0
696.265 419.191 0
745.421 456.66 0
788.709 483.847 0
1311.47 236.516 0
1328.64 185.97 0
1566.17 227.003 0
1577.93 166.116 0
1578 164.617 0
1570.93 163.935 0
1688.66 106.308 0
1772.15 -255.548 0
1615.3 -303.338 0
1609.6 -43.4665 0
1617.42 -62.395 0
1547.95 82.0794 0
1510.09 241.462 0
1650.63 407.434 0
1520.71 679.845 1
1507.52 563.207 1
1500.93 619.481 0
1535.81 937.979 0
