-5.36437 -1.9153 0
-11.4083 -39.7956 0
39.0703 -57.9964 0
-145.544 177.631 0
-674.854 231.77 1
-625.147 133.1 0
-574.859 215.013 1
-564.157 265.262 1
-574.024 308.843 1
1516.48 561.387 1
1506.05 519.962 0
1506 446.894 0
1640.76 -37.3939 0
1537.67 -41.8701 0
1479.27 -501.678 0
1474.74 -478.37 0
1296.41 57.2134 0
1985.49 -386.689 0
1969.43 -418.059 0
1923.78 -443.597 0
1891.71 -429.024 0
1877.25 -386.365 0
1936.77 -344.357 0
1924.18 -389.472 0
2257.54 -694.349 0
2205.64 -654.395 0
2206.35 -745.965 0
2196.43 -794.503 0
2234.69 -792.129 0
2533.06 -637.299 0
2481.16 -718.219 0
2427.52 -753.357 0
2400.34 -771.92 0
2375.52 -811.642 0
2339.22 -892.432 0
2435.84 -1060.72 1
2431.19 -1094.14 0
3831.82 -73.7363 0
