-1.57245 48.8872 0
25.2 85.077 0
-5.61818 82.9881 0
-216.674 46.8337 1
80.033 77.6767 1
70.161 102.396 0
72.251 138.756 0
38.6245 169.728 0
101.503 196.706 0
108.462 179.941 0
118.503 178.976 0
89.743 144.651 0
27.8706 127.823 1
44.4722 183.897 1
-5.49245 174.022 0
59.6828 165.683 0
102.651 161.03 0
251.676 131.097 0
250.155 139.026 0
260.238 136.564 0
273.212 120.039 0
184.377 72.6993 0
105.906 96.8508 0
160.079 112.842 0
195.166 122.843 0
-386.087 -69.2904 0
-394.43 -82.8972 0
-393.715 -85.7528 0
-402.195 -114.426 0
-295.4 -103.544 0
-377.157 -121.016 0
-1238.52 -167.998 0
-1312.39 -174.987 0
-1294.1 -212.428 0
-1302.47 -184.939 1
50796 -2554.29 1
