16.9722 -28.7072 0
41.6006 -30.9978 0
154.536 5.06824 0
132.287 -34.7934 0
419.569 -83.6509 0
416.538 -83.4989 0
490.233 -28.5994 0
961.166 49.0645 0
1098.87 -124.504 0
1101.6 -83.4655 0
1155.15 -143.523 0
1118.01 -164.916 0
1144.5 -109.637 0
1180.51 -73.1273 0
1195.81 463.953 0
1141.94 480.159 0
1137.84 494.33 1
610.657 960.701 1
842.909 584.013 0
896.379 649.001 0
944.215 711.717 0
1161.72 644.381 0
868.319 801.2 0
771.53 740.401 0
834.346 814.14 0
569.158 799.145 1
364.011 522.203 0
364.808 546.984 1
-1805.61 -675.41 0
-1022.7 -566.302 0
9984.3 -4320.51 1
