34.1621 -102.141 0
56.2883 -24.9004 0
-5.17417 21.1046 0
55.8282 138.898 0
54.5598 240.59 0
45.5499 397.073 0
27.882 426.537 0
0.623211 190.75 0
217.754 3.98825 0
263.403 -26.0646 0
395.169 -46.1425 0
311.309 -82.0942 0
732.799 6.10742 0
740.475 17.4095 0
778.884 39.2061 0
759.565 83.9862 0
780.734 197.347 1
893.821 -99.2622 1
877.615 -121.946 0
920.715 -134.863 0
937.934 -153.929 0
1010.86 90.682 0
971.993 126.795 0
1085.82 151.083 0
1153.21 132.338 0
1147.53 99.4067 0
1316.32 -135.225 0
1375.4 -180.493 0
1382.51 -171.984 0
943.589 218.341 0
918.119 223.237 1
935.623 241.702 1
864.533 288.48 1
840.454 379.486 1
-2509.95 166.024 1
-2517.96 161.566 0
-2063.37 78.6337 0
-2025.62 66.7554 0
-1986.13 59.0992 0
-2048.79 82.5128 0
-2049.68 88.7578 1
-1971.34 52.3377 1
-1933.95 -22.6432 0
-1815.98 -35.3795 0
-1683.89 50.515 0
-1609.45 6.55798 1
-1394.16 -19.5126 1
-1387.66 80.7596 0
-1379.57 -18.611 0
-1775.61 207.04 0
-1803.22 219.928 0
-1688.21 225.568 1
-1363.13 -11.5085 1
-1347.89 -24.4788 0
-1337.76 -39.432 0
-1219.25 -67.7386 0
-1170.88 -76.652 0
-1168.5 -129.176 0
-1124.96 -120.247 0
-1141.03 -79.4528 0
-1096.36 -34.7556 0
-1990.5 626.151 0
-2018.65 665.247 0
-1730.59 785.814 0
-1577.35 726.444 0
-1419.66 551.516 1
-1320.07 722.915 1
1154.25 476.764 0
