2.20583 0.563124 0
181.796 -14.5917 0
213.995 -101.646 0
89.9765 292.892 0
94.8374 289.091 0
95.2182 296.918 1
87.8606 368.461 1
92.0426 341.336 0
84.9488 273.856 0
216.25 74.8337 1
337.105 -18.3223 0
310.634 -235.991 0
300.208 -230.935 0
661.115 -287.955 0
644.749 -305.128 0
614.846 -401.925 0
674.328 -431.93 0
678.925 -382.772 0
643.045 -388.383 1
2246.41 -619.227 1
2237.96 -592.778 0
2266.99 -496.761 0
2280.35 -428.713 0
2269.54 -368.924 0
2274.79 -320.962 0
2258.95 -260.495 0
2243.71 -214.44 0
2254.25 -160.35 0
2277.39 -171.815 0
2304.73 -222.751 0
2319.38 -267.645 0
2366.8 -357.077 0
2385.3 -391.768 0
2312.48 -413.003 0
2301.98 -381.649 0
2461.48 -201.304 0
2509.66 -182.619 0
2534.59 -121.258 0
2492.67 -8.18092 0
2553.38 -11.8328 0
2521.96 42.2671 0
2535.03 32.8247 0
2522.45 68.999 1
2535.09 79.5755 1
2467.91 169.709 0
2470.22 161.91 0
2510.55 127.526 0
2542.69 117.154 0
2473.49 120.616 0
2663.16 -36.6857 0
2720.33 -56.1316 0
2632.35 180.86 0
2557.69 -60.9806 0
2570.35 -81.6332 0
2562.41 -74.1734 0
2606.08 -92.3888 0
2736.47 -145.28 0
2836.39 -616.829 0
2734.05 -1012.78 0
2752.97 -1107.82 0
2809.96 -1101.75 0
2840.01 -1079.84 0
2815.03 -1045.62 0
2680.15 -523.02 0
2632.51 -409.706 0
2612.82 -347.893 0
2567.13 -316.72 0
2586.56 -289.112 0
2660.41 -239.244 0
2694.55 -267.722 0
2616.33 -394.406 0
2515.21 -571.324 0
2528.76 -617.914 0
2537.79 -644.332 0
2555.67 -676.391 0
2626.77 -688.308 0
3020.55 -863.799 0
3078.42 -947.129 0
2974.9 -877.362 0
2891.16 -765.614 0
3052.01 -644.931 0
3056.45 -603.336 0
3010.74 -615.604 0
2554.53 -850.46 0
2536.76 -898.471 0
2469.27 -876.398 0
2459.24 -837.785 0
2470.96 -814.243 0
