-116.98 113.08 0
-148.206 216.758 0
-190.879 240.885 0
-251.814 246.524 0
-220.257 274.245 0
-195.276 283.887 0
-132.888 317.749 0
238.053 208.817 1
253.561 104.906 0
281.571 101.107 0
295.8 96.552 0
335.555 158.911 0
406.948 142.691 0
433.223 64.9426 0
446.366 -49.0272 0
452.096 -109.918 0
454.08 -161.085 0
513.763 -290.739 0
483.27 -295.15 0
439.177 -306.45 0
546.664 -208.988 0
540.863 -147.609 0
559.943 -158.195 0
623.861 -108.539 0
589.447 -114.503 0
553.038 -71.9792 0
497.227 -23.6877 0
460.012 7.59634 0
450.009 44.1057 0
549.202 139.066 0
606.573 156.428 0
578.839 173.833 0
678.499 105.789 0
650.81 85.6429 0
476.276 135.111 0
475.817 99.643 0
682.901 6.42325 1
711.612 -67.0724 0
668.507 8.19659 0
692.265 -68.1872 0
701.8 -58.1283 0
674.486 20.8269 0
805.334 70.7577 0
-398.031 30.1135 0
-413.785 52.8465 0
-525.716 82.2696 0
-546.627 97.8773 0
-507.004 116.054 0
-500.014 133.038 0
-503.773 112.846 0
-515.839 124.074 1
-556.808 131.162 1
-575.845 69.4487 0
-557.685 84.1349 0
-604.008 50.7416 0
-594.924 43.9738 0
-642.837 44.0016 0
-639.369 42.7118 0
-605.485 22.6304 0
-575.394 49.7056 1
-633.183 136.216 1
-676.442 410.367 0
-1205.65 1186.23 0
-1183.99 1154.16 0
-1171.01 1149.6 0
-1135.93 1141.41 0
-1209.19 1115.64 1
-1186.71 1094.64 1
-2204.76 1462.93 1
-1527.09 1307.48 0
-1517.9 1320.32 0
-1362.56 1139.82 0
-1478.52 1256.7 0
-1580.96 1651.24 0
-1664.16 1652.18 0
-1629.35 1692.32 0
-1499.76 1589.56 1
-1041.09 1570.67 0
-1013.58 1626.51 0
-809.982 1591.34 0
-853.649 1622.44 0
-920.293 1662.66 0
-1029.77 1857.88 1
168.082 1217.25 1
177.939 1163.77 0
163.95 1145.05 0
61.8091 1152.68 0
174.673 1058.65 0
206.165 1120.59 0
170.043 1136.71 0
162.939 1126.62 0
189.769 1152.56 1
193.935 1234.9 1
215.381 1266.45 0
232.319 1269.07 0
194.617 1253.51 0
233.755 1254.85 0
244.86 1264.53 0
241.175 1277.43 0
231.58 1300.1 0
112.245 1289.34 0
758.395 940.851 0
812.029 870.317 0
920.258 -370.707 0
387.438 -34.7923 0
219.016 1060.86 0
-100.87 34.1302 0
