25.933 -5.03528 0
28.01 -13.8524 0
-137.527 -15.0986 0
-138.191 -8.57606 0
-171.089 -7.674 0
-253.865 53.4474 0
-287.041 35.3901 0
-364.889 14.6212 0
-356.703 -30.3119 0
-345.896 -67.1469 0
-304.801 -86.5923 0
-341.527 -89.5994 1
-280.271 -1073.25 1
-269.502 -1074.34 0
238.821 -1072.5 0
-98.9073 584.613 0
-172.515 719.781 0
-195.236 762.586 0
709.743 1041.6 0
678.527 1065.53 0
648.054 1090.63 0
674.154 1085.17 0
203.831 745.922 0
173.818 763.168 0
194.379 798.954 0
141.434 851.083 0
128.681 918.156 1
-186.195 794.41 1
-167.642 735.231 0
-157.076 691.167 0
-88.3351 654.664 0
536.198 1016.27 0
482.686 1015.06 0
504.619 978.298 0
474.481 988.824 0
499.106 978.007 0
449.033 985.219 0
496.649 1011.33 0
560.971 1046.17 0
572.325 1027.82 0
743.988 920.135 1
860.241 809.999 1
862.832 885.225 0
852.297 867.76 0
827.178 705.602 0
855.855 400.567 0
926.295 644.389 0
874.488 697.944 0
833.914 723.478 0
832.856 775.392 0
873.007 825.13 0
891.398 842.921 0
995.478 922.104 0
987.856 867.403 0
958.889 899.243 0
936.382 911.25 0
920.717 957.803 0
933.888 980.52 0
973.171 1024.18 0
924.641 1013.62 1
343.135 2466.11 1
331.704 2282.66 0
346.433 2290.63 0
995.686 2191.47 0
1259.04 1916.54 0
1297.06 1955.96 0
1308.13 1986.07 0
1013.66 2034.46 0
970.101 2044.35 0
855.613 2032.74 0
867.542 2017.36 0
