-85.1845 50.5932 0
-128.798 41.8501 0
-143.905 46.2473 0
-29.1056 -157.005 1
9.22518 -237.629 0
4.07777 -86.4827 0
8.3733 -57.619 0
6.00352 -44.4008 0
19.3581 5.7663 0
34.971 78.501 0
20.465 95.1271 0
-25.1895 147.552 0
-33.1863 208.558 0
249.003 -35.2157 0
374.48 -178.095 0
390.142 -239.968 0
423.381 -246.847 0
595.151 -227.705 0
-29.9673 -639.847 0
-6.56135 -604.522 0
-116.723 -420.601 0
183.926 -349.01 1
-12215.5 -4702.82 1
-12256.8 -4701.45 0
-12678.3 -4635.25 0
-12745.2 -4585.41 0
-12759 -4556.02 0
-12821.4 -4575.75 0
-12832.7 -4578.12 0
-12785.2 -4569.15 1
-12016.8 -4226.53 1
-12016.6 -4237.97 0
-12022.4 -4238.08 0
-12211.1 -4208.22 0
-12399.8 -4211.53 1
-12412.4 -4258.34 1
-12361.5 -4149.73 0
-12024.4 -4512.1 0
-12052.8 -4514.65 0
-12105.6 -4503.38 0
-11653 -4591.52 1
-11687.2 -4640.55 0
-11622.2 -4634.74 0
-11598.5 -4414.3 0
-11686 -4258.41 1
-975.344 45610.8 1
