-13.2634 39.4731 0
-116.656 124.893 0
-100.516 129.013 0
-107.829 99.5289 0
-99.7552 30.972 1
-127.497 -37.0655 1
-53.5082 -19.8325 0
-100.215 56.7208 0
-148.895 76.6346 0
-106.924 93.683 1
79.8233 57.8636 1
60.7393 37.8182 0
49.3684 36.3701 0
-54.8309 30.3189 0
-141.896 52.2956 0
-135.812 33.844 0
-134.369 35.2018 0
-127.651 1.25476 0
-104.93 -8.57497 0
-34.7862 91.3035 1
-43.6316 167.895 1
-26.9916 177.377 0
-32.3786 178.525 0
687.095 -345.637 0
618.35 -318.83 0
540.991 -259.826 0
429.863 -329.148 0
432.331 -272.305 0
441.647 -255.959 0
609.494 -265.818 0
864.587 -292.619 0
899.029 -551.465 0
838.637 -594.773 0
739.004 -558.186 0
735.181 -543.951 0
753.659 -504.71 0
794.697 -813.781 0
815.265 -792.554 0
848.124 -759.138 0
861.118 -765.08 0
886.401 -752.444 0
917.316 -741.21 1
962.164 -696.452 1
962.405 -691.21 0
1081.47 -734.791 0
1132.08 -833.035 0
1154.8 -753.243 0
1150.65 -808.481 0
3628.66 -1213.46 0
3550.4 -1208.96 0
3552.43 -1177.65 0
3568.3 -1048.42 0
3450.22 -935.619 0
3573.68 -932.369 0
