20.8773 -5.31488 0
207.918 -251.285 0
262.735 -287.37 0
276.073 -260.2 0
135.448 -185.053 0
213.259 -189.171 0
211.348 -161.927 0
185.569 -143.581 0
117.336 -80.7043 0
261.816 -62.9358 0
361.071 -58.2322 0
336.263 4.3364 0
316.964 78.9408 0
294.598 104.672 0
230.468 122.1 0
183.377 89.7743 1
622.848 162.009 1
675.63 114.618 0
731.422 50.7165 0
836.785 -297.171 0
846.018 -307.027 0
871.061 -337.839 0
874.692 -453.002 0
835.274 -429.673 0
864.646 -409.568 0
853.724 -293.276 0
776.856 -163.35 0
765.834 -89.6977 0
730.227 -55.7432 0
743.663 -31.202 0
784.787 -89.4785 0
737.466 -108.791 1
974.826 -1290.43 1
1426.3 -1325.08 0
1505.72 -1325.57 0
1487.71 -875.891 0
