-0.346998 12.5456 0
542.897 -510.212 0
536.086 -485.126 0
530.047 -500.374 0
538.896 -551.424 0
570.653 -561.776 0
673.502 -430.175 0
749.975 -563.875 0
761.784 -507.765 0
764.852 -460.012 0
711.649 -334.781 0
686.887 -212.294 0
615.216 -180.68 0
631.298 -117.367 0
568.069 -70.354 0
521.452 -49.3415 1
559.871 -56.3123 1
526.887 -193.133 0
505.358 -151.187 0
642.05 -187.216 0
662.882 -116.994 0
768.268 -43.6104 0
793.846 5.1541 1
859.332 -82.8305 1
814.275 -72.2185 0
760.27 -100.355 0
661.153 -34.6482 0
674.905 50.2782 0
645.274 65.0079 0
717.647 35.297 0
741.619 56.4061 0
742.804 71.992 0
738.96 82.8179 0
767.198 197.481 0
754.377 209.858 0
763.632 192.514 1
806.6 -157.525 1
773.487 -91.3526 0
738.09 -53.1575 0
756.104 10.9644 0
742.616 10.7001 0
711.911 33.4242 0
682.806 8.92613 0
666.501 -43.7233 0
635.194 -102.817 0
689.29 -211.566 0
723.664 -215.611 0
831.724 -249.893 0
949.974 -261.178 0
961.865 -213.854 0
962.964 -52.165 0
909.583 -84.1919 0
917.437 -109.773 0
904.154 -132.667 0
894.289 -200.485 1
865.096 -226.163 1
954.958 -287.36 0
984.698 -274.832 0
1250.88 -303.387 0
1175.37 -266.369 0
1196.13 -320.819 0
1239.83 -244.358 0
1155.42 -339.261 0
1333.65 -539 0
1299.06 -578.4 0
1345.34 -598.041 0
1340.02 -612.291 0
1302.69 -672.215 0
1314.45 -663.612 0
1343.38 -670.129 0
1366.46 -661.499 0
1408.63 -681.757 1
1071.64 -833.153 1
1252.14 -778.572 0
1307.42 -737.911 0
1306.97 -645.972 0
2147.11 -624.953 0
2052.97 -701.438 0
2060.43 -748.277 0
2128.86 -773.165 0
