-6.51975 9.50766 0
-656.873 107.554 0
-567.495 173.871 0
-503.513 204.48 0
-312.444 172.726 0
808.221 153.591 0
819.257 136.373 0
818.876 91.0246 0
681.364 33.0235 0
355.95 11.0225 0
244.895 21.4992 0
23.9453 -267.778 0
1.09902 -244.07 0
57.2394 -292.027 0
269.281 -391.2 0
222.115 -404.499 0
255.247 -403.309 0
316.082 -344.47 0
621.155 -418.601 1
685.053 -398.829 0
720.405 -353.593 0
674.115 -301.857 0
633.679 -126.385 1
982.562 -1254.06 1
988.479 -1263.42 0
990.268 -1242.01 0
962.439 -1224.25 0
934.42 -1168.54 1
849.084 -1106.55 1
1209.88 -1157.5 0
1021.54 -899.981 0
1047 -851.632 0
1085.47 -817.46 0
1127.21 -788.433 0
1144.99 -713.717 0
1144.44 -751.726 1
1057.57 -696.782 1
1451.6 -933.011 0
1462.96 -941.357 0
1550.32 -872.757 0
1546.85 -849.033 0
1412.34 -938.918 0
2411 -678.876 1
2367.06 -760.581 1
2331.94 -775.567 0
2840.98 -471.609 0
2782.86 -370.938 1
2753.79 -372.678 1
2772.23 -306.528 1
2864.48 -331.091 0
2913.85 -381.07 0
2920.71 -365.922 0
2902.43 -299.588 0
2953.56 -298.019 1
-6785.7 3849.55 1
-6786.75 3796.46 1
-5939.3 3535.16 0
-5981.55 3582.38 0
-6056.91 3578.83 0
-6018.07 3545.27 0
-5919.86 3586.64 1
-5888.37 3639.39 1
-5893.49 3550.79 0
-5901.65 3555.95 0
-6165.45 3153.43 0
-6192.9 3100.68 0
-6185.08 3089.59 0
-6202.43 3088.12 0
-6290.35 3690.77 1
-4905.13 4050.69 1
-4923.39 3770.79 0
-4886.82 3753.09 0
