34.3153 26.5016 0
251.62 103.393 0
293.024 119.006 0
295.828 150.414 0
333.387 192.703 0
308.288 197.031 0
367.023 196.447 1
361.593 196.757 1
342.975 194.112 0
-71.1993 162.053 0
-76.829 188.661 0
-58.884 221.165 0
-41.8618 238.377 0
-9.78345 271.011 0
20.4128 262.941 0
59.6343 269.398 0
19.9491 279.855 0
53.3329 295.259 0
26.8691 317.593 0
749.525 258.137 0
753.455 271.155 0
747.626 318.511 0
763.845 313.144 0
765.085 324.731 0
769.341 321.553 0
768.551 305.555 0
751.679 342.714 0
844.454 325.135 1
876.673 357.781 1
889.639 355.258 0
906.904 315.145 0
976.02 590.845 0
925.206 594.922 0
949.936 558.692 0
905.36 457.928 0
887.157 469.567 0
886.006 429.512 0
895.864 544.376 0
943.032 500.987 1
965.81 505.787 1
884.583 550.315 0
920.433 542.167 0
865.91 544.453 0
780.722 532.143 0
834.704 612.732 0
989.608 628.388 0
948.012 678.629 0
920.58 783.584 0
893.819 879.924 1
2836.15 374.709 1
2902.86 293.85 0
2914.99 243.174 0
2907.64 202.918 0
2942.8 70.1494 0
2862.44 120.659 0
2878.45 117.979 0
2907.53 100.049 0
2924.78 91.2204 0
2956.15 -15.1167 0
2915.78 -44.0863 0
2865.78 15.3928 0
2841.22 -796.624 0
2906.52 -253.086 0
2898.39 -231.44 0
2893.04 -157.395 0
2979.43 -165.269 0
3006.76 -169.361 0
2922.74 -498.329 0
2822.42 -524.675 0
2874.91 -603.663 0
2792.31 -585.943 0
2756.63 -411.032 0
2793.26 -498.56 0
2818.62 -544.017 1
2862.81 -542.647 1
2781.91 -530.834 0
2757.25 -500.133 0
2743.85 -450.201 0
2718.47 -409.741 1
2668.38 -350.129 1
2686.48 -366.37 0
2691.75 -388.319 0
2651.88 -417.538 0
2655.56 -382.312 1
2725.31 -379.728 1
2770.49 -327.057 0
2746.48 -352.564 0
2737.28 -293.065 0
2717.72 -277.944 0
2719.36 -257.05 0
2701.91 -242.29 0
2795.47 -212.493 0
2830.45 -197.979 0
2837.21 -231.509 1
1388.14 -224.228 1
1337.99 -231.748 0
1273.98 -205.862 0
1258.98 -193.18 0
1263.55 -193.364 0
1973.37 -682.246 0
1730.76 -545.476 0
1891.64 -347.587 0
2004.37 -444.811 0
2018.35 -448.235 0
2026.9 -448.683 0
1885.85 -172.848 0
1950.16 -223.655 0
1975.93 -259.083 0
1962.78 -270.355 0
1923.35 -283.494 0
1898.36 -263.717 0
1940.67 -338.73 0
1657.37 -214.008 1
1454.59 -149.038 0
1472.11 -111.938 0
1588.63 -218.336 0
1574.08 -216.397 0
1540.92 -270.593 0
1610.99 -460.475 0
1660.01 -621.794 0
2011.88 -662.692 0
