101.536 9.68272 0
-11.6339 6.73512 0
-10.0684 10.7061 0
4.90635 15.3724 0
7.23041 -121.754 0
-285.945 -275.533 0
-157.279 -491.045 0
-103.191 -475.142 0
194.444 -421.032 0
195.538 -391.769 0
79.8671 -293.368 0
47.5906 -308.556 0
29.3065 -269.359 0
72.4343 -262.012 0
88.519 -243.175 0
-585.584 -49.6193 0
-610.843 34.8597 0
-539.634 2.21151 0
-579.546 24.8159 0
-1941.48 277.889 1
-1961.6 334.159 0
-1927.64 307.555 0
-1874.16 310.997 0
-1714.82 417.462 0
-1698.7 427.624 0
-4812.22 -228.032 0
-4877.73 -218.801 0
-4894.92 -219.086 0
-4911.45 -238.804 0
-4917.03 -190.665 1
-3392.85 -246.208 1
-3425.71 -284.002 0
-3444.18 -248.445 0
-3451.51 -245.66 0
-3463.16 -220.564 0
-3393.5 -214.64 0
-3339.51 -134.843 0
-3358.34 -107.269 0
-3558.68 13.5309 0
-3442.91 -58.996 0
-3436.12 -155.012 1
-3413.03 -139.707 1
-3338.5 -256.071 0
-2897.17 -449.523 0
-2908.32 -396.41 0
-2673.24 -251.941 0
-2766.98 -158.633 0
-2701.97 -120.115 0
-2748.63 -93.8587 0
-2751.36 -122.751 0
-2689.93 -293.632 1
-2673.41 -259.365 0
-2510.94 -321.642 0
-2492.46 -409.561 0
-2520.35 -431.358 0
-2651.28 -441.037 0
-2672.41 -423.716 0
-2688.85 -352.723 0
-2709.33 -276.581 0
-2797.17 -245.308 0
-2640.03 -179.596 0
-2286.21 -431.26 0
-2212.81 -414.974 0
-2250.83 -356.282 0
-2252.76 -395.602 0
-2217.61 -318.214 0
-2209.67 -175.499 0
-2266.84 -70.6413 1
-2259.57 -13.306 1
-2218.69 -27.1043 0
-2193.66 -61.3096 0
-2174.11 -133.522 0
-2159.99 -126.53 1
-2139.07 -441.323 1
-2135.73 -469.552 0
-2141.24 -484.088 0
-2121.88 -516.507 0
-2054.6 -492.433 1
-1098.92 -431.224 1
-115.181 -828.028 0
