13.0268 44.9541 0
37.4116 118.203 0
62.0337 148.453 0
39.5625 179.638 0
22.0812 125.82 1
-46.424 179.218 1
-36.5528 180.488 0
-19.4996 123.005 0
-0.849352 160.967 0
50.9145 264.392 0
81.4534 363.527 0
104.291 363.982 0
66.7124 136.353 0
64.713 154.14 0
76.9556 217.967 0
63.6584 273.748 0
95.0976 322.482 0
50.3214 348.078 0
-148.403 423.784 0
-178.967 462.78 0
-232.578 513.139 0
-232.226 493.846 0
-38.2332 395.056 1
-51.7525 420.241 0
-42.6522 442.413 0
-65.6199 499.188 0
-103.256 462.223 0
-22.0078 422.555 1
-185.919 538.233 1
-157.424 502.03 0
-226.137 558.727 0
-221.187 660.641 0
-20.0155 676.222 0
33.9918 700.243 0
79.9882 717.522 0
120.839 738.208 0
250.979 696.035 0
613.858 575.669 0
579.825 614.091 0
547.355 611.897 0
603.954 556.021 0
450.827 568.825 0
448.113 658.057 0
410.13 694.141 0
403.03 752.431 0
393.064 765.647 0
392.15 810.58 1
336.821 253.814 1
339.812 254.468 0
301.772 218.611 0
333.875 238.736 0
362.804 189.982 1
368.634 237.947 1
362.71 263.056 0
380.006 312.027 0
273.487 452.689 0
260.773 513.252 0
291.78 491.531 1
286.214 514.812 1
257.082 442.77 0
302.582 427.327 0
281.226 417.802 0
266.257 402.615 0
364.926 417.873 0
532.861 450.578 1
528.98 420.124 0
526.649 485.589 1
667.336 531.901 0
647.098 604.771 1
532.133 517.846 0
445.732 426.057 0
453.098 484.284 0
440.292 444.38 0
449.353 480.706 1
929.528 283.862 1
943.157 236.203 0
897.385 260.243 0
933.642 246.248 0
919.996 326.567 0
916.018 341.161 0
963.255 393.209 0
892.079 354.443 0
1216.95 361.353 0
1226.48 335.926 0
1169.79 385.295 0
1155.55 404.31 0
1138.98 435.888 0
