-9.38989 -9.02231 0
-26.6091 2.59824 0
-17.4893 44.7807 0
-20.7174 120.723 0
11.983 209.009 0
22.0162 336.842 0
-30.6915 354.475 0
-5.37911 420.358 1
61.5012 1613.05 1
101.545 1647.84 0
76.1976 1584.25 0
27.4476 1441.27 1
34.5065 1398.22 1
14.7885 1476.83 0
74.6919 1460.75 0
94.9161 1425.7 0
42.1857 1427.08 0
22.5115 1408.5 1
624.199 4124.16 1
558.609 4157.44 0
501.438 4221.77 1
667.05 4030.21 1
640.118 4052.57 0
587.889 4121.44 0
563.064 4156.27 0
518.073 4216.4 0
478.645 4230.32 0
473.979 4179.75 1
38.6021 4731.61 1
62.2243 4713.68 0
79.148 4725.8 0
177.826 4735.08 0
220.533 4718.99 0
275.677 4723.47 0
255.602 4789 0
193.503 4941.39 0
-1134.76 4671.72 0
-1166.17 4693.67 0
-1226.88 4709.36 0
-1239.4 4696.93 0
-1225.52 4733.7 0
-1114.99 4689.64 0
-1143.33 4605.45 0
-1113.69 4526.44 1
-1080.25 4500.59 1
-982.523 4350.18 0
-1065.92 4282.73 0
-955.582 4150.03 0
-296.858 4024.18 0
-189.659 3984.53 0
-180.54 3992.99 0
-321.677 4026.09 0
-378.133 4072.77 1
-393.673 4094.36 1
1648.71 3568.72 0
937.673 3638.5 0
863.814 3572.68 0
773.036 3406.01 0
775.815 3414.78 0
708.574 3392.46 0
727.884 3402.03 0
756.145 3412.75 1
-5456.57 4619.42 1
-5851.65 4368.15 0
-5876.43 4368.72 0
-5866.61 4378.43 0
-5886.45 4406.44 0
-5877.12 4443.54 1
-5026.14 4824.92 1
-5126.7 4895.1 0
-4856.7 5300.82 0
