64.5057 35.6316 0
69.6567 38.7071 0
110.471 55.6418 0
103.871 67.011 0
25.6482 60.7385 0
97.0985 69.8826 0
104.561 151.448 0
62.8493 142.453 0
84.7121 139.199 0
-140.866 189.821 0
-205.892 243.412 1
-364.958 438.186 1
-280.17 415.693 0
-360.538 539.977 0
-376.705 582.247 0
-116.402 86.9845 0
-152.258 -12.8033 0
-214.899 42.8522 0
-196.561 -20.8496 0
-218.358 -81.6957 0
-164 -253.541 0
-120.978 -279.1 0
-147.482 -267.436 0
-237.607 -244.928 0
-274.943 -380.036 0
-301.942 -409.456 0
-340.051 -519.04 0
-292.193 -490.582 0
-271.808 -111.161 1
-229.918 -158.637 1
404.911 97.4641 1
839.412 -10.9671 0
816.91 -82.0424 0
975.967 -864.26 0
961.457 -871.415 0
973.433 -884.265 0
959.679 -841.901 0
657.598 -152.282 0
342.79 -212.308 0
281.908 -198.206 0
1175.94 170.4 0
1191.07 178.043 0
1178.13 163.381 0
1291.92 202.887 0
1381.79 114.893 0
1500.39 134.778 0
1584.81 131.59 0
1434.31 155.903 0
1491.56 196.509 0
1494.66 224.8 0
1521.8 248.475 0
1433.13 -795.013 0
1395.23 -816.675 0
1361.93 -862.214 0
952.11 -1367.38 0
1006.65 -1254.85 0
1094.92 -1209.28 0
1242.33 -1242.18 0
1184.71 -1258.6 0
1114.3 -1199.37 0
822.471 -886.573 0
901.134 -1472.34 1
915.659 -1521.33 0
2395 -1147.06 0
2343.13 -1106.54 0
2308.03 -1094.74 0
2330 -1023.41 0
2369.81 -1038.36 0
2463.96 -841.687 0
2414.44 -738.007 0
2401.56 -813.916 0
2386.61 -854.01 0
2271.21 -677.54 0
2386.18 -456.426 0
2201.84 862.489 1
2139.48 874.04 0
2139.8 855.484 0
2165.22 822.874 0
2171.7 768.524 0
2172.9 690.239 0
2132.72 640.127 0
2186.63 551.162 1
2269.31 9.53851 1
2263.82 -44.8593 0
2339.53 -313.476 0
2344.12 -384.552 0
2344.26 -424.689 0
2331.27 -280.174 0
2363.51 -579.979 0
2307.44 -690.15 0
2272.93 -733.192 0
2363.31 -722.868 0
2418.65 -688.539 0
2459.64 -540.766 0
2692.68 -575.44 0
2797.7 -556.655 0
2724.58 -373.596 0
2616.57 -299.276 0
3026.32 -2072.79 0
3078.42 -1949.85 0
3145.98 -1970.02 0
3213.67 -3023.04 0
