-25.3876 28.7652 0
41.971 1.07868 0
-32.8213 -122.699 0
6.12641 -234.242 0
74.3981 -166.57 0
120.73 -92.5587 1
146.737 -114.307 1
158.539 -109.417 0
118.051 0.350777 0
94.3003 -33.1491 0
120.418 -9.18256 1
75.3538 26.866 0
124.172 -52.0878 1
118.764 -46.0034 0
151.298 -91.3597 0
122.482 -214.199 0
134.049 -216.939 0
142.261 -173.119 1
271.934 -274.034 1
288.147 9.82751 0
275.523 25.6264 0
247.594 50.9552 0
220.771 73.1903 0
196.9 80.5611 0
219.418 137.465 0
204.252 138.253 0
229.192 142.505 0
605.956 122.617 0
664.836 35.4917 1
733.309 -183.68 1
701.519 -241.801 0
645.634 -176.032 0
616.57 -105.892 0
597.684 -47.9754 0
635.181 -85.518 0
658.018 -61.1705 0
679.45 -74.3116 0
657.644 -39.9174 0
665.075 -47.3975 0
652.2 -4.3403 1
665.469 50.2134 0
712.17 39.5394 1
642.638 88.287 0
839.998 22.8316 0
863.089 86.3852 0
796.515 -4.02093 0
798.333 -21.1239 0
805.556 -91.9054 1
800.806 -82.1184 1
654.837 23.2223 0
479.626 122.163 0
422.72 122.879 0
317.647 140.586 1
556.326 -599.93 1
584.028 -650.724 0
604.786 -645.532 0
604.606 -1391.91 0
574.196 -1663.13 0
570.01 -1625.07 0
430.125 -1272.57 0
