-11.7293 71.2599 0
-84.0649 127.061 0
-126.936 203.142 1
11.7533 -233.937 1
4.41785 -255.61 0
-64.1447 -240.377 0
-73.0149 -268.706 0
92.8293 -221.352 1
76.9938 -129.608 1
68.7789 -99.2747 0
145.847 -45.7645 0
206.873 -75.2199 0
176.915 -81.4352 0
146.216 20.3077 0
106.773 31.3529 0
125.55 134.359 0
-11.5387 149.253 0
-49.657 195.345 0
-50.5707 177.27 0
-19.7343 145.676 0
-59.064 57.5723 0
64.3691 18.0136 0
85.6938 -15.9873 0
-30.8894 -47.8489 0
11.7864 -14.776 0
-5.26236 -16.121 0
13.4503 42.5572 0
4.26212 96.6471 0
-58.4735 143.058 0
-172.344 198.235 1
-81.0689 104.3 1
-140.327 187.539 0
74.0363 200.108 0
-45.1812 272.181 0
-101.623 105.612 0
-311.925 364.618 0
-264.388 564.94 0
-101.815 364.137 0
-11.9059 477.521 0
-174.289 551.605 0
-10.4108 468.196 0
28.0008 363.431 0
37.8407 396.161 0
-188.935 625.439 0
-224.725 699.857 0
-256.138 627.636 0
-239.885 620.427 0
-146.528 928.467 1
212.12 636.312 1
21.1746 770.009 0
27.8469 835.82 0
-6.23093 909.28 0
-103.251 882.743 0
-137.625 880.195 0
-201.332 927.555 0
24.6487 686.935 0
127.221 499.12 0
255.832 332.617 0
302.499 217.551 0
344.084 283.707 0
325.221 361.111 0
358.464 362.27 0
1305.14 -519.18 0
1208.66 -493.903 0
1697.45 -762.852 0
1692.42 -797.939 0
1714.7 -850.146 0
1851.04 -773.844 0
1870.39 -770.073 0
