31.4183 58.9211 0
19.7993 119.555 0
14.0541 180.215 1
-35.9616 157.554 1
20.9338 77.5155 0
-58.6441 89.5742 0
-16.1894 145.103 0
-31.4334 74.6727 0
-26.1124 125.043 0
-23.521 179.234 0
-2.78156 172.66 0
-21.0782 213.182 0
-20.8919 224.68 1
-162.452 -162.019 1
-223.379 -95.1733 0
-241.751 -103.365 0
-290.207 -108.345 0
-434.784 -29.3374 0
-351.901 18.974 1
-293.66 10.6947 1
-313.979 43.6931 0
-268.359 56.8198 0
-249.793 79.8794 0
-221.905 70.5137 1
-161.999 83.2745 1
-189.439 143.062 0
-237.151 178.673 0
-239.077 183.343 0
-185.379 165.429 1
-148.258 206.034 1
-116.086 214.105 0
-93.4498 176.134 0
-49.4654 212.777 0
138.597 366.123 0
1115.81 277.763 0
1080.61 273.133 0
1074.1 292.961 0
1059.62 284.486 0
1068.36 352.807 0
1102.07 470.675 0
1611.49 462.171 0
1669.46 464.478 0
1721.38 349.265 0
1749.77 276.372 0
1757.23 206.156 0
1759.56 272.996 0
1747.4 252.575 0
1845.4 288.179 0
2281.51 313.85 0
2261.31 338.986 0
2250.52 293.933 0
2237.4 324.283 0
2231.52 493.395 0
2133.54 833.348 0
2100.38 893.77 1
2195.63 930.76 1
