14.4578 -43.2272 0
78.7748 -45.6888 0
16.3922 -98.7375 0
9.43312 -113.533 0
14.305 -107.316 0
62.125 -26.5602 0
72.4025 -3.41112 0
89.4831 -2.13473 0
98.0436 44.3875 0
152.818 132.895 0
127.008 175.181 1
14.4837 163.161 1
20.4172 22.1175 0
42.2777 8.8624 0
59.505 -8.02283 0
47.6046 77.116 1
114.564 31.1669 1
50.0894 -15.5094 0
-19.1771 -44.8756 0
-32.1768 -90.9835 0
-71.4024 -145.901 0
-80.1391 -133.282 0
-103.483 -142.352 0
-112.365 -126.206 0
-107.339 -118.483 0
-164.948 -57.6086 0
-177.136 -63.1416 0
-161.436 -40.0996 1
-364.295 37.4946 1
-35.2921 -190.839 0
-54.0311 -248.935 0
-28.5848 -296.804 0
29.4124 -348.889 0
112.489 -282.266 0
137.236 -216.194 0
138.873 -224.219 0
140.959 -193.459 1
2863.87 212.629 1
2875.45 242.283 0
2876.85 217.876 0
2884.65 197.299 0
2824.13 177.907 0
2587.36 39.586 0
2999.9 -131.235 0
3012.46 -7.80572 0
2988.45 14.7943 1
3029.29 68.4475 1
3300.36 -233.399 0
3300.26 -199.233 0
3152.39 -171.458 0
3209.32 -146.651 0
3341.68 -125.987 0
3301.71 -64.2946 0
3243.71 -34.6814 0
3344.38 -10.2722 0
3398.01 -59.1938 0
3467.24 -130.194 0
3474.14 -110.633 0
3518.22 -140.774 0
3518.24 -148.954 0
3450.43 -116.737 0
3579.03 -160.867 0
3560.74 -104.506 0
3434.03 -127.415 0
3374.28 -55.4157 0
3424.31 -25.6114 0
3433.42 -5.7317 0
3471.13 -13.4476 0
3503.72 8.69556 1
4336.2 33.8975 1
4232.06 -222.763 0
3893.2 -469.084 0
3826.86 -456.177 0
3857.52 -462.383 0
3825.4 -210.327 0
3860.96 -157.358 0
3817.45 -105.825 0
3780.09 -54.983 1
-21304.5 2126.06 1
-20801.1 2376.97 0
-29145.4 5050.71 1
-29150.8 5077.51 0
-29001 4990.96 1
-29015.8 4948.77 0
-29042.1 4955.38 0
-28941.8 4958.54 0
-28913.6 4967.79 0
-28940.1 4985.43 0
-28930.1 4951.33 1
-28361.7 4563.05 1
-28377.5 4559.51 0
