-5.86803 57.0632 0
-22.639 91.4173 0
-39.7452 134.392 0
-90.2537 45.8654 0
-49.5341 95.5205 0
-94.8537 161.275 0
-148.291 211.359 0
-168.893 235.882 0
-167.608 248.073 0
-109.931 252.23 1
-121.482 198.149 1
-117.619 209.314 0
-161.855 211.64 0
-145.124 241.88 0
-116.241 299.731 0
-55.3974 327.725 0
-61.6852 307.35 0
-108.641 303.564 0
-130.792 255.302 1
99.8434 371.815 1
154.819 376.956 0
200.628 349.954 0
225.419 309.068 0
273.318 268.199 1
294.364 268.578 1
265.81 322.034 0
333.934 247.839 0
391.506 81.6595 0
345.237 111.149 0
273.18 105.877 0
285.408 77.8997 1
309.361 115.368 1
318.295 173.887 0
293.56 182.122 0
298.038 163.061 0
278.016 206.72 1
325.299 -53.7799 1
350.349 -31.1901 0
414.084 16.6757 0
419.466 97.3115 0
456.316 146.103 0
514.944 217.897 1
2800.28 1037.29 1
2751.71 994.399 0
2730.05 994.191 0
2712.03 985.639 0
2730.82 1027.05 0
2696.64 1005.41 0
2765.3 938.769 0
2825.17 907.354 1
3144.77 487.405 1
3101.43 431.404 0
3043.3 367.905 0
3039.89 380.975 0
3086.15 404.015 0
3042.37 506.875 0
3076.79 544.599 0
3032.87 624.659 0
3024.38 702.664 0
2976.04 761.547 0
2972.83 849.853 0
2978.93 926.959 0
3001.22 1017.29 0
2990.06 1157.03 0
3012.24 1199.82 1
3116.23 789.215 1
3132.35 805.679 0
3176.53 822.026 0
3792.78 319.941 0
3617.18 161.585 0
3577.7 60.4807 0
3566.85 -54.6591 0
3563.24 -112.34 0
3549.87 -178.273 0
3685.79 -227.784 0
3488.55 -198.581 0
3505.6 -180.556 0
3433.8 -206.608 0
3224.68 -243.767 0
3168.24 -186.819 0
3180.65 -121.183 0
3205.86 -60.8707 0
3230.02 129.421 0
3171.34 323.95 0
3140.51 337.358 0
2667.33 223.756 0
2685.92 278.514 0
2800.4 247.485 0
2815.43 225.086 1
-11134.7 -169.826 1
-11159.2 -224.076 0
-11164.6 -212.281 0
-9681.18 -981.49 0
-9678.42 -1027.15 0
-9636.44 -1072.3 0
-9550.48 -1076.91 0
-9490.6 -1098.09 0
