-68.811 83.0771 0
-55.2413 115.949 0
-64.1181 121.403 0
2.84686 157.439 0
30.3907 175.265 0
341.753 -47.7621 0
291.742 -19.8347 0
271.081 51.3939 0
226.903 156.293 0
247.787 198.553 0
223.013 205.534 0
227.058 225.59 0
279.895 297.162 0
253.974 274.895 0
243.59 268.772 0
193.248 273.353 0
92.2682 434.821 0
112.721 459.502 0
161.564 473.027 0
-313.327 1092.06 0
-128.04 866.275 1
-111.835 876.516 0
-111.958 853.69 0
-67.2376 783.797 0
107.648 697.624 0
199.572 681.504 0
195.937 716.525 0
294.457 850.484 0
208.752 780.623 0
216.927 785.195 0
253.797 785.557 0
-4.10114 661.108 0
-34.1939 680.575 0
-35.2859 641.01 0
-5.13968 632.861 0
11.8052 506.182 0
-21.518 608.864 0
95.9803 600.269 0
293.281 453.902 0
465.587 176.067 0
460.169 234.364 0
458.369 232.626 0
453.653 254.238 0
404.635 254.576 0
411.725 260.922 0
434.447 412.963 0
434.059 448.263 0
393.361 498.654 0
307.254 544.178 0
229.983 626.018 0
198.633 664.263 0
242.164 635.893 0
260.246 568.375 0
185.075 456.604 0
182.594 421.603 0
153.99 429.566 0
183.702 478.476 0
194.462 513.078 0
147.478 569.669 0
152.859 649.587 0
218.476 559.942 0
166.024 524.931 0
159.033 518.305 0
168.245 562.637 0
155.724 543.633 0
167.813 508.908 0
112.16 598.152 0
141.302 634.524 0
157.668 672.379 0
251.87 657.968 0
95.9971 703.058 0
142.129 677.082 0
189.089 591.162 0
194.648 641.232 0
181.1 696.914 0
243.752 716.769 0
241.095 681.979 0
189.707 737.068 1
268.3 608.562 0
316.041 585.763 1
318.663 572.764 0
272.371 595.064 0
241.907 645.827 0
252.835 574.441 0
226.972 539.332 0
242.451 503.584 0
113.879 545.574 0
23.2268 603.387 0
12.9658 571.007 0
-112.387 581.252 0
-47.7848 992.902 0
-133.205 1027.49 0
-29.9897 1024.32 0
-77.1712 1045.93 0
-72.6506 982.903 0
32.0042 457.974 0
113.552 499.562 0
853.187 1004.54 0
840.859 1069.47 0
754.736 1211.54 0
770.556 1214.88 0
794.351 1224.7 0
786.671 1211.62 0
765.068 1230.24 0
810.279 1253.81 0
797.461 1293.77 0
761.823 1303.89 0
757.518 1352.55 0
819.9 1358.41 0
520.405 1417.82 0
464.258 1447.35 0
-120.583 1839.18 0
-17.8247 1654.29 0
-123.768 1799.14 0
-180.458 1855.58 0
-160.324 1923.44 0
-352.196 1890.65 0
-279.103 1961.58 0
-280.154 1847.75 0
-7.61884 2314.89 0
15.2026 2334.24 0
62.957 2350.14 0
89.8389 2332.95 0
118.914 2396.88 1
929.857 2385.88 1
978.963 2332.22 0
1046.04 2320.58 0
1118.74 2282.46 0
