20.8487 58.3523 0
43.3246 101.878 0
-7.22462 111.506 0
28.4357 120.726 0
20.0514 144.383 0
-53.4656 244.509 0
-92.6277 264.567 0
-69.225 314.312 1
-50.8692 301.302 1
85.8028 212.894 0
88.657 87.4348 0
163.245 120.371 0
696.143 191.863 0
637.116 182.772 0
607.386 148.265 0
555.559 26.0357 0
550.955 -4.23402 0
570.881 -71.1506 1
564.868 -4.80509 1
567.138 51.0859 0
562.626 65.5322 0
467.517 104.07 0
375.956 106.001 0
288.552 169.984 0
342.407 183.386 1
983.094 182.402 1
2263.72 16.875 0
2088.94 -31.4055 0
2490.05 -433.071 0
2439.39 -409.896 0
2405.61 -376.9 0
2285.45 -290.657 0
2216.1 -231.451 0
2183.21 -187.156 0
2242.58 -182.16 0
2271.24 -121.213 0
2244.61 -31.9922 0
2255.67 50.9135 0
2296.1 134.078 0
2302.3 166.432 0
2308.01 159.091 1
2382.47 107.438 1
2398.4 129.128 0
2454.72 77.7103 0
2445.57 40.3445 0
2768.58 -74.1074 0
2808.61 -84.6986 0
2782.42 17.6079 0
2810.41 82.5659 1
3213.48 -89.8957 1
3136.21 -137.714 0
2942.39 94.0164 0
2627.7 283.939 0
2684.7 157.256 0
2933.6 371.032 0
2961.41 326.545 0
2943.51 424.655 1
3075.19 230.127 1
3705.48 -64.6359 0
3652.29 -102.586 0
3555.99 -163.124 0
3585.59 -173.26 0
3566.84 -174.08 0
3646.22 -239.623 0
3697.2 -267.075 0
3721.05 -243.547 0
3774.59 -232.173 0
3786.14 -233.373 0
4520.58 -359.093 0
4438.63 -271.621 0
4596.03 -257.018 0
