-7.32152 16.3279 0
56.445 12.2137 0
38.409 -30.5659 0
39.21 -112.857 1
42.4427 -161.964 1
18.1915 -203.71 0
193.384 -444.849 0
193.069 -97.5586 0
1727.11 -631.832 0
1739.38 -773.97 0
1711.26 -750.705 0
1713.84 -726.627 0
1873.05 -692.444 0
1847.97 -587.371 0
1884.31 -607.18 0
1884.3 -611.351 0
1859.89 -598.997 0
1872.28 -640.719 0
2185.25 -790.677 0
2563.47 -848.202 0
2532.52 -806.681 0
2491.8 -790.931 0
2474.5 -742.169 0
2422.69 -710.139 0
2270 -685.027 1
200.209 -793.191 1
248.589 -647.299 0
260.509 -732.149 0
291.502 -753.07 0
271.514 -813.076 0
308.037 -821.591 1
138.302 -924.197 1
151.216 -809.226 0
233.514 -711.556 0
215.929 -677.256 0
245.418 -663.232 0
255.422 -643.964 0
194.364 -630.789 0
167.482 -579.098 1
213.14 -777.35 1
128.638 -714.317 0
85.924 -696.475 0
-134.88 -491.751 0
-165.438 -422.493 0
-135.204 -364.294 1
-60.7999 -391.976 1
11.7904 -493.63 0
1021.64 -640.189 1
1139.8 -732.47 0
1135.99 -758.631 0
1193.81 -726.543 0
1197.95 -676.187 0
927.067 -220.447 0
928.144 -199.924 1
19997.1 -8262.04 1
