1.91859 7.88651 0
-43.0406 -11.9954 0
873.256 168.346 0
825.992 90.0278 0
834.484 82.0352 0
872.574 386.556 0
817.012 451.728 0
793.822 490.643 0
766.213 502.828 0
771.176 488.101 0
771.33 405.155 0
933.258 94.6961 1
893.946 105.25 0
893.642 158.934 0
773.397 94.7617 0
567.95 150.284 0
656.477 194.724 0
651.116 184.726 0
-101.343 -1162.94 0
-65.3446 -1203.93 0
-21.8253 -1544.59 0
-31.3639 -1524.4 0
-53.239 -1506.78 0
5.05649 -1452.62 0
-120.769 -1021.07 1
-355.024 -703.24 1
-448.095 -667.101 1
505.401 -526.024 1
630.376 -603.765 0
669.417 -343.431 0
744.347 -492.984 1
157.241 -473.795 1
212.376 -397.18 0
187.518 -380.178 1
261.821 -316.317 1
479.687 -354.11 0
497.522 -316.695 0
522.619 -363.208 0
465.966 -366.042 0
148.079 -595.817 0
147.612 -619.623 0
239.448 -634.941 0
1800.39 -444.627 0
